epoch,seconds,min,max,mean,median,percentNodesUsed
0,0.38,-140.76,-128.55,-133.04,-131.62,16.67
1,0.36,-142.37,-130.17,-136.05,-135.72,16.67
2,0.36,-145.24,-125.58,-135.75,-135.36,15.06
3,0.33,-141.07,-127.24,-135.67,-137.28,15.06
4,0.34,-149.78,-129.57,-139.45,-139.06,15.06
5,0.40,-574.69,-133.14,-197.44,-134.25,15.06
6,0.35,-141.54,-128.27,-135.06,-134.68,12.18
7,0.30,-142.03,-132.69,-137.63,-137.64,12.18
8,0.30,-145.96,-127.05,-135.77,-138.20,12.18
9,0.30,-140.70,-131.25,-135.73,-135.38,11.54
10,0.56,-800.64,-130.43,-229.80,-133.94,11.54
11,0.31,-138.53,-129.32,-133.80,-134.60,10.26
12,0.33,-546.72,-131.52,-195.24,-137.11,8.65
13,0.25,-138.66,-131.98,-136.12,-137.01,8.65
14,0.30,-610.50,-125.14,-198.73,-131.21,8.33
15,0.29,-141.68,-130.25,-134.89,-134.48,8.33
16,0.53,-892.62,-128.07,-240.56,-132.69,8.33
17,0.65,-871.35,-128.68,-238.90,-133.39,8.33
18,0.25,-145.78,-126.98,-135.91,-135.76,8.33
19,0.24,-141.93,-125.54,-134.08,-134.72,8.33
20,0.31,-145.71,-130.01,-135.57,-134.30,8.33
21,0.27,-147.80,-127.99,-140.14,-141.51,8.65
22,0.25,-142.35,-130.61,-135.11,-133.86,8.65
23,0.24,-137.61,-128.61,-134.28,-134.70,8.65
24,0.31,-558.57,-128.46,-191.63,-130.40,8.33
25,0.69,-865.44,-130.25,-298.40,-131.08,8.33
26,0.26,-143.26,-129.12,-134.93,-135.90,8.33
27,0.66,-824.75,-127.38,-319.08,-136.29,8.33
28,0.26,-145.34,-125.66,-135.11,-133.27,8.01
29,0.23,-138.64,-128.62,-132.39,-131.79,8.65
30,0.25,-139.07,-133.66,-136.59,-138.08,8.01
31,0.24,-141.82,-122.34,-132.39,-134.86,8.01
32,0.24,-142.19,-128.15,-133.55,-133.74,8.65
33,0.31,-544.46,-133.40,-196.89,-140.01,14.10
34,0.33,-140.17,-129.19,-134.50,-134.83,15.38
35,0.33,-145.28,-124.03,-136.35,-137.42,15.06
36,0.34,-142.40,-129.28,-134.97,-133.23,15.06
37,0.34,-140.67,-131.73,-135.27,-134.82,15.06
38,0.35,-146.74,-130.14,-135.23,-133.81,15.06
39,0.33,-147.92,-130.04,-135.91,-133.66,15.06
40,0.34,-142.53,-130.51,-136.37,-137.67,15.06
41,0.33,-142.93,-130.33,-137.38,-137.39,15.38
42,0.33,-137.89,-127.56,-133.33,-133.23,15.38
43,0.33,-138.17,-126.97,-132.46,-133.35,14.10
44,0.32,-140.17,-126.16,-133.73,-136.25,14.10
45,0.34,-141.85,-132.30,-135.76,-134.17,14.10
46,0.35,-139.31,-125.21,-132.45,-133.49,17.63
47,0.35,-140.70,-126.62,-133.15,-132.51,17.63
48,0.37,-141.31,-128.30,-134.35,-134.35,17.63
49,0.36,-138.96,-131.51,-135.10,-135.45,17.31
50,0.36,-142.48,-131.93,-137.56,-136.79,17.31
51,0.36,-135.56,-122.99,-133.13,-134.62,17.31
52,0.39,-142.91,-129.87,-135.87,-136.35,17.63
53,0.36,-140.35,-128.35,-132.85,-131.90,17.63
54,0.38,-140.45,-127.49,-132.44,-131.87,17.63
55,0.39,-139.94,-122.22,-132.34,-133.88,17.31
56,0.37,-141.37,-131.38,-136.35,-135.58,17.31
57,0.39,-144.72,-128.51,-134.99,-132.01,17.31
58,0.36,-142.18,-132.76,-136.61,-135.50,17.31
59,0.36,-145.45,-132.37,-137.82,-135.79,16.35
60,0.34,-141.71,-126.92,-133.38,-132.83,16.35
61,0.37,-140.89,-124.99,-132.82,-132.50,21.15
62,0.40,-139.60,-130.36,-135.72,-137.36,21.15
63,0.39,-149.38,-129.69,-138.67,-137.42,16.03
64,0.34,-143.47,-130.87,-138.73,-140.62,16.03
65,0.33,-138.01,-127.01,-133.45,-133.36,15.71
66,0.44,-198.37,-132.97,-146.59,-137.46,15.71
67,0.43,-148.07,-126.64,-135.72,-136.43,15.71
68,0.41,-137.48,-119.64,-132.33,-135.24,16.03
69,0.41,-137.39,-129.38,-132.70,-130.99,16.03
70,0.78,-862.98,-131.36,-238.10,-134.38,16.03
71,0.74,-824.25,-127.03,-232.33,-134.55,16.03
72,0.39,-142.92,-127.06,-133.48,-133.53,19.23
73,0.38,-140.27,-125.58,-132.91,-133.29,19.23
74,0.36,-140.91,-127.76,-134.88,-133.65,19.23
75,0.37,-140.34,-127.33,-134.70,-137.17,19.23
76,0.37,-137.57,-127.61,-131.81,-131.43,19.23
77,0.37,-142.42,-131.67,-134.77,-133.90,19.23
78,0.37,-147.04,-131.53,-137.72,-137.75,19.23
79,0.37,-143.50,-134.96,-138.70,-137.78,19.23
80,0.37,-141.84,-127.99,-134.16,-135.01,19.23
81,0.36,-137.26,-122.84,-133.12,-134.72,19.23
82,0.37,-141.69,-128.49,-132.22,-130.64,19.23
83,0.37,-140.63,-130.54,-135.08,-134.55,19.23
84,0.86,-914.21,-127.62,-246.01,-135.54,19.23
85,0.37,-142.66,-123.61,-133.28,-133.14,19.23
86,0.38,-140.02,-124.72,-132.63,-132.72,19.23
87,0.36,-136.42,-133.96,-135.46,-135.82,19.23
88,0.37,-141.90,-128.89,-134.11,-133.63,19.23
89,0.36,-138.33,-127.68,-133.00,-132.96,15.71
90,0.32,-143.01,-123.13,-134.48,-133.69,15.71
91,0.31,-138.71,-128.99,-134.86,-136.75,16.03
92,0.33,-147.08,-124.47,-133.57,-133.58,16.03
93,0.32,-136.35,-119.64,-130.93,-131.73,16.03
94,0.33,-140.04,-128.12,-133.93,-134.37,16.03
95,0.35,-137.12,-124.72,-131.55,-130.79,16.03
96,0.33,-138.93,-127.28,-134.29,-134.19,16.03
97,0.32,-140.05,-126.08,-132.56,-131.59,16.03
98,0.32,-141.73,-122.51,-135.53,-136.67,16.03
99,0.35,-558.73,-130.54,-196.00,-136.15,16.03
100,0.32,-142.76,-127.31,-133.60,-133.25,16.67
101,0.34,-142.88,-127.93,-135.43,-135.99,16.35
102,0.76,-855.96,-128.72,-235.45,-131.69,16.35
103,0.37,-559.95,-132.17,-197.47,-138.89,16.35
104,0.34,-137.63,-120.84,-132.26,-133.76,16.35
105,0.34,-149.14,-133.05,-140.40,-138.07,16.35
106,0.33,-141.04,-124.16,-135.41,-138.14,16.35
107,0.33,-146.19,-131.48,-136.70,-135.25,16.35
108,0.34,-135.54,-128.85,-131.59,-131.51,16.35
109,0.33,-140.45,-128.93,-137.07,-139.46,16.35
110,0.35,-139.05,-129.61,-135.13,-135.58,16.35
111,0.38,-573.31,-127.49,-196.06,-134.33,16.35
112,0.36,-141.52,-130.37,-136.14,-136.34,16.35
113,0.34,-142.61,-127.15,-134.48,-132.55,15.71
114,0.53,-720.00,-129.99,-219.32,-136.37,15.71
115,0.32,-141.03,-133.19,-137.75,-139.00,13.46
116,0.31,-138.62,-129.45,-133.35,-131.74,13.46
117,0.30,-138.51,-125.13,-131.67,-131.11,13.46
118,0.34,-550.14,-132.20,-194.12,-134.43,17.63
119,0.73,-880.62,-126.02,-303.17,-136.31,17.63
120,0.34,-145.33,-134.40,-138.62,-137.38,17.63
121,0.35,-140.30,-126.12,-135.66,-137.45,16.35
122,0.36,-148.55,-124.21,-135.52,-136.66,16.35
123,0.33,-144.27,-124.23,-135.47,-132.11,16.35
124,0.33,-144.65,-127.42,-136.37,-136.12,16.35
125,0.36,-597.56,-126.05,-200.94,-135.59,16.35
126,0.34,-140.04,-131.90,-136.10,-136.16,16.03
127,0.39,-591.95,-127.08,-198.55,-135.51,16.03
128,0.34,-143.00,-126.45,-136.86,-137.84,16.03
129,0.33,-140.78,-130.73,-136.29,-137.12,16.03
130,0.33,-141.58,-125.26,-131.34,-129.74,16.03
131,0.34,-139.11,-123.78,-131.27,-132.79,16.03
132,0.33,-138.16,-128.22,-135.09,-136.54,16.03
133,0.34,-141.18,-129.46,-137.79,-139.09,16.03
134,0.36,-580.61,-127.85,-198.66,-135.70,16.03
135,0.33,-145.71,-125.19,-133.13,-132.56,15.71
136,0.35,-566.27,-126.48,-195.37,-133.89,15.71
137,0.34,-141.97,-130.54,-135.81,-134.23,16.03
138,0.37,-601.18,-129.00,-202.71,-135.77,16.03
139,0.38,-610.74,-125.40,-201.05,-134.31,16.03
140,0.32,-140.17,-125.94,-135.02,-135.51,16.03
141,0.36,-581.05,-130.38,-241.73,-135.30,16.03
142,0.33,-138.69,-129.68,-134.53,-134.78,16.03
143,0.33,-140.98,-127.80,-133.92,-130.79,16.03
144,0.33,-144.83,-129.76,-135.02,-134.12,16.03
145,0.32,-138.81,-124.01,-132.51,-132.85,16.03
146,0.33,-143.31,-126.32,-134.55,-133.51,15.71
147,0.32,-137.34,-128.72,-134.08,-135.20,15.71
148,0.32,-143.25,-125.29,-132.95,-131.90,15.71
149,0.32,-151.02,-125.14,-137.04,-137.34,15.38
150,0.36,-570.78,-131.25,-197.97,-137.46,15.06
151,0.31,-145.34,-129.48,-134.57,-134.07,17.31
152,0.34,-144.59,-131.63,-137.45,-137.93,16.67
153,0.34,-144.89,-127.81,-133.88,-132.23,16.67
154,0.33,-140.07,-129.40,-135.79,-135.96,16.67
155,0.83,-829.45,-131.00,-233.45,-133.70,11.86
156,0.28,-144.88,-123.60,-134.74,-136.13,11.86
157,0.32,-571.34,-125.86,-196.57,-136.91,12.50
158,0.29,-139.12,-121.12,-131.20,-131.87,12.50
159,0.30,-142.04,-131.62,-135.73,-134.36,12.50
160,0.30,-139.56,-129.20,-134.72,-134.93,12.50
161,0.31,-143.41,-125.97,-134.99,-135.01,12.50
162,0.29,-146.21,-127.11,-136.45,-133.77,12.50
163,0.28,-138.99,-121.75,-133.27,-134.45,11.54
164,0.33,-558.51,-133.02,-196.92,-137.88,11.54
165,0.27,-140.39,-130.50,-133.87,-131.84,11.54
166,0.27,-138.90,-129.05,-133.26,-132.29,11.54
167,0.27,-137.56,-129.92,-133.42,-132.47,11.54
168,0.27,-143.52,-132.86,-135.32,-134.01,11.54
169,0.27,-376.16,-129.87,-169.07,-134.99,11.54
170,0.27,-141.65,-127.16,-133.01,-133.24,10.58
171,0.25,-142.03,-125.00,-134.89,-137.01,10.90
172,0.31,-557.15,-125.35,-191.38,-132.14,10.90
173,0.27,-145.89,-127.98,-136.44,-135.15,10.90
174,0.30,-566.75,-124.21,-195.72,-135.43,10.90
175,0.27,-140.47,-132.55,-135.15,-134.72,11.22
176,0.26,-139.06,-131.54,-135.73,-135.67,11.22
177,0.70,-803.18,-131.50,-295.29,-144.32,11.22
178,0.28,-133.84,-125.56,-130.59,-131.64,11.22
179,0.27,-142.91,-132.59,-138.07,-139.33,11.22
180,0.26,-137.60,-134.04,-135.89,-136.14,11.22
181,0.31,-561.02,-126.70,-252.46,-137.52,11.22
182,0.27,-144.95,-131.41,-135.52,-134.50,11.22
183,0.30,-601.11,-125.56,-200.68,-137.06,11.22
184,0.26,-142.81,-125.09,-134.07,-134.20,11.22
185,0.26,-136.34,-128.79,-132.12,-131.27,10.58
186,0.26,-142.62,-133.41,-138.82,-139.75,12.82
187,0.96,-979.23,-131.77,-258.50,-139.73,12.82
188,0.34,-585.18,-123.41,-199.05,-136.76,13.46
189,0.29,-575.20,-124.30,-197.48,-136.60,13.46
190,0.27,-142.68,-130.61,-135.99,-135.00,13.46
191,0.29,-144.90,-129.70,-135.11,-133.00,13.46
192,0.29,-146.98,-129.17,-135.43,-133.63,10.58
193,0.24,-141.79,-128.96,-135.85,-135.68,10.26
194,0.25,-138.42,-129.29,-133.68,-132.63,9.29
195,0.23,-139.31,-124.37,-132.94,-134.27,9.29
196,0.23,-142.53,-127.36,-134.58,-135.60,8.01
197,0.32,-165.54,-128.08,-135.34,-131.83,8.33
198,0.23,-138.66,-126.79,-131.95,-132.03,8.33
199,0.22,-141.88,-134.66,-138.61,-139.20,8.33
200,0.60,-717.31,-126.47,-224.29,-134.03,8.33
201,0.24,-141.22,-128.30,-134.44,-133.27,9.62
202,0.26,-139.65,-126.27,-131.58,-132.24,6.73
203,0.28,-143.14,-117.64,-127.59,-124.78,6.73
204,0.31,-581.23,-120.14,-192.11,-129.05,6.73
205,0.32,-640.04,-118.77,-200.62,-129.47,8.01
206,0.33,-123.26,-120.43,-122.03,-121.72,8.33
207,0.33,-127.17,-113.24,-120.80,-121.44,6.73
208,0.29,-386.71,-113.99,-154.36,-115.85,6.73
209,0.71,-1017.38,-113.85,-313.80,-118.21,7.69
210,0.42,-653.66,-114.86,-262.23,-117.45,7.69
211,0.32,-637.52,-113.26,-190.33,-116.21,7.69
212,0.30,-129.29,-112.95,-116.52,-114.63,7.69
213,0.50,-869.55,-114.13,-223.45,-116.54,7.69
214,0.30,-569.26,-112.38,-178.85,-114.16,8.01
215,0.31,-631.97,-111.27,-189.36,-116.34,7.05
216,0.33,-587.44,-111.56,-183.24,-116.91,7.37
217,0.30,-542.65,-111.79,-177.36,-116.83,7.69
218,0.30,-120.64,-114.31,-115.93,-114.94,7.69
219,0.29,-133.50,-114.32,-118.55,-115.86,7.69
220,0.52,-851.75,-113.56,-293.03,-115.77,8.01
221,0.32,-118.37,-112.28,-115.00,-114.48,8.01
222,0.30,-131.92,-112.16,-120.74,-117.52,7.69
223,0.55,-933.80,-114.11,-233.10,-116.48,7.37
224,0.63,-975.18,-112.86,-237.94,-115.16,7.37
225,0.30,-604.02,-111.08,-184.97,-116.41,7.37
226,0.31,-129.90,-114.95,-119.30,-117.56,7.37
227,0.37,-523.07,-113.62,-175.18,-118.67,7.37
228,0.30,-118.78,-112.44,-115.69,-115.46,7.05
229,0.50,-844.52,-115.98,-286.74,-118.34,7.05
230,0.30,-565.98,-111.67,-179.19,-114.37,7.05
231,0.64,-1054.24,-113.10,-370.64,-116.30,7.05
232,0.30,-603.99,-114.21,-312.16,-117.62,7.69
233,0.30,-117.69,-112.35,-115.77,-116.17,7.69
234,0.54,-755.94,-113.98,-207.19,-115.73,7.69
235,0.31,-126.85,-111.60,-117.92,-116.28,7.69
236,0.82,-1212.59,-113.19,-272.93,-117.21,6.73
237,0.31,-623.22,-115.31,-188.72,-115.74,6.73
238,0.32,-604.77,-112.12,-187.33,-116.05,7.37
239,0.31,-576.85,-112.76,-181.64,-116.98,7.37
240,0.33,-612.87,-114.32,-257.44,-117.04,7.37
241,0.76,-1165.10,-114.43,-395.35,-134.93,7.37
242,0.31,-553.20,-112.18,-182.72,-118.19,10.26
243,0.34,-604.83,-115.35,-188.15,-116.76,10.26
244,0.31,-115.17,-112.13,-114.16,-114.83,10.26
245,0.32,-118.32,-113.06,-114.99,-114.53,11.22
246,0.33,-117.54,-112.06,-115.18,-115.50,11.22
247,0.36,-118.04,-115.87,-116.84,-116.59,11.86
248,0.62,-868.79,-113.36,-362.10,-119.24,11.86
249,0.33,-594.93,-113.08,-184.05,-116.12,11.86
250,0.35,-117.44,-111.86,-115.28,-115.68,11.86
251,0.33,-123.87,-114.40,-117.10,-115.78,11.86
252,0.33,-119.87,-111.44,-115.69,-115.35,11.86
253,0.34,-120.32,-114.17,-115.92,-115.29,11.86
254,0.36,-617.34,-112.16,-197.84,-115.95,11.86
255,0.34,-119.49,-113.27,-115.87,-114.67,12.50
256,0.34,-570.46,-111.40,-179.39,-115.77,12.50
257,0.35,-119.73,-115.97,-117.04,-116.65,12.50
258,0.35,-131.25,-113.85,-118.20,-117.40,12.50
259,0.34,-116.80,-113.02,-114.60,-114.57,12.50
260,0.35,-117.23,-113.46,-115.80,-116.42,12.50
261,0.34,-118.90,-111.70,-114.38,-114.49,12.50
262,0.34,-115.61,-111.91,-113.97,-114.40,12.50
263,0.35,-118.54,-112.16,-115.59,-115.89,12.50
264,0.37,-118.89,-111.95,-116.28,-116.81,12.82
265,0.36,-118.34,-114.04,-115.95,-116.06,8.97
266,0.31,-595.74,-112.04,-183.45,-114.22,8.97
267,0.35,-606.57,-113.95,-186.55,-117.83,9.29
268,0.33,-119.96,-112.92,-116.05,-116.28,9.29
269,0.31,-132.03,-111.51,-117.27,-115.85,9.29
270,0.54,-874.16,-111.90,-355.04,-132.33,9.29
271,0.30,-120.95,-114.26,-116.06,-115.65,9.29
272,0.77,-1122.29,-110.82,-287.04,-115.82,9.29
273,0.32,-116.73,-113.92,-115.37,-115.68,10.90
274,0.59,-796.52,-112.99,-212.49,-115.59,9.62
275,0.32,-120.91,-111.32,-116.29,-116.08,11.86
276,0.34,-116.92,-111.84,-114.76,-114.92,11.86
277,0.33,-546.37,-111.08,-177.23,-117.28,11.22
278,0.32,-604.48,-112.35,-185.81,-116.71,11.22
279,0.82,-1147.32,-113.21,-262.49,-115.64,11.22
280,0.32,-116.82,-112.38,-114.99,-114.80,10.26
281,0.55,-868.42,-113.59,-223.32,-116.50,10.26
282,0.33,-116.64,-113.48,-115.30,-116.15,10.26
283,0.32,-119.29,-112.99,-116.31,-116.45,10.26
284,0.33,-120.79,-111.59,-115.17,-115.60,10.26
285,0.32,-118.11,-114.38,-115.97,-115.69,10.90
286,0.33,-171.55,-112.75,-123.83,-116.23,10.90
287,0.34,-342.70,-113.62,-148.14,-116.04,10.90
288,0.33,-118.20,-112.33,-115.99,-116.46,10.90
289,0.32,-130.23,-112.45,-118.59,-117.47,10.90
290,0.33,-116.92,-112.36,-114.31,-113.58,10.90
291,0.31,-326.32,-114.02,-145.11,-114.44,10.90
292,0.59,-837.12,-114.98,-227.59,-117.12,10.90
293,0.34,-180.59,-110.24,-124.52,-116.26,10.90
294,0.33,-116.79,-111.10,-114.51,-114.49,11.22
295,0.32,-134.76,-113.25,-122.38,-119.29,11.22
296,0.31,-137.28,-113.12,-118.53,-115.55,11.22
297,0.33,-590.91,-113.46,-249.67,-117.06,11.22
298,0.72,-1004.82,-110.96,-241.75,-116.02,11.22
299,0.33,-117.05,-113.01,-114.46,-113.96,11.22
300,0.34,-117.09,-112.40,-115.23,-115.40,11.22
301,0.33,-118.28,-112.33,-115.09,-115.01,11.22
302,0.36,-153.34,-112.99,-120.78,-115.66,11.22
303,0.32,-117.47,-114.23,-116.04,-115.93,11.22
304,0.34,-118.63,-111.45,-115.36,-116.08,11.22
305,0.32,-117.58,-114.27,-115.51,-115.11,11.22
306,0.34,-116.75,-109.81,-113.57,-113.87,11.22
307,0.34,-296.71,-111.72,-141.12,-115.87,10.58
308,0.78,-1167.90,-114.14,-269.45,-117.82,10.58
309,0.67,-835.32,-113.89,-220.86,-116.70,10.58
310,0.34,-539.58,-114.72,-201.92,-116.03,11.54
311,0.34,-118.26,-112.73,-116.60,-117.77,10.58
312,0.33,-624.22,-113.92,-188.64,-116.54,8.97
313,0.30,-118.33,-113.76,-115.64,-115.39,8.97
314,0.53,-861.36,-108.87,-289.87,-113.68,8.97
315,0.31,-574.26,-112.93,-180.09,-114.84,8.97
316,0.31,-136.97,-113.52,-121.45,-114.79,8.97
317,0.30,-546.03,-110.88,-176.24,-115.09,6.41
318,0.49,-644.41,-111.74,-194.04,-117.07,6.41
319,0.28,-117.08,-113.19,-114.87,-115.12,6.41
320,0.29,-121.63,-109.43,-115.29,-114.95,6.41
321,0.28,-126.21,-111.07,-116.18,-114.76,6.41
322,0.49,-862.57,-112.90,-221.67,-113.37,6.41
323,0.64,-1006.90,-111.51,-242.28,-113.45,6.41
324,0.27,-306.52,-111.45,-144.18,-115.52,6.41
325,0.29,-188.81,-111.53,-125.19,-116.53,6.41
326,0.31,-300.22,-107.99,-144.34,-112.33,6.41
327,0.29,-611.41,-109.11,-253.17,-114.50,6.41
328,0.29,-546.82,-107.41,-173.64,-112.48,6.73
329,0.28,-127.55,-109.91,-113.58,-111.43,6.73
330,0.71,-1062.57,-111.36,-312.99,-112.91,6.73
331,0.29,-640.27,-109.74,-189.82,-112.72,6.73
332,0.28,-113.21,-108.26,-111.08,-111.32,6.73
333,0.30,-646.55,-107.12,-201.38,-116.00,6.73
334,0.30,-602.71,-108.78,-250.08,-111.82,6.73
335,0.30,-616.84,-109.77,-250.46,-111.98,6.73
336,0.28,-605.89,-108.86,-182.78,-113.07,6.73
337,0.28,-536.81,-110.62,-175.20,-113.39,6.41
338,0.29,-131.48,-110.71,-114.96,-112.35,6.41
339,0.28,-117.70,-108.78,-112.13,-111.55,6.41
340,0.28,-114.26,-108.45,-111.25,-111.39,6.41
341,0.62,-1026.63,-109.28,-313.64,-112.47,6.41
342,0.57,-1029.85,-111.03,-418.88,-121.92,6.41
343,0.63,-1212.84,-108.40,-272.10,-113.76,6.41
344,0.29,-115.57,-110.63,-112.59,-112.35,6.73
345,0.51,-907.61,-110.08,-293.03,-112.83,6.41
346,0.27,-607.21,-108.44,-181.31,-110.69,6.41
347,0.52,-860.22,-108.08,-366.95,-113.81,6.41
348,0.39,-684.44,-109.28,-274.43,-112.64,6.41
349,0.41,-683.97,-110.06,-257.22,-112.36,7.05
350,0.28,-575.39,-110.54,-178.85,-112.58,6.41
351,0.27,-127.45,-111.32,-115.17,-113.40,6.41
352,0.28,-583.32,-108.94,-179.48,-112.36,6.73
353,0.31,-153.87,-109.51,-120.84,-111.86,6.73
354,0.31,-123.85,-110.27,-113.90,-112.36,6.73
355,0.30,-113.55,-111.67,-112.55,-112.52,7.05
356,0.29,-130.67,-110.37,-115.11,-112.88,7.05
357,0.30,-551.40,-109.74,-178.15,-113.58,6.73
358,0.48,-795.74,-110.11,-278.21,-112.55,6.73
359,0.28,-112.72,-108.98,-110.86,-110.10,6.73
360,0.28,-115.26,-110.33,-113.57,-113.97,6.73
361,0.80,-1160.20,-111.29,-262.76,-113.41,6.73
362,0.74,-913.46,-111.56,-228.79,-113.28,6.73
363,0.27,-116.49,-107.81,-112.02,-112.24,6.73
364,0.27,-549.29,-111.93,-176.92,-113.74,6.73
365,0.26,-134.94,-109.38,-118.37,-115.09,6.09
366,0.27,-129.62,-110.37,-114.96,-112.83,6.09
367,0.96,-1490.41,-109.78,-377.50,-113.76,6.09
368,0.50,-903.12,-111.31,-293.65,-113.80,6.09
369,0.28,-114.74,-109.25,-112.34,-112.35,6.09
370,0.32,-146.50,-107.01,-116.45,-112.71,6.09
371,0.28,-602.53,-107.07,-316.38,-113.61,7.05
372,0.29,-116.46,-110.40,-112.56,-111.90,6.73
373,0.28,-114.70,-110.30,-112.29,-112.91,6.73
374,0.31,-143.11,-109.69,-115.62,-111.44,6.73
375,0.30,-570.86,-108.28,-224.21,-112.46,6.73
376,0.31,-114.58,-110.28,-112.18,-112.20,6.73
377,0.28,-126.45,-110.89,-115.50,-113.48,6.73
378,0.27,-127.53,-108.80,-113.74,-112.66,6.73
379,0.54,-827.51,-110.12,-216.55,-115.63,6.73
380,0.28,-114.50,-109.83,-111.90,-111.31,6.73
381,0.28,-133.94,-108.73,-116.61,-112.93,6.73
382,0.29,-114.69,-108.65,-111.61,-111.27,6.73
383,0.28,-553.75,-112.79,-178.71,-114.15,5.77
384,0.28,-585.19,-109.61,-179.48,-113.36,5.77
385,0.28,-589.26,-110.79,-183.85,-114.52,5.77
386,0.28,-114.96,-110.83,-112.12,-111.68,5.77
387,0.28,-113.81,-110.29,-112.25,-113.08,5.77
388,0.27,-133.53,-109.99,-116.83,-111.33,7.37
389,0.32,-629.16,-107.73,-184.85,-110.90,7.37
390,0.30,-113.51,-108.78,-112.03,-112.82,7.05
391,0.29,-113.63,-111.54,-112.48,-112.60,7.37
392,0.28,-113.24,-109.21,-111.23,-111.46,7.37
393,0.29,-115.28,-109.60,-111.90,-111.97,7.05
394,0.33,-151.60,-109.40,-117.93,-112.76,7.05
395,0.31,-142.13,-109.22,-119.54,-114.65,7.05
396,0.30,-157.12,-110.15,-120.38,-112.89,5.77
397,0.29,-570.33,-110.37,-240.14,-112.77,6.41
398,0.27,-136.02,-108.84,-114.77,-111.81,6.41
399,0.28,-136.43,-110.57,-115.49,-111.76,6.41
400,0.29,-552.30,-109.64,-175.14,-113.54,6.41
401,0.48,-779.32,-110.21,-282.56,-113.16,6.41
402,0.28,-115.99,-108.85,-111.30,-110.42,6.41
403,0.27,-114.71,-110.77,-112.19,-111.34,6.41
404,0.42,-783.87,-108.96,-283.83,-113.32,6.41
405,0.27,-123.24,-106.44,-112.37,-111.27,6.41
406,0.28,-573.69,-109.16,-177.65,-111.88,6.73
407,0.61,-953.52,-108.99,-234.78,-112.01,6.73
408,0.45,-688.70,-108.27,-194.13,-111.61,6.73
409,0.29,-111.95,-109.30,-110.92,-111.54,6.73
410,0.31,-553.87,-109.38,-236.51,-113.62,6.73
411,0.52,-958.80,-108.58,-298.33,-112.38,6.73
412,0.28,-126.44,-110.25,-114.16,-112.84,6.73
413,0.56,-1024.46,-108.68,-314.26,-118.66,6.73
414,0.29,-114.52,-108.76,-111.46,-111.31,6.73
415,0.29,-659.50,-110.03,-263.33,-114.87,6.73
416,0.42,-726.82,-110.48,-203.61,-113.22,6.73
417,0.28,-115.82,-107.11,-112.38,-112.92,6.73
418,0.30,-127.37,-108.67,-115.61,-112.73,6.73
419,0.57,-1093.33,-108.60,-252.57,-113.83,6.73
420,0.28,-599.03,-110.06,-248.80,-113.73,7.69
421,0.28,-144.82,-112.33,-118.33,-114.56,7.69
422,0.31,-143.77,-110.20,-117.11,-113.11,7.69
423,0.29,-114.27,-110.16,-112.18,-112.23,7.69
424,0.30,-132.26,-111.75,-116.04,-113.02,7.69
425,0.29,-586.28,-108.41,-178.52,-111.10,7.69
426,0.28,-609.74,-108.74,-182.16,-112.23,7.69
427,0.30,-126.14,-109.76,-113.58,-112.24,7.37
428,0.58,-871.64,-107.46,-219.99,-112.74,7.37
429,0.29,-112.99,-109.19,-111.51,-111.51,7.37
430,0.29,-114.84,-107.68,-111.75,-112.49,7.37
431,0.31,-124.06,-109.73,-116.65,-116.09,7.37
432,0.31,-130.97,-109.20,-115.17,-113.22,7.37
433,0.31,-600.32,-110.93,-184.50,-112.93,7.37
434,0.28,-124.86,-110.39,-114.24,-112.87,7.37
435,0.29,-605.00,-109.36,-181.89,-111.85,7.37
436,0.73,-961.64,-111.14,-293.57,-113.66,7.37
437,0.31,-125.67,-110.66,-116.21,-113.11,7.37
438,0.30,-133.21,-108.61,-113.90,-109.78,6.73
439,0.28,-115.94,-108.94,-111.29,-111.12,6.09
440,0.50,-899.53,-109.76,-290.63,-110.05,6.09
441,0.54,-852.39,-109.09,-218.32,-112.20,4.81
442,0.29,-563.11,-110.37,-182.51,-112.99,4.81
443,0.49,-778.58,-111.86,-209.78,-113.43,5.13
444,0.27,-113.04,-109.51,-111.49,-111.33,5.13
445,0.28,-123.46,-108.67,-112.23,-110.34,5.45
446,0.27,-121.94,-110.87,-113.39,-111.70,5.45
447,0.28,-582.00,-107.02,-190.26,-112.72,6.41
448,1.31,-328.08,-110.09,-142.08,-110.53,6.41
449,0.28,-579.61,-110.44,-179.19,-113.01,6.41
450,0.28,-557.91,-109.25,-180.04,-114.65,9.29
451,0.72,-1238.84,-110.62,-344.54,-115.54,9.29
452,0.33,-114.01,-110.17,-112.65,-113.07,9.62
453,0.31,-119.51,-110.45,-113.58,-113.67,9.62
454,0.31,-115.06,-109.30,-111.65,-111.35,9.62
455,0.30,-116.83,-107.56,-111.66,-111.21,9.62
456,0.32,-662.99,-107.51,-192.24,-112.74,9.62
457,0.31,-577.89,-110.26,-178.93,-113.27,9.62
458,0.31,-564.60,-108.69,-177.70,-113.23,9.62
459,0.31,-116.54,-110.53,-112.35,-111.86,9.62
460,0.65,-916.83,-108.86,-226.93,-112.63,9.62
461,0.31,-114.36,-108.36,-110.97,-110.76,9.62
462,0.31,-116.33,-111.12,-112.70,-111.77,9.62
463,0.31,-114.34,-105.83,-111.30,-112.01,9.62
464,0.30,-115.18,-109.26,-111.75,-111.67,9.62
465,0.30,-139.06,-109.49,-118.86,-111.98,9.62
466,0.58,-971.41,-107.75,-242.46,-113.14,9.62
467,0.31,-584.85,-109.31,-181.13,-114.88,9.62
468,0.34,-578.24,-109.79,-244.24,-113.74,9.62
469,0.32,-571.10,-107.12,-177.73,-113.36,9.62
470,0.32,-625.60,-110.50,-184.89,-111.57,9.62
471,0.31,-113.28,-108.94,-111.18,-111.67,9.29
472,0.32,-115.03,-109.50,-112.05,-111.92,9.29
473,0.30,-124.61,-109.42,-114.25,-113.63,9.29
474,0.30,-621.39,-107.06,-183.72,-111.72,9.29
475,0.31,-121.85,-110.86,-113.07,-111.28,9.29
476,0.31,-122.87,-109.09,-113.70,-112.91,9.29
477,0.31,-113.99,-108.19,-112.13,-112.50,8.65
478,0.34,-186.46,-108.62,-123.15,-112.44,8.65
479,0.29,-115.37,-110.92,-112.94,-112.84,7.69
480,0.57,-884.22,-111.22,-226.64,-114.86,7.69
481,0.30,-127.34,-108.10,-113.82,-112.08,7.69
482,0.29,-114.32,-110.27,-111.98,-112.07,7.69
483,0.29,-544.04,-109.95,-174.23,-112.57,7.69
484,0.29,-114.68,-110.05,-111.89,-111.70,7.69
485,0.63,-930.08,-109.33,-239.89,-112.31,7.69
486,0.31,-115.42,-108.81,-112.03,-112.10,8.33
487,0.29,-117.53,-110.80,-113.50,-113.13,8.33
488,0.28,-128.48,-108.95,-113.44,-110.19,8.33
489,0.30,-130.42,-109.42,-112.97,-110.41,8.33
490,0.30,-115.81,-108.99,-112.99,-113.22,8.65
491,0.30,-574.67,-109.30,-178.26,-112.48,9.29
492,0.31,-115.08,-109.56,-112.31,-112.65,9.29
493,0.30,-644.59,-110.12,-188.84,-113.72,8.97
494,0.68,-1206.14,-95.48,-280.38,-112.76,8.97
495,0.31,-96.29,-91.84,-94.58,-95.53,8.01
496,0.73,-935.05,-94.15,-283.98,-97.64,8.01
497,0.31,-122.21,-92.98,-99.46,-95.88,8.01
498,0.30,-604.55,-91.99,-237.39,-97.83,8.01
499,0.31,-110.40,-95.19,-98.22,-95.68,8.01
500,0.30,-173.09,-92.82,-105.69,-93.83,8.01
501,0.29,-622.87,-91.29,-170.55,-94.44,8.01
502,0.31,-598.86,-89.42,-173.51,-95.22,7.37
503,0.46,-134.09,-85.58,-99.20,-93.23,7.37
504,0.34,-633.03,-94.08,-309.92,-101.14,6.73
505,0.36,-587.90,-85.34,-162.76,-92.14,7.05
506,0.38,-605.11,-89.66,-168.26,-94.95,7.05
507,0.53,-914.16,-86.39,-292.88,-102.52,6.41
508,0.63,-994.15,-88.37,-332.89,-94.78,6.41
509,0.34,-261.49,-89.26,-116.43,-92.14,7.37
510,0.34,-97.85,-77.52,-89.37,-91.46,7.37
511,0.35,-98.69,-88.83,-93.34,-93.87,4.49
512,0.28,-122.39,-86.86,-99.56,-93.98,4.49
513,1.15,-579.49,-94.64,-298.64,-188.65,4.49
514,0.32,-580.16,-87.56,-178.55,-93.10,5.45
515,0.36,-623.62,-88.22,-175.16,-97.53,5.45
516,0.29,-133.65,-88.63,-101.98,-99.42,5.45
517,0.32,-620.22,-90.75,-256.26,-125.52,5.45
518,0.39,-596.79,-84.08,-176.31,-100.60,5.45
519,0.30,-564.31,-89.81,-165.86,-94.22,5.45
520,0.40,-633.95,-89.21,-171.19,-95.10,5.45
521,0.37,-235.57,-68.86,-113.86,-93.63,5.13
522,0.43,-113.79,-80.64,-95.41,-95.24,6.09
523,0.33,-641.37,-85.87,-172.56,-95.59,6.09
524,0.42,-392.12,-78.93,-136.72,-92.58,6.09
525,0.38,-525.11,-92.45,-168.07,-96.71,6.09
526,0.67,-1299.28,-88.78,-408.39,-98.84,4.81
527,0.30,-560.72,-89.98,-189.29,-110.26,4.81
528,0.74,-1095.08,-89.03,-290.85,-98.67,4.81
529,0.38,-654.68,-92.51,-179.31,-94.82,5.13
530,0.28,-125.63,-92.81,-106.14,-98.69,5.13
531,0.29,-150.32,-92.95,-103.82,-95.59,5.13
532,0.27,-175.79,-93.42,-108.73,-98.49,4.49
533,0.45,-785.38,-91.22,-194.43,-97.15,4.49
534,0.30,-612.44,-73.81,-233.06,-95.33,4.49
535,0.29,-593.59,-76.47,-170.35,-120.09,4.49
536,0.39,-87.26,-76.93,-81.98,-81.66,4.49
537,0.42,-751.55,-75.18,-406.04,-595.70,4.49
538,0.36,-124.20,-73.85,-86.73,-83.92,4.49
539,0.39,-641.97,-75.54,-166.22,-78.56,4.49
540,0.84,-1342.26,-75.49,-340.17,-84.63,4.49
541,0.28,-576.58,-75.55,-157.42,-81.38,4.49
542,0.36,-575.07,-78.27,-167.07,-86.70,4.49
543,0.29,-633.00,-71.64,-158.84,-79.41,4.49
544,0.29,-638.43,-75.32,-175.17,-79.77,4.49
545,0.31,-579.63,-76.63,-168.12,-80.84,4.49
546,0.68,-780.82,-76.58,-188.55,-79.62,4.49
547,0.90,-533.97,-72.24,-154.99,-79.15,4.49
548,0.33,-102.93,-77.05,-83.56,-80.12,4.49
549,0.57,-1022.34,-73.29,-405.92,-84.59,4.49
550,1.25,-514.30,-80.87,-159.36,-102.09,4.49
551,0.67,-972.61,-72.95,-279.03,-84.66,3.85
552,0.28,-119.79,-74.87,-85.27,-80.53,5.45
553,0.61,-808.64,-74.66,-318.07,-171.49,5.45
554,0.33,-124.67,-75.83,-91.93,-82.18,5.45
555,0.35,-619.18,-72.96,-231.36,-84.17,5.45
556,0.40,-149.75,-76.78,-106.06,-84.82,4.49
557,0.35,-138.50,-77.44,-95.71,-84.35,4.17
558,0.27,-577.52,-77.14,-169.82,-83.05,4.17
559,0.32,-478.07,-82.99,-159.10,-119.29,4.17
560,0.32,-588.89,-72.80,-150.70,-77.21,4.17
561,0.60,-818.30,-77.33,-267.78,-94.31,4.17
562,0.28,-187.51,-72.16,-113.89,-121.27,4.17
563,0.37,-122.00,-75.94,-86.69,-82.46,4.17
564,0.29,-622.52,-74.83,-242.94,-122.86,4.17
565,0.65,-830.78,-73.46,-374.18,-125.00,4.17
566,0.65,-1151.67,-76.96,-389.43,-121.75,4.17
567,0.27,-122.83,-71.13,-88.93,-76.58,3.53
568,0.36,-177.89,-74.27,-109.32,-82.26,3.53
569,0.91,-1362.47,-75.01,-419.69,-79.55,3.53
570,0.40,-789.78,-71.48,-325.28,-112.47,3.53
571,0.41,-817.21,-80.74,-379.91,-476.59,3.53
572,0.61,-602.85,-77.31,-225.97,-130.35,4.17
573,0.27,-133.56,-75.44,-107.04,-122.26,4.17
574,0.97,-1274.13,-72.75,-427.13,-129.30,4.17
575,0.78,-851.93,-73.80,-319.79,-135.71,3.85
576,0.27,-632.49,-76.80,-167.38,-83.10,3.85
577,0.27,-575.49,-71.62,-167.99,-119.09,3.85
578,0.75,-951.39,-79.91,-385.90,-120.16,3.85
579,0.29,-610.68,-76.81,-235.97,-83.79,3.85
580,0.30,-122.96,-74.98,-88.68,-84.93,3.85
581,0.58,-1038.42,-77.47,-399.59,-118.59,3.85
582,0.28,-568.53,-75.28,-147.86,-78.52,4.17
583,0.50,-772.93,-71.73,-245.97,-77.15,4.17
584,0.68,-924.55,-75.14,-331.35,-88.41,4.81
585,1.14,-1350.93,-78.70,-344.56,-123.57,4.81
586,0.34,-567.11,-71.48,-263.10,-82.29,5.13
587,0.30,-606.12,-75.01,-166.54,-81.36,5.13
588,0.29,-599.63,-77.62,-238.99,-118.15,5.13
589,0.30,-634.69,-74.91,-232.64,-88.38,5.13
590,0.43,-712.22,-77.30,-188.00,-91.13,5.13
591,0.62,-907.31,-75.68,-200.55,-86.20,5.45
592,0.28,-82.69,-77.24,-80.03,-79.68,5.45
593,0.27,-618.90,-78.87,-226.22,-81.93,6.41
594,0.28,-84.68,-77.61,-82.53,-83.09,6.41
595,0.34,-554.88,-79.41,-149.26,-81.70,6.41
596,3.10,-834.07,-80.76,-241.26,-84.68,6.09
597,0.75,-458.42,-78.35,-136.18,-82.88,6.09
598,0.53,-855.91,-79.43,-192.50,-81.97,6.09
599,0.58,-655.84,-76.87,-162.96,-82.10,6.09
600,0.29,-641.53,-78.86,-168.92,-83.25,6.09
601,0.29,-631.74,-79.66,-251.23,-126.36,6.09
602,0.76,-429.41,-79.49,-135.69,-83.00,6.09
603,0.33,-419.83,-79.46,-142.43,-82.56,5.77
604,0.43,-143.92,-80.16,-105.38,-112.81,6.73
605,0.29,-113.42,-78.73,-86.53,-82.07,6.73
606,0.74,-1038.09,-78.96,-218.76,-82.56,6.73
607,0.65,-995.56,-80.06,-377.23,-81.38,6.73
608,0.63,-596.04,-77.90,-197.51,-82.87,6.73
609,0.28,-138.29,-79.12,-91.98,-82.67,6.73
610,0.46,-805.46,-80.41,-197.19,-86.21,6.73
611,0.28,-84.92,-79.07,-80.78,-80.60,6.73
612,0.29,-139.26,-80.30,-91.52,-83.43,6.73
613,0.32,-628.43,-78.68,-231.03,-81.83,6.73
614,0.28,-95.93,-77.55,-83.76,-82.45,6.73
615,0.32,-313.38,-79.19,-122.95,-79.99,6.73
616,0.28,-645.02,-79.65,-238.59,-84.14,6.73
617,0.29,-131.87,-79.81,-92.63,-85.15,6.09
618,0.29,-113.33,-76.76,-85.84,-82.21,6.09
619,0.28,-83.81,-76.92,-80.87,-81.13,6.09
620,0.28,-551.02,-80.13,-161.42,-84.24,6.09
621,0.30,-87.32,-80.03,-84.07,-84.72,6.41
622,0.31,-622.65,-80.34,-186.90,-82.30,6.41
623,0.29,-592.15,-77.73,-154.59,-82.17,6.41
624,0.29,-587.67,-77.84,-154.22,-81.13,6.41
625,0.28,-122.97,-80.18,-93.07,-84.30,6.41
626,1.64,-1787.27,-80.19,-371.34,-128.21,6.41
627,0.29,-115.57,-78.97,-86.33,-81.36,6.41
628,0.77,-1083.38,-80.06,-262.64,-83.27,4.81
629,0.27,-127.40,-77.47,-91.61,-81.79,4.81
630,0.78,-908.39,-80.85,-208.58,-84.39,5.13
631,0.32,-137.09,-80.86,-108.12,-114.37,5.13
632,0.29,-85.24,-81.44,-83.29,-83.63,5.13
633,0.55,-950.31,-78.80,-360.86,-138.34,5.13
634,0.49,-785.86,-77.21,-363.59,-137.53,5.13
635,0.27,-384.28,-79.02,-125.37,-83.01,6.09
636,0.27,-419.36,-80.62,-135.45,-83.72,6.09
637,0.28,-112.50,-80.31,-91.70,-85.47,6.09
638,0.84,-866.75,-79.36,-292.29,-83.47,6.41
639,0.29,-87.88,-78.22,-82.21,-80.13,6.41
640,0.58,-843.14,-77.98,-259.37,-83.73,6.41
641,0.28,-611.85,-81.13,-229.33,-84.27,5.45
642,0.70,-580.46,-79.39,-175.10,-82.35,5.77
643,0.48,-835.41,-80.36,-197.13,-84.63,5.77
644,0.28,-551.40,-78.59,-149.20,-82.46,5.77
645,0.52,-895.76,-77.45,-268.22,-81.71,5.77
646,0.56,-873.04,-76.04,-193.42,-80.99,6.41
647,0.69,-1040.03,-78.46,-452.27,-535.08,6.41
648,0.86,-1260.82,-80.13,-347.91,-111.47,6.41
649,0.28,-85.16,-78.33,-81.54,-81.03,6.41
650,0.30,-562.73,-79.34,-157.46,-83.54,6.41
651,0.29,-126.41,-78.23,-87.21,-81.30,6.41
652,0.57,-1015.41,-79.20,-292.36,-84.39,6.41
653,0.52,-987.67,-79.23,-285.56,-85.24,6.41
654,0.29,-161.27,-78.47,-94.35,-82.73,6.41
655,0.47,-902.22,-77.98,-282.72,-84.78,6.41
656,0.77,-1291.37,-78.60,-311.19,-85.73,6.41
657,0.29,-584.32,-77.99,-152.89,-80.84,6.09
658,0.58,-1012.34,-79.51,-294.69,-112.03,5.77
659,0.63,-960.18,-81.01,-227.59,-114.15,5.77
660,0.65,-1050.97,-79.50,-233.72,-85.46,5.13
661,3.33,-438.21,-79.85,-133.15,-82.15,5.13
662,0.85,-1132.78,-78.61,-232.65,-83.91,4.81
663,0.28,-598.68,-78.76,-161.14,-81.71,4.81
664,0.27,-110.69,-73.07,-85.53,-81.89,4.81
665,0.26,-556.36,-69.46,-156.87,-76.66,4.81
666,0.27,-582.28,-69.04,-147.70,-74.72,4.81
667,0.55,-823.72,-69.78,-185.30,-73.03,4.81
668,0.29,-124.89,-70.86,-85.82,-73.66,4.81
669,0.76,-1385.74,-70.45,-390.06,-74.19,4.81
670,0.65,-122.39,-68.80,-84.03,-77.23,4.81
671,0.28,-79.60,-65.20,-72.91,-72.98,4.81
672,0.33,-660.97,-73.90,-362.43,-546.74,4.17
673,0.27,-595.10,-71.99,-341.26,-492.79,4.49
674,0.27,-596.10,-69.68,-156.45,-75.12,4.49
675,0.46,-805.77,-69.02,-263.16,-75.05,4.49
676,0.29,-171.92,-71.05,-106.52,-113.55,4.49
677,0.71,-1447.50,-73.58,-364.96,-112.96,4.49
678,0.78,-1319.87,-71.27,-261.45,-80.11,4.49
679,0.75,-417.07,-67.82,-130.60,-73.13,4.49
680,0.52,-1054.76,-70.91,-222.74,-75.33,4.81
681,0.38,-571.19,-70.12,-165.16,-78.78,4.81
682,0.28,-618.47,-71.71,-156.88,-75.08,4.81
683,0.29,-580.51,-39.18,-152.98,-73.35,4.81
684,0.49,-780.92,-40.37,-316.40,-136.69,5.13
685,0.44,-811.16,-37.26,-250.41,-46.54,5.13
686,0.38,-621.65,-37.15,-217.92,-110.47,5.13
687,0.32,-126.33,-34.98,-53.32,-42.68,5.13
688,0.30,-602.36,-32.82,-220.81,-127.55,5.13
689,2.76,-540.84,-34.65,-122.60,-41.91,5.45
690,0.63,-837.00,-37.04,-176.17,-41.85,5.45
691,0.45,-849.76,-35.25,-179.01,-47.21,5.45
692,0.42,-399.06,-36.95,-105.16,-44.83,5.13
693,0.60,-1144.58,-36.77,-285.19,-41.82,5.13
694,0.59,-932.88,-30.41,-260.56,-41.92,5.13
695,0.31,-607.13,-33.89,-134.27,-45.29,4.17
696,0.39,-594.35,-34.63,-144.15,-44.33,4.17
697,0.30,-573.25,-34.43,-115.28,-38.28,5.13
698,0.79,-1360.94,-35.78,-475.03,-41.99,5.13
699,0.51,-863.24,-33.53,-249.18,-37.05,4.81
700,0.33,-45.17,-37.14,-39.79,-38.53,4.81
701,0.56,-839.01,-31.54,-153.11,-40.07,4.81
702,0.31,-593.65,-34.10,-142.12,-40.38,4.49
703,0.29,-130.07,-34.32,-73.67,-39.68,4.49
704,1.00,-127.32,-33.82,-54.47,-42.07,4.49
705,0.68,-1081.13,-35.61,-265.31,-42.93,4.49
706,0.69,-1199.85,-33.53,-205.59,-38.54,4.49
707,0.35,-624.22,-35.07,-219.88,-43.75,3.85
708,0.30,-559.07,-29.66,-128.09,-37.88,3.85
709,0.91,-1034.95,-32.21,-275.65,-111.78,3.85
710,0.72,-977.58,-34.02,-496.77,-541.62,5.13
711,0.51,-833.69,-35.77,-155.18,-41.99,4.81
712,0.34,-568.85,-36.76,-138.40,-42.35,4.81
713,0.35,-560.91,-37.79,-124.34,-43.27,4.81
714,0.52,-924.55,-34.28,-325.92,-46.97,4.81
715,0.37,-127.80,-37.30,-69.79,-49.58,5.13
716,0.58,-880.83,-33.73,-359.92,-127.48,5.13
717,0.31,-40.00,-31.79,-37.76,-38.64,5.13
718,0.39,-46.56,-31.52,-37.16,-36.78,5.13
719,0.31,-50.45,-29.66,-39.57,-38.58,4.49
720,0.54,-1025.15,-38.22,-350.00,-137.03,4.81
721,0.78,-1235.86,-34.78,-370.13,-111.12,4.81
722,0.65,-959.38,-41.89,-335.66,-117.34,4.81
723,0.56,-952.08,-37.53,-246.52,-44.69,4.81
724,0.39,-553.92,-35.70,-136.42,-41.08,4.81
725,0.69,-968.17,-40.43,-330.86,-52.11,4.81
726,0.30,-597.84,-34.31,-218.12,-120.60,4.81
727,0.72,-1087.33,-29.60,-312.23,-41.02,4.81
728,0.36,-606.28,-35.83,-130.86,-42.57,4.17
729,0.63,-622.29,-42.14,-292.60,-136.71,4.17
730,1.00,-1046.25,-34.93,-281.56,-91.61,4.17
731,0.64,-1178.54,-34.79,-316.04,-45.73,4.49
732,0.44,-772.13,-35.52,-273.30,-116.64,5.13
733,0.48,-152.66,-32.39,-55.76,-39.79,5.13
734,0.50,-875.31,-32.20,-241.50,-52.10,5.13
735,0.50,-565.68,-42.11,-155.08,-123.43,4.81
736,0.30,-70.18,-35.25,-43.55,-41.43,4.81
737,0.38,-46.47,-37.38,-40.59,-40.18,5.13
738,0.56,-1096.93,-33.15,-214.25,-39.41,5.13
739,0.57,-834.25,-33.36,-152.18,-39.77,5.13
740,0.31,-344.73,-33.98,-106.80,-46.58,5.13
741,0.31,-141.50,-36.86,-60.60,-43.91,5.13
742,0.38,-544.45,-32.15,-124.58,-44.35,5.77
743,0.77,-1360.29,-40.28,-430.59,-42.96,5.77
744,0.77,-215.24,-38.87,-104.31,-113.42,5.77
745,0.77,-1161.25,-34.62,-345.98,-111.93,6.41
746,0.33,-554.78,-29.31,-124.97,-43.30,6.41
747,0.35,-583.11,-32.01,-138.89,-43.46,6.41
748,0.33,-44.19,-34.96,-39.56,-40.67,6.41
749,0.60,-934.61,-31.75,-248.07,-37.74,5.77
750,0.81,-1173.50,-33.19,-415.20,-63.69,5.77
751,0.33,-134.67,-32.28,-50.84,-37.74,5.77
752,0.60,-1034.15,-34.29,-266.43,-37.72,5.77
753,0.36,-131.67,-33.62,-80.81,-78.82,5.77
754,0.73,-1224.11,-34.25,-209.48,-42.25,5.77
755,0.40,-108.90,-29.00,-48.75,-40.70,5.45
756,0.41,-48.27,-33.63,-42.38,-43.88,4.17
757,0.57,-549.98,-42.63,-182.42,-45.06,3.53
758,0.70,-528.59,-36.79,-194.68,-133.27,4.49
759,0.88,-1146.05,-37.43,-334.91,-50.07,4.49
760,0.98,-1146.95,-41.24,-379.38,-139.39,4.49
761,0.29,-129.62,-34.92,-84.54,-113.64,4.49
762,0.52,-923.65,-33.77,-355.57,-113.41,4.49
763,0.34,-53.61,-36.06,-42.82,-41.56,4.17
764,2.48,-1023.43,-32.17,-411.71,-140.91,4.17
765,0.37,-619.26,-37.20,-149.52,-49.48,4.17
766,0.30,-647.23,-29.98,-233.83,-130.21,4.17
767,0.54,-1084.69,-35.39,-210.45,-42.65,4.17
768,0.31,-634.41,-32.78,-274.41,-135.92,4.17
769,0.30,-589.99,-42.57,-287.37,-132.95,4.81
770,0.35,-132.05,-39.27,-68.69,-44.51,4.81
771,0.37,-611.06,-36.59,-134.77,-39.77,4.81
772,0.31,-567.72,-34.46,-128.75,-41.09,4.81
773,0.34,-611.96,-32.36,-214.01,-56.21,4.81
774,0.32,-600.10,-32.82,-146.22,-46.00,4.81
775,0.56,-919.05,-35.63,-293.77,-43.96,4.81
776,0.47,-822.10,-33.09,-262.66,-119.43,4.49
777,0.29,-625.76,-37.46,-365.81,-577.46,4.49
778,0.28,-138.83,-34.89,-69.46,-46.25,4.49
779,0.56,-945.88,-27.79,-190.44,-45.40,3.85
780,0.36,-42.80,-31.57,-36.96,-37.05,4.49
781,0.37,-525.11,-37.01,-141.15,-48.19,4.49
782,0.36,-135.36,-36.09,-67.80,-43.75,4.81
783,0.31,-607.45,-28.40,-116.52,-34.63,4.17
784,0.30,-603.72,-37.18,-221.13,-113.70,4.17
785,1.13,-1042.55,-31.57,-262.90,-42.48,4.17
786,0.44,-803.75,-34.46,-185.84,-108.33,4.17
787,0.86,-578.17,-40.94,-214.76,-113.26,4.17
788,0.43,-112.10,-32.61,-49.76,-41.11,4.17
789,0.69,-580.53,-33.47,-173.03,-43.79,4.17
790,0.63,-1062.36,-36.20,-325.64,-44.31,4.17
791,0.34,-122.77,-38.17,-56.42,-46.91,4.49
792,0.30,-113.00,-31.53,-48.05,-38.56,4.49
793,0.55,-562.24,-34.96,-166.13,-43.80,4.81
794,0.31,-603.01,-30.48,-129.89,-39.17,4.81
795,0.81,-1154.66,-33.83,-351.34,-47.56,5.13
796,0.40,-76.06,-30.76,-43.92,-39.94,6.41
797,0.31,-129.80,-33.21,-60.57,-35.18,6.41
798,0.31,-574.15,-30.27,-113.60,-37.68,6.09
799,0.36,-62.85,-36.41,-47.85,-42.34,6.73
800,0.31,-628.20,-33.21,-198.35,-40.19,6.73
801,0.47,-775.14,-31.88,-155.77,-42.22,6.73
802,0.45,-120.53,-30.72,-63.50,-42.56,6.41
803,0.43,-50.48,-35.96,-43.27,-43.78,6.73
804,0.59,-888.62,-27.71,-157.92,-37.24,6.73
805,0.53,-862.43,-36.72,-169.12,-43.94,6.73
806,0.52,-581.40,-37.62,-194.06,-45.21,6.73
807,0.81,-1040.56,-32.15,-182.60,-40.45,6.73
808,0.65,-385.70,-41.88,-123.77,-44.03,6.73
809,0.31,-594.57,-29.96,-192.69,-39.10,6.73
810,0.34,-605.88,-35.87,-136.88,-48.89,8.01
811,0.44,-583.14,-31.31,-116.36,-38.59,8.01
812,0.63,-1090.69,-27.00,-279.44,-43.07,8.01
813,0.50,-343.16,-34.57,-81.91,-38.20,8.01
814,0.35,-619.08,-37.78,-201.61,-42.88,8.01
815,0.51,-912.92,-36.51,-183.84,-43.06,8.01
816,0.35,-584.25,-31.79,-118.12,-42.09,7.37
817,0.39,-609.52,-36.80,-194.99,-42.10,7.37
818,0.35,-49.06,-33.86,-41.21,-41.99,7.37
819,0.46,-612.96,-32.63,-133.10,-40.28,7.37
820,0.32,-114.97,-29.56,-48.22,-37.25,8.01
821,0.58,-998.52,-32.49,-260.85,-43.07,7.69
822,1.11,-420.58,-33.40,-93.68,-40.36,7.69
823,0.70,-950.22,-36.24,-336.84,-113.63,7.69
824,0.34,-640.86,-34.41,-126.04,-40.31,6.41
825,0.92,-1428.62,-34.42,-400.68,-109.41,6.41
826,0.39,-115.43,-37.43,-53.31,-42.05,6.73
827,0.38,-69.53,-31.87,-44.42,-41.06,6.73
828,0.32,-602.86,-32.45,-120.20,-42.12,6.73
829,0.58,-951.43,-33.60,-249.52,-39.72,5.13
830,0.90,-783.06,-36.21,-265.72,-114.87,5.13
831,0.63,-1080.68,-31.13,-312.63,-43.02,4.81
832,0.43,-781.81,-33.29,-298.41,-37.96,4.49
833,0.41,-668.24,-35.79,-234.67,-126.08,4.49
834,0.66,-939.01,-30.23,-175.67,-36.02,4.49
835,0.53,-882.16,-37.01,-215.91,-43.20,4.49
836,0.85,-525.60,-31.04,-119.57,-41.02,4.81
837,0.66,-1206.01,-31.49,-312.29,-103.51,3.53
838,0.98,-623.42,-33.33,-276.70,-40.12,4.81
839,0.39,-507.61,-35.67,-132.78,-41.61,5.13
840,0.52,-895.68,-33.29,-262.95,-111.29,5.13
841,0.51,-121.67,-34.63,-49.77,-38.87,5.13
842,0.55,-920.69,-32.74,-176.45,-41.08,5.13
843,0.34,-567.42,-33.10,-137.64,-40.57,5.13
844,0.33,-125.01,-36.70,-65.03,-47.74,5.13
845,0.56,-962.39,-30.07,-170.16,-38.96,5.13
846,0.41,-136.42,-36.78,-52.63,-38.52,5.13
847,0.31,-114.92,-38.50,-50.64,-39.66,5.13
848,0.31,-626.51,-31.69,-133.59,-40.71,5.13
849,0.56,-975.55,-34.67,-278.58,-47.03,5.13
850,0.44,-612.99,-29.48,-140.77,-41.75,5.13
851,0.52,-549.01,-40.32,-175.01,-111.55,5.13
852,0.38,-600.09,-35.30,-198.54,-42.60,5.13
853,0.31,-591.01,-35.86,-136.63,-44.71,5.13
854,0.40,-48.20,-29.96,-36.42,-34.78,5.13
855,0.96,-603.95,-29.87,-116.84,-36.54,5.13
856,0.42,-728.99,-34.89,-232.15,-109.40,5.13
857,0.35,-622.86,-34.40,-280.63,-41.62,5.13
858,0.51,-626.22,-32.42,-224.40,-125.19,5.13
859,0.32,-626.42,-31.20,-133.95,-43.11,5.13
860,0.62,-619.89,-37.32,-150.95,-40.42,5.13
861,0.42,-624.12,-39.90,-136.06,-44.89,5.77
862,0.33,-578.39,-32.12,-185.83,-46.45,5.77
863,0.33,-614.61,-31.65,-121.96,-41.61,5.13
864,0.61,-1012.82,-42.16,-345.15,-114.09,5.13
865,0.60,-1004.80,-34.26,-258.34,-42.03,5.13
866,0.54,-935.33,-28.83,-188.44,-43.39,5.13
867,0.71,-1121.16,-34.41,-391.67,-112.02,5.13
868,0.72,-433.11,-35.08,-120.79,-44.09,4.49
869,0.88,-250.73,-35.00,-94.69,-41.22,5.45
870,0.32,-127.76,-33.77,-51.11,-40.39,4.81
871,0.64,-1345.80,-35.63,-311.43,-46.00,4.81
872,0.59,-990.18,-36.20,-213.27,-96.17,4.81
873,0.65,-1096.68,-36.90,-200.93,-41.74,4.81
874,0.62,-1053.05,-34.66,-192.16,-43.19,4.81
875,0.40,-152.91,-32.61,-56.16,-39.08,4.81
876,0.40,-577.37,-32.79,-194.61,-46.05,4.81
877,0.31,-44.20,-30.12,-36.30,-35.68,4.81
878,0.38,-575.56,-36.20,-190.12,-41.01,5.13
879,0.56,-1017.20,-32.60,-202.47,-47.85,3.53
880,0.38,-579.67,-36.85,-152.91,-113.10,3.53
881,0.31,-585.79,-36.65,-168.19,-111.59,5.45
882,0.29,-131.74,-32.89,-51.83,-41.23,4.17
883,0.61,-960.55,-36.71,-194.88,-42.15,4.17
884,0.47,-870.48,-35.53,-276.39,-131.62,4.17
885,0.55,-1065.00,-30.70,-274.47,-35.96,3.85
886,0.30,-112.71,-33.34,-49.94,-40.18,3.85
887,0.53,-1054.89,-30.00,-276.13,-46.31,3.85
888,0.95,-1513.87,-37.70,-264.47,-44.72,3.85
889,0.45,-822.89,-36.30,-235.42,-43.15,3.85
890,0.76,-587.03,-25.81,-217.44,-128.44,3.85
891,0.82,-164.65,-29.37,-69.92,-38.07,3.85
892,0.30,-619.35,-26.02,-140.90,-38.95,3.85
893,0.39,-732.73,-36.34,-235.11,-115.12,3.85
894,0.38,-607.55,-44.33,-304.70,-157.23,3.85
895,0.31,-537.36,-38.07,-127.52,-45.14,5.13
896,0.32,-605.93,-39.55,-161.24,-115.51,5.13
897,0.55,-1026.27,-39.19,-194.71,-40.84,5.13
898,0.38,-117.96,-33.88,-61.53,-43.03,5.13
899,0.39,-612.18,-39.15,-137.29,-43.80,5.13
900,0.92,-1219.50,-33.74,-453.39,-399.12,5.13
901,0.74,-1275.06,-32.29,-294.65,-38.72,5.13
902,0.73,-1137.22,-36.38,-499.77,-608.01,5.13
903,0.34,-131.40,-30.39,-66.25,-45.94,4.81
904,0.37,-578.19,-34.21,-147.13,-42.45,4.81
905,0.32,-136.63,-32.89,-50.21,-36.31,5.45
906,0.41,-732.55,-34.12,-140.27,-43.52,5.45
907,0.29,-167.42,-34.11,-71.46,-39.65,5.45
908,1.05,-1199.57,-32.83,-291.88,-43.76,5.13
909,0.84,-441.82,-34.43,-156.40,-37.84,5.77
910,0.52,-915.83,-35.03,-320.10,-47.37,5.77
911,0.98,-1335.95,-39.11,-256.43,-101.80,4.81
912,0.33,-50.82,-36.62,-44.36,-44.24,4.81
913,0.30,-561.87,-34.46,-195.42,-47.67,5.13
914,0.42,-126.74,-33.26,-50.56,-39.93,5.13
915,0.51,-1009.02,-37.61,-193.18,-40.82,5.13
916,0.31,-128.97,-28.92,-60.11,-37.62,5.13
917,0.63,-840.50,-37.46,-329.16,-41.70,5.13
918,0.31,-612.12,-34.48,-194.27,-43.81,4.49
919,0.56,-889.84,-31.04,-176.04,-51.37,4.49
920,0.52,-811.79,-36.30,-296.48,-111.98,3.85
921,0.35,-132.74,-34.94,-77.18,-50.39,5.45
922,0.31,-597.35,-34.79,-123.30,-47.40,5.45
923,0.30,-550.05,-34.82,-130.54,-37.24,4.81
924,0.57,-861.29,-28.38,-168.47,-40.39,4.81
925,0.31,-587.12,-35.48,-131.34,-41.45,4.81
926,0.84,-240.93,-33.13,-80.99,-40.07,4.49
927,0.46,-116.21,-28.03,-69.69,-44.65,4.49
928,0.48,-48.88,-35.28,-40.15,-40.07,4.49
929,0.41,-57.16,-32.58,-38.61,-34.04,4.49
930,0.35,-571.04,-37.40,-191.89,-41.88,5.13
931,0.97,-906.39,-38.27,-224.73,-41.84,5.13
932,0.44,-762.40,-33.99,-222.50,-42.22,5.13
933,0.52,-753.68,-32.36,-274.48,-124.33,5.13
934,0.31,-597.58,-30.54,-154.16,-37.84,5.13
935,0.29,-578.73,-41.82,-215.85,-110.26,5.13
936,0.44,-841.56,-34.81,-155.78,-41.18,5.77
937,0.38,-589.44,-36.72,-132.48,-44.82,5.13
938,0.31,-223.96,-32.27,-63.95,-37.99,4.81
939,0.88,-859.59,-37.77,-328.26,-123.06,4.81
940,0.30,-138.51,-33.28,-52.76,-37.72,4.81
941,0.37,-639.62,-38.89,-226.98,-93.06,4.81
942,0.52,-808.29,-34.97,-317.53,-49.26,4.81
943,1.08,-1336.49,-32.86,-302.68,-46.33,5.13
944,0.32,-546.93,-36.26,-112.11,-39.12,5.13
945,0.33,-612.11,-37.69,-199.92,-40.90,5.13
946,0.37,-113.64,-31.12,-48.38,-39.80,5.13
947,0.35,-135.17,-36.18,-65.51,-45.08,5.13
948,0.33,-190.20,-29.99,-78.99,-41.21,5.13
949,0.34,-607.27,-38.50,-146.10,-41.92,5.13
950,0.32,-590.94,-35.23,-165.16,-116.07,5.13
951,0.53,-937.53,-38.96,-265.91,-112.23,5.13
952,0.75,-1148.58,-26.79,-288.20,-40.14,5.13
953,0.31,-39.91,-31.56,-36.78,-36.80,5.13
954,0.30,-547.79,-34.11,-142.90,-43.06,5.13
955,0.30,-566.43,-34.91,-136.38,-40.10,5.13
956,0.38,-605.22,-32.38,-187.93,-41.41,5.13
957,0.30,-622.44,-41.75,-300.65,-125.32,5.77
958,0.62,-1027.58,-33.74,-270.71,-112.11,6.09
959,0.42,-124.16,-34.91,-52.92,-42.39,6.09
960,0.47,-610.58,-34.03,-133.25,-45.11,6.09
961,0.45,-128.44,-34.94,-53.13,-42.44,6.41
962,0.40,-593.74,-33.55,-133.90,-38.32,6.41
963,0.31,-553.41,-33.24,-122.92,-39.18,6.41
964,0.49,-850.03,-37.27,-156.91,-40.41,6.41
965,0.33,-58.29,-32.74,-40.47,-39.17,6.41
966,0.31,-578.42,-34.67,-124.84,-36.69,6.41
967,0.66,-44.88,-33.29,-38.94,-39.25,6.09
968,0.84,-1182.22,-40.39,-512.09,-577.54,6.09
969,0.37,-606.75,-35.68,-198.88,-40.76,6.09
970,0.32,-635.44,-29.20,-218.01,-45.07,6.09
971,0.62,-1207.49,-34.94,-281.45,-37.01,5.45
972,0.31,-133.66,-36.68,-75.07,-48.11,5.45
973,0.46,-805.03,-38.44,-235.93,-44.05,5.45
974,0.62,-915.22,-30.68,-203.44,-110.09,5.45
975,0.97,-677.44,-33.88,-161.44,-41.14,5.45
976,0.45,-739.20,-35.66,-160.42,-42.10,5.45
977,0.37,-113.96,-28.92,-49.31,-39.49,5.45
978,0.30,-143.48,-33.09,-72.97,-37.32,5.45
979,0.32,-565.43,-37.86,-201.20,-41.41,5.45
980,0.65,-1004.40,-38.00,-267.99,-44.57,5.45
981,0.29,-138.64,-35.38,-63.39,-38.44,5.45
982,0.31,-552.21,-31.47,-124.35,-43.71,5.13
983,2.37,-661.18,-39.50,-222.04,-47.81,5.13
984,0.34,-580.28,-32.06,-133.83,-46.18,5.13
985,0.53,-839.29,-36.03,-156.44,-43.81,5.13
986,0.59,-884.76,-35.04,-251.38,-44.49,5.13
987,0.31,-588.58,-33.36,-205.54,-46.67,5.13
988,0.32,-43.48,-34.43,-38.61,-38.27,5.13
989,0.61,-603.09,-38.59,-133.67,-46.80,4.81
990,0.31,-628.98,-32.22,-146.19,-42.22,4.81
991,0.62,-608.38,-35.42,-196.05,-39.62,4.81
992,0.46,-553.06,-35.27,-115.19,-41.58,4.81
993,0.61,-863.32,-26.94,-320.72,-114.17,4.81
994,0.47,-846.75,-29.89,-233.40,-37.92,4.81
995,0.52,-883.82,-34.22,-338.04,-151.94,4.81
996,0.65,-1187.79,-42.74,-444.99,-545.98,4.49
997,0.30,-621.72,-28.84,-132.87,-40.69,4.17
998,0.52,-890.30,-33.79,-209.05,-116.00,4.17
999,0.37,-500.69,-33.31,-106.47,-41.99,4.49
1000,0.56,-998.13,-35.88,-177.29,-39.30,4.49
1001,0.32,-618.88,-33.92,-212.10,-39.49,4.49
1002,0.31,-166.33,-33.84,-70.41,-37.78,5.45
1003,0.78,-610.24,-28.71,-250.70,-48.31,5.45
1004,0.32,-607.86,-30.23,-131.35,-43.84,5.45
1005,0.90,-492.37,-35.39,-118.50,-42.34,5.13
1006,0.33,-202.15,-37.00,-74.68,-48.66,5.13
1007,0.64,-1039.36,-32.70,-317.99,-47.18,5.13
1008,0.43,-570.82,-33.83,-150.21,-111.66,5.13
1009,0.43,-130.77,-35.36,-61.89,-39.30,4.17
1010,0.30,-601.84,-31.99,-119.00,-39.94,3.85
1011,0.45,-818.90,-37.15,-345.98,-202.49,5.13
1012,0.32,-47.12,-32.63,-39.51,-39.74,5.13
1013,0.63,-980.62,-34.93,-175.06,-40.87,5.45
1014,0.33,-634.07,-33.59,-198.71,-42.83,5.45
1015,0.40,-110.67,-33.55,-51.75,-43.84,5.45
1016,0.38,-113.73,-38.79,-54.48,-45.44,4.17
1017,0.30,-629.86,-35.88,-155.74,-92.19,4.17
1018,0.29,-571.44,-31.34,-145.71,-46.34,4.17
1019,0.50,-884.09,-38.14,-253.97,-49.99,4.49
1020,0.68,-1293.44,-40.42,-383.30,-124.20,4.49
1021,0.58,-1078.97,-33.36,-197.98,-41.30,4.49
1022,0.32,-633.00,-28.50,-291.12,-172.53,4.49
1023,0.55,-1033.84,-34.10,-193.60,-40.63,4.49
1024,1.21,-637.59,-32.10,-182.98,-43.87,4.49
1025,0.51,-931.84,-29.69,-372.82,-136.39,4.49
1026,0.70,-1243.76,-34.99,-449.06,-41.50,4.49
1027,1.13,-1160.97,-36.36,-273.09,-49.33,4.81
1028,0.32,-609.42,-38.11,-219.66,-50.83,4.81
1029,0.33,-603.83,-34.49,-129.58,-39.14,4.17
1030,0.30,-619.52,-30.68,-222.71,-110.25,4.17
1031,0.35,-123.92,-38.06,-58.72,-44.41,5.45
1032,0.32,-113.52,-36.09,-51.95,-43.45,5.45
1033,0.47,-776.28,-36.15,-388.92,-563.09,6.09
1034,0.32,-557.42,-33.92,-125.17,-42.50,6.09
1035,0.31,-603.60,-29.66,-286.08,-112.94,6.09
1036,0.48,-570.09,-31.99,-168.79,-105.75,6.09
1037,0.32,-97.00,-33.91,-47.49,-38.71,6.09
1038,0.73,-549.87,-33.43,-165.98,-42.58,6.09
1039,0.35,-53.15,-31.84,-40.73,-40.14,5.45
1040,0.53,-913.64,-31.66,-326.53,-111.33,5.45
1041,0.66,-1030.62,-34.67,-371.32,-41.66,5.45
1042,0.31,-48.81,-29.87,-40.08,-39.72,5.45
1043,0.47,-724.66,-37.45,-140.19,-43.95,5.45
1044,0.65,-1186.52,-32.69,-420.20,-114.69,5.45
1045,0.61,-918.25,-33.63,-333.57,-44.29,5.45
1046,0.68,-1169.80,-39.03,-357.81,-58.02,5.45
1047,0.60,-1108.63,-30.94,-264.95,-37.12,5.45
1048,0.50,-549.99,-28.97,-133.61,-45.64,5.45
1049,0.40,-590.03,-32.50,-126.10,-41.47,5.45
1050,0.34,-569.26,-37.36,-151.52,-47.23,5.13
1051,0.66,-1255.63,-33.88,-235.94,-42.93,4.81
1052,0.33,-622.68,-38.20,-218.33,-50.96,4.81
1053,0.66,-1175.07,-35.94,-215.83,-41.47,4.81
1054,0.49,-924.87,-39.31,-337.68,-103.75,5.13
1055,0.39,-576.72,-35.34,-122.92,-39.75,5.13
1056,0.51,-899.33,-32.42,-172.06,-38.12,5.13
1057,0.43,-113.42,-34.23,-53.06,-44.26,5.13
1058,0.46,-48.37,-29.21,-37.03,-36.03,5.13
1059,0.84,-616.57,-31.68,-261.07,-48.37,5.13
1060,0.46,-747.82,-37.75,-251.08,-44.87,5.13
1061,0.40,-113.86,-36.20,-66.21,-46.63,5.13
1062,0.41,-86.00,-34.33,-47.73,-41.54,5.13
1063,0.58,-1238.02,-28.02,-282.61,-38.97,5.13
1064,0.33,-125.49,-34.37,-60.11,-38.69,5.13
1065,0.30,-127.88,-32.94,-51.96,-38.73,5.13
1066,0.70,-1287.06,-37.87,-462.03,-127.38,5.13
1067,0.32,-589.55,-36.76,-225.75,-130.73,5.13
1068,0.43,-586.49,-34.58,-150.85,-72.46,5.13
1069,0.52,-870.10,-31.09,-238.03,-41.49,5.13
1070,0.53,-946.90,-30.73,-180.01,-40.61,5.13
1071,0.50,-762.46,-34.93,-162.71,-45.05,5.13
1072,0.51,-975.55,-39.09,-264.02,-43.90,4.81
1073,0.64,-338.18,-31.97,-104.64,-44.08,5.13
1074,0.45,-762.97,-38.44,-168.78,-48.02,5.13
1075,0.30,-123.45,-37.67,-58.48,-39.87,5.13
1076,0.43,-763.88,-36.06,-231.47,-45.07,4.81
1077,0.40,-115.16,-31.25,-55.71,-41.39,4.81
1078,0.29,-132.55,-32.82,-65.14,-41.90,5.13
1079,0.84,-572.68,-37.21,-117.83,-42.59,5.13
1080,1.22,-1306.17,-29.01,-298.24,-38.26,5.13
1081,0.73,-627.04,-30.21,-197.95,-40.10,5.13
1082,0.35,-121.30,-37.53,-77.48,-69.80,5.13
1083,0.55,-996.38,-32.26,-259.26,-43.27,5.13
1084,0.63,-598.03,-39.11,-134.98,-47.45,5.77
1085,0.35,-47.85,-34.85,-41.23,-43.59,5.77
1086,0.96,-527.98,-31.63,-121.34,-45.56,5.45
1087,0.67,-1250.62,-34.51,-293.90,-44.27,5.45
1088,0.39,-60.94,-34.28,-43.40,-38.82,4.49
1089,0.55,-933.26,-31.42,-319.88,-48.16,4.49
1090,0.38,-588.01,-40.18,-140.04,-54.32,4.49
1091,0.37,-584.15,-33.39,-191.20,-41.29,5.13
1092,0.50,-598.76,-29.41,-192.74,-39.71,5.13
1093,0.50,-967.45,-42.34,-343.18,-129.09,5.13
1094,0.46,-766.42,-37.72,-158.44,-42.66,5.13
1095,0.54,-999.43,-33.59,-268.38,-51.33,5.13
1096,0.39,-111.24,-29.84,-49.06,-40.04,5.13
1097,0.66,-1118.73,-36.04,-302.21,-121.75,5.13
1098,0.70,-1078.47,-29.20,-210.74,-38.22,5.13
1099,0.41,-115.61,-33.10,-49.24,-39.54,5.13
1100,0.37,-560.33,-34.48,-139.51,-47.27,5.13
1101,0.54,-1005.09,-38.72,-383.55,-76.45,5.77
1102,0.32,-627.67,-33.09,-215.94,-47.86,5.45
1103,2.11,-949.53,-35.04,-333.15,-45.84,6.41
1104,0.33,-201.53,-26.19,-58.47,-36.16,6.41
1105,0.70,-1049.24,-36.97,-275.88,-54.50,6.41
1106,0.74,-77.78,-36.63,-48.98,-41.49,5.45
1107,0.39,-564.45,-30.16,-111.82,-35.46,5.45
1108,0.34,-589.19,-30.80,-140.28,-41.48,5.45
1109,0.31,-569.90,-26.78,-144.13,-41.60,5.13
1110,0.52,-911.22,-29.62,-254.44,-44.00,5.13
1111,0.29,-125.97,-29.31,-81.32,-110.09,5.13
1112,0.66,-825.53,-43.44,-331.49,-110.34,4.49
1113,0.30,-569.47,-34.24,-130.49,-44.88,3.85
1114,0.58,-1030.20,-36.19,-295.51,-101.18,3.53
1115,0.34,-590.77,-37.33,-281.21,-134.12,3.53
1116,0.48,-813.61,-35.72,-240.25,-46.51,3.53
1117,0.85,-1212.25,-35.75,-579.92,-568.89,3.53
1118,0.41,-454.30,-29.91,-122.51,-47.82,3.53
1119,0.28,-589.51,-32.22,-152.96,-112.22,3.53
1120,0.38,-616.11,-34.15,-275.53,-112.81,3.53
1121,0.39,-168.36,-33.85,-57.93,-37.70,3.53
1122,0.41,-603.79,-35.89,-218.32,-131.45,3.21
1123,0.71,-1194.89,-37.84,-394.11,-117.48,3.21
1124,0.40,-614.19,-35.63,-142.87,-50.38,3.21
1125,0.70,-1264.08,-34.77,-326.73,-112.69,3.21
1126,0.77,-1169.20,-28.33,-540.98,-588.22,3.21
1127,0.84,-763.60,-47.55,-318.27,-141.31,3.21
1128,0.42,-821.87,-37.91,-566.77,-622.35,3.21
1129,0.27,-605.48,-36.42,-302.98,-135.90,3.21
1130,0.50,-852.07,-31.40,-306.12,-125.40,3.53
1131,0.76,-633.13,-39.26,-328.33,-354.07,3.53
1132,0.29,-577.05,-35.56,-145.40,-52.96,3.53
1133,0.73,-882.98,-37.37,-613.94,-633.30,3.53
1134,0.36,-604.27,-34.85,-175.18,-115.85,3.53
1135,0.47,-877.50,-31.45,-260.85,-101.75,3.53
1136,0.70,-1141.45,-33.27,-496.27,-128.60,3.53
1137,1.01,-1056.42,-32.66,-347.91,-146.33,3.53
1138,0.55,-581.34,-29.93,-283.69,-206.37,3.85
1139,0.39,-589.78,-33.24,-202.94,-42.36,3.85
1140,0.29,-580.15,-31.43,-127.65,-40.09,4.17
1141,0.87,-1137.86,-41.06,-332.71,-44.85,4.17
1142,0.30,-577.31,-34.97,-115.27,-38.59,4.17
1143,0.64,-1232.01,-36.21,-375.92,-117.58,4.17
1144,0.30,-114.39,-36.26,-50.36,-40.26,3.85
1145,0.49,-554.07,-36.19,-112.92,-37.77,4.17
1146,0.31,-122.16,-33.21,-47.34,-33.86,4.17
1147,0.31,-615.71,-36.70,-123.36,-42.31,3.85
1148,0.49,-804.05,-33.04,-241.31,-42.95,3.85
1149,0.55,-902.54,-32.13,-196.64,-43.36,4.17
1150,0.49,-869.62,-38.69,-176.56,-47.89,3.85
1151,0.30,-624.92,-36.51,-300.49,-112.73,3.85
1152,0.57,-1003.46,-43.62,-356.30,-121.76,3.85
1153,2.70,-730.41,-32.02,-229.43,-39.56,4.17
1154,0.59,-1132.30,-33.92,-295.55,-66.98,4.17
1155,0.63,-1028.26,-37.22,-309.12,-137.09,4.17
1156,0.71,-878.47,-36.32,-244.80,-45.37,4.17
1157,2.31,-597.48,-34.91,-126.40,-39.33,4.49
1158,0.61,-879.35,-30.07,-181.35,-36.65,3.85
1159,2.52,-644.08,-37.81,-185.69,-41.10,4.17
1160,0.84,-1282.18,-30.40,-422.21,-123.89,4.49
1161,0.51,-542.67,-34.75,-111.57,-40.56,4.49
1162,0.34,-621.96,-34.00,-202.87,-45.63,4.81
1163,0.61,-1043.01,-37.46,-285.14,-108.83,4.81
1164,0.91,-1200.85,-35.80,-428.26,-47.81,4.81
1165,0.76,-1334.96,-34.19,-339.51,-44.84,4.81
1166,0.70,-1162.86,-37.77,-433.86,-109.26,4.49
1167,0.47,-834.02,-34.94,-245.91,-42.28,4.49
1168,1.18,-672.42,-36.07,-157.50,-45.13,4.49
1169,0.32,-587.03,-38.54,-218.88,-115.33,5.13
1170,0.51,-166.32,-33.26,-74.94,-43.80,5.13
1171,0.59,-870.83,-33.51,-157.23,-39.85,5.13
1172,0.59,-851.43,-44.57,-249.32,-112.34,5.13
1173,0.85,-967.23,-35.17,-172.18,-42.40,5.13
1174,0.32,-575.08,-30.27,-138.21,-46.99,5.13
1175,0.37,-130.64,-35.35,-53.07,-39.65,4.81
1176,0.53,-931.35,-30.53,-179.87,-46.11,4.81
1177,0.32,-187.80,-35.62,-62.01,-39.29,4.81
1178,0.36,-570.09,-31.84,-161.35,-120.06,4.81
1179,0.32,-577.19,-36.16,-128.10,-44.58,4.49
1180,0.67,-51.45,-27.18,-37.38,-35.73,4.49
1181,0.31,-125.12,-30.45,-51.44,-42.22,4.49
1182,0.57,-1061.03,-36.62,-287.53,-41.71,4.49
1183,0.34,-622.46,-36.96,-131.70,-43.83,4.17
1184,0.67,-1159.52,-38.57,-212.61,-48.85,4.17
1185,0.66,-643.08,-31.63,-158.63,-64.77,4.17
1186,0.58,-1108.38,-38.04,-319.09,-46.18,4.17
1187,0.31,-615.19,-36.99,-232.89,-114.12,4.17
1188,0.55,-880.77,-35.26,-248.15,-50.29,4.17
1189,0.62,-1159.09,-37.37,-234.49,-115.71,4.17
1190,0.28,-582.07,-30.79,-129.76,-42.09,4.17
1191,0.59,-916.80,-31.82,-284.12,-99.88,4.17
1192,0.30,-128.59,-32.26,-64.63,-45.29,6.09
1193,0.39,-615.62,-30.01,-119.90,-35.65,6.09
1194,0.31,-114.30,-35.49,-49.46,-38.50,6.09
1195,0.33,-50.23,-30.12,-39.39,-39.78,5.77
1196,0.53,-903.07,-37.35,-165.95,-44.47,5.77
1197,0.40,-124.08,-31.24,-59.26,-44.63,5.77
1198,0.48,-726.47,-37.12,-226.52,-43.30,5.77
1199,0.38,-135.52,-30.13,-52.06,-39.74,3.85
1200,0.82,-782.88,-39.15,-262.92,-130.75,3.85
1201,0.37,-621.27,-33.24,-214.56,-42.15,3.85
1202,0.52,-1029.23,-33.26,-340.60,-74.06,3.85
1203,0.30,-568.17,-33.52,-137.90,-46.27,4.17
1204,0.30,-607.69,-34.19,-207.15,-45.59,4.17
1205,0.31,-612.51,-36.38,-215.94,-48.51,4.17
1206,0.31,-611.24,-29.84,-163.83,-112.79,4.17
1207,0.43,-788.56,-45.09,-239.65,-46.92,4.17
1208,0.35,-49.24,-38.59,-43.65,-45.37,3.85
1209,0.52,-921.70,-38.80,-282.85,-143.19,3.85
1210,0.31,-620.65,-36.08,-197.76,-39.11,4.49
1211,0.85,-834.63,-36.40,-246.57,-44.39,4.49
1212,0.29,-572.58,-35.75,-136.61,-49.48,4.49
1213,0.31,-568.49,-41.63,-213.46,-113.44,4.49
1214,2.94,-682.38,-30.92,-189.26,-40.12,4.49
1215,0.92,-1398.16,-33.41,-366.69,-94.99,4.49
1216,0.46,-757.12,-37.39,-249.91,-120.47,4.49
1217,0.64,-1202.00,-37.34,-351.44,-43.93,4.49
1218,0.56,-940.40,-35.64,-352.85,-122.03,4.49
1219,0.44,-746.89,-38.12,-241.42,-49.32,4.49
1220,0.40,-156.77,-31.94,-69.92,-52.34,4.49
1221,0.44,-712.49,-34.19,-137.46,-44.01,4.49
1222,0.34,-368.03,-37.68,-98.36,-41.68,4.49
1223,0.65,-1076.70,-35.33,-212.26,-50.39,4.49
1224,0.30,-617.12,-32.85,-132.68,-39.64,4.49
1225,0.62,-916.25,-32.60,-169.98,-37.69,4.49
1226,0.28,-608.07,-35.06,-144.04,-46.11,4.49
1227,0.67,-614.22,-31.77,-167.43,-111.26,4.49
1228,0.32,-137.06,-36.30,-67.04,-43.72,4.49
1229,0.30,-110.26,-34.05,-56.54,-46.34,5.77
1230,0.32,-208.17,-35.47,-64.38,-41.38,5.77
1231,0.32,-545.63,-39.78,-159.59,-94.35,5.77
1232,0.35,-59.15,-33.74,-44.17,-43.26,5.13
1233,0.33,-617.64,-33.54,-202.65,-40.52,5.13
1234,0.62,-800.57,-34.53,-174.41,-57.29,5.13
1235,0.47,-918.07,-33.54,-322.39,-47.30,5.13
1236,0.62,-1214.95,-28.47,-215.40,-39.68,5.13
1237,0.34,-605.05,-37.35,-123.26,-41.94,5.13
1238,0.35,-595.26,-30.32,-118.80,-42.72,5.13
1239,1.24,-1116.57,-37.94,-306.74,-126.22,5.13
1240,0.32,-127.21,-33.81,-73.53,-45.23,5.13
1241,0.69,-1103.39,-36.74,-266.20,-44.16,5.13
1242,0.48,-838.39,-33.36,-234.33,-40.16,5.13
1243,0.45,-795.75,-30.51,-166.50,-44.26,4.81
1244,0.30,-605.68,-37.28,-204.91,-42.52,4.81
1245,0.68,-1307.09,-30.56,-236.54,-48.53,4.81
1246,0.34,-221.37,-30.99,-63.76,-39.50,4.81
1247,0.62,-1107.92,-33.49,-276.49,-39.85,4.81
1248,1.48,-651.70,-31.67,-289.13,-129.63,4.81
1249,0.35,-555.90,-32.27,-117.48,-45.60,4.81
1250,0.38,-115.13,-35.99,-53.77,-41.93,4.81
1251,0.74,-1403.26,-32.66,-244.45,-40.19,4.81
1252,0.72,-1027.23,-36.66,-413.94,-41.96,4.81
1253,0.35,-47.87,-30.50,-38.14,-36.50,4.81
1254,0.56,-552.65,-30.44,-114.33,-44.19,4.81
1255,0.32,-563.20,-30.47,-125.54,-42.05,4.81
1256,0.30,-121.20,-30.03,-50.27,-40.78,4.81
1257,0.30,-571.79,-35.41,-115.04,-39.36,4.81
1258,0.54,-1033.59,-32.42,-203.80,-45.74,4.81
1259,0.32,-615.11,-36.13,-203.11,-41.62,5.77
1260,0.39,-613.74,-45.78,-211.70,-54.40,5.77
1261,0.31,-576.27,-36.12,-129.58,-43.61,5.77
1262,0.71,-626.32,-33.39,-122.83,-39.63,5.77
1263,0.36,-100.14,-33.76,-49.05,-42.72,5.77
1264,0.36,-123.40,-33.27,-53.41,-42.44,6.09
1265,0.40,-130.07,-31.99,-51.31,-40.69,6.73
1266,3.21,-730.97,-41.04,-153.15,-46.85,6.41
1267,0.54,-753.22,-32.14,-151.43,-44.19,5.77
1268,0.60,-1123.98,-37.00,-276.92,-42.35,5.77
1269,0.55,-1067.31,-33.31,-264.40,-41.41,6.09
1270,0.32,-602.17,-31.37,-192.68,-37.68,5.45
1271,0.39,-604.67,-35.90,-143.39,-44.52,5.45
1272,0.31,-541.73,-34.15,-126.53,-49.22,6.09
1273,2.11,-763.16,-34.66,-256.83,-110.15,6.09
1274,0.41,-606.84,-31.56,-197.19,-43.28,6.09
1275,0.67,-361.50,-34.93,-114.86,-41.33,4.49
1276,0.46,-577.66,-32.95,-143.76,-48.26,4.49
1277,0.63,-1120.60,-39.36,-424.59,-127.52,4.49
1278,0.30,-116.29,-31.16,-49.35,-40.45,4.49
1279,0.30,-119.28,-30.29,-48.24,-35.43,4.49
1280,0.31,-629.65,-33.94,-148.85,-54.82,4.49
1281,0.85,-578.25,-32.98,-205.00,-114.96,4.49
1282,0.44,-601.66,-34.67,-144.36,-47.65,4.49
1283,0.64,-960.88,-32.53,-198.26,-36.28,4.49
1284,0.69,-888.65,-36.93,-246.65,-44.97,4.49
1285,0.32,-608.52,-33.66,-120.15,-40.22,4.49
1286,2.95,-781.25,-31.71,-321.09,-125.06,4.49
1287,0.58,-1047.92,-41.46,-390.26,-419.94,3.85
1288,0.68,-1043.14,-33.73,-387.59,-95.94,5.45
1289,0.76,-886.30,-31.56,-240.40,-39.59,5.45
1290,0.39,-119.88,-35.40,-61.19,-42.71,5.45
1291,0.41,-617.66,-36.52,-210.21,-50.22,5.45
1292,2.81,-917.90,-33.41,-242.36,-40.33,5.45
1293,2.99,-868.70,-36.91,-269.46,-54.63,5.45
1294,0.79,-477.11,-36.63,-103.44,-40.34,5.45
1295,0.42,-578.89,-31.28,-182.45,-44.94,5.45
1296,0.76,-367.56,-32.09,-102.33,-48.13,5.45
1297,0.31,-634.09,-31.53,-124.30,-40.68,6.09
1298,0.34,-611.39,-32.32,-205.00,-44.02,6.09
1299,0.86,-1051.85,-38.28,-438.17,-593.14,6.09
1300,0.53,-565.38,-27.81,-164.52,-51.43,6.09
1301,0.47,-783.63,-32.24,-165.33,-40.27,6.09
1302,0.84,-900.85,-35.95,-175.64,-44.37,6.09
1303,0.54,-132.77,-31.42,-51.36,-39.41,6.09
1304,0.53,-768.54,-38.12,-145.50,-43.14,5.77
1305,1.52,-537.34,-35.48,-164.86,-39.69,5.77
1306,0.32,-603.44,-34.69,-158.27,-52.18,5.77
1307,0.35,-123.09,-30.38,-49.09,-37.73,6.09
1308,0.42,-708.32,-33.92,-157.17,-43.15,6.09
1309,0.71,-1073.67,-35.50,-202.57,-54.32,5.13
1310,0.54,-788.50,-31.76,-248.84,-34.98,5.13
1311,0.35,-603.20,-30.79,-267.83,-41.84,5.45
1312,0.56,-815.28,-32.46,-148.84,-36.86,5.45
1313,0.48,-769.42,-32.31,-155.87,-40.20,6.09
1314,0.41,-711.41,-30.74,-138.50,-44.29,6.09
1315,0.66,-1211.98,-33.97,-223.14,-43.09,6.09
1316,0.37,-111.40,-34.66,-49.94,-41.25,6.09
1317,0.32,-586.44,-30.30,-160.33,-127.69,6.41
1318,0.70,-160.32,-33.06,-55.32,-35.92,6.41
1319,0.75,-613.53,-39.63,-191.69,-45.52,6.41
1320,0.48,-943.69,-32.71,-174.46,-38.22,6.41
1321,0.36,-541.09,-32.86,-109.53,-38.30,6.41
1322,0.31,-537.01,-31.57,-122.36,-41.82,6.41
1323,0.64,-1190.84,-35.38,-219.89,-47.92,6.41
1324,0.42,-109.18,-34.40,-51.19,-41.45,6.41
1325,0.68,-839.95,-32.57,-229.02,-40.27,6.41
1326,0.54,-883.85,-36.03,-238.29,-41.31,6.41
1327,0.32,-611.75,-30.84,-144.33,-46.69,6.41
1328,0.43,-187.07,-33.00,-73.62,-43.29,6.41
1329,0.41,-135.55,-35.55,-56.19,-40.86,6.73
1330,0.39,-562.21,-29.29,-124.34,-38.96,6.73
1331,0.34,-45.58,-32.78,-39.28,-39.57,6.73
1332,0.41,-108.59,-33.24,-52.49,-44.49,6.73
1333,0.39,-94.69,-33.44,-46.01,-37.89,4.81
1334,0.31,-586.93,-39.66,-140.73,-44.02,4.17
1335,0.40,-589.93,-35.87,-193.86,-40.40,4.17
1336,0.47,-852.08,-40.84,-262.17,-111.58,4.17
1337,2.36,-614.15,-39.39,-171.35,-112.12,4.49
1338,0.69,-1143.12,-45.94,-444.26,-560.92,4.49
1339,0.58,-913.62,-27.31,-320.46,-54.78,4.49
1340,0.60,-1113.33,-32.83,-491.96,-586.74,4.49
1341,0.33,-186.97,-36.96,-86.33,-48.09,3.85
1342,0.73,-1273.75,-38.74,-443.04,-425.35,5.13
1343,0.49,-811.82,-34.19,-230.79,-35.93,5.13
1344,0.31,-615.99,-33.50,-120.57,-37.94,5.13
1345,0.30,-593.64,-34.04,-142.09,-42.02,5.13
1346,0.86,-596.23,-36.57,-270.04,-50.17,5.45
1347,0.41,-128.20,-29.47,-50.48,-36.85,5.45
1348,0.59,-161.77,-32.71,-55.94,-39.01,5.45
1349,0.47,-825.58,-36.57,-154.27,-42.22,5.45
1350,0.31,-580.64,-34.41,-202.29,-39.85,5.45
1351,0.67,-1129.84,-32.48,-193.56,-39.32,5.45
1352,0.56,-941.61,-36.39,-203.65,-111.44,5.45
1353,0.47,-820.86,-38.84,-268.12,-124.01,5.45
1354,0.64,-1234.07,-26.46,-300.68,-41.76,5.45
1355,0.81,-623.77,-28.15,-120.23,-37.22,5.45
1356,0.43,-616.07,-37.21,-278.17,-48.15,5.45
1357,0.38,-685.79,-28.32,-129.99,-38.64,4.81
1358,0.30,-138.39,-30.36,-68.91,-51.38,4.81
1359,0.58,-1051.27,-36.02,-389.40,-112.80,4.81
1360,0.38,-617.06,-37.37,-292.79,-118.77,4.81
1361,0.33,-593.48,-32.85,-204.42,-39.40,4.81
1362,0.37,-570.71,-31.68,-190.21,-46.75,4.81
1363,0.85,-1332.49,-37.71,-321.36,-41.28,4.81
1364,0.77,-1305.87,-37.37,-452.91,-125.35,4.81
1365,0.60,-852.40,-29.90,-167.34,-44.14,4.81
1366,0.31,-593.71,-31.68,-149.95,-45.58,4.81
1367,0.63,-1164.33,-35.74,-371.78,-115.42,4.81
1368,0.49,-789.62,-38.44,-238.91,-54.19,4.81
1369,0.29,-590.55,-35.97,-279.52,-122.71,4.49
1370,0.29,-625.05,-36.66,-223.02,-115.54,5.13
1371,0.86,-1086.43,-33.82,-270.25,-39.42,5.13
1372,0.53,-920.16,-28.94,-240.05,-37.98,4.17
1373,0.44,-777.72,-31.58,-166.86,-41.26,4.17
1374,0.60,-622.75,-32.20,-145.28,-51.20,4.17
1375,0.54,-1001.81,-34.25,-321.70,-63.05,4.49
1376,0.70,-1091.95,-33.45,-199.81,-42.65,5.13
1377,0.84,-636.28,-30.30,-294.89,-118.86,5.13
1378,0.42,-144.43,-38.20,-58.33,-44.45,5.13
1379,1.57,-502.81,-34.93,-116.52,-39.61,5.13
1380,0.94,-1413.15,-34.38,-593.50,-474.35,5.13
1381,0.51,-134.42,-36.89,-77.89,-43.48,5.13
1382,0.77,-233.16,-37.94,-68.84,-42.58,5.45
1383,0.57,-978.10,-31.71,-188.64,-42.33,5.45
1384,0.36,-610.30,-31.37,-128.71,-39.84,5.77
1385,0.65,-757.16,-32.82,-143.06,-44.27,5.77
1386,0.34,-43.78,-34.92,-39.42,-39.01,5.45
1387,0.71,-1477.58,-34.56,-257.78,-42.24,5.45
1388,0.62,-634.27,-39.69,-297.62,-121.57,5.45
1389,0.29,-625.16,-30.11,-149.30,-41.57,5.45
1390,0.31,-557.91,-35.81,-124.16,-45.97,5.45
1391,0.31,-91.20,-34.29,-46.20,-39.10,5.45
1392,0.62,-882.02,-43.61,-328.01,-126.97,5.45
1393,0.86,-1307.06,-36.51,-509.40,-471.38,4.49
1394,0.32,-177.04,-38.59,-89.67,-108.18,4.49
1395,0.30,-616.89,-38.85,-137.68,-43.04,5.77
1396,0.51,-895.60,-33.57,-198.09,-40.63,5.77
1397,0.31,-614.48,-32.84,-268.94,-37.29,5.77
1398,0.33,-587.06,-34.19,-196.15,-43.25,5.77
1399,0.58,-1034.45,-39.98,-351.20,-49.07,5.77
1400,1.17,-1334.75,-40.86,-302.50,-108.27,5.77
1401,0.66,-866.23,-28.25,-243.55,-40.95,5.77
1402,0.32,-52.99,-32.02,-39.42,-36.85,4.81
1403,0.29,-619.82,-28.81,-234.26,-132.04,4.81
1404,0.31,-590.75,-32.00,-117.83,-38.17,4.81
1405,0.33,-615.29,-31.35,-129.63,-36.35,4.81
1406,0.32,-624.56,-35.41,-150.10,-48.07,4.81
1407,0.33,-583.18,-29.17,-116.99,-41.11,4.81
1408,0.58,-1124.12,-34.19,-218.83,-53.15,4.81
1409,2.07,-1572.45,-31.68,-667.77,-603.72,4.81
1410,0.32,-628.04,-32.74,-213.39,-49.07,5.13
1411,0.38,-569.31,-32.31,-123.32,-36.68,5.13
1412,0.77,-732.01,-36.18,-220.95,-45.01,5.13
1413,0.52,-785.64,-35.11,-145.03,-36.92,5.13
1414,0.31,-141.14,-30.79,-67.29,-50.15,5.13
1415,0.86,-1141.55,-39.27,-430.45,-490.94,5.13
1416,0.38,-48.96,-37.23,-41.27,-39.94,4.17
1417,0.36,-567.98,-33.72,-128.61,-43.20,4.17
1418,0.77,-580.06,-35.49,-199.78,-42.75,4.81
1419,0.32,-44.39,-35.45,-39.60,-38.49,4.81
1420,0.27,-608.06,-38.14,-167.36,-111.88,4.81
1421,0.36,-128.68,-39.08,-65.21,-45.84,4.81
1422,0.59,-933.29,-31.11,-200.54,-99.38,4.81
1423,0.31,-136.77,-38.81,-75.50,-51.17,4.49
1424,0.36,-586.05,-36.43,-161.70,-111.45,4.49
1425,0.67,-1089.32,-41.82,-481.75,-594.29,4.17
1426,0.52,-828.74,-40.59,-343.20,-123.76,4.17
1427,0.30,-282.03,-35.92,-109.81,-108.60,4.17
1428,0.32,-124.29,-34.32,-64.71,-42.92,4.17
1429,0.67,-1183.21,-31.26,-214.97,-40.25,4.81
1430,0.35,-132.13,-35.28,-54.55,-43.93,4.81
1431,0.37,-598.03,-39.13,-213.55,-57.37,4.81
1432,0.38,-181.62,-31.53,-68.24,-40.75,4.81
1433,0.29,-113.44,-34.03,-78.02,-98.18,4.81
1434,0.56,-935.37,-34.36,-167.16,-40.39,4.81
1435,0.47,-801.25,-34.40,-156.69,-40.41,4.81
1436,0.49,-125.56,-33.86,-59.68,-42.45,4.49
1437,0.49,-746.50,-35.41,-218.54,-43.28,4.49
1438,0.32,-625.37,-27.83,-128.08,-41.80,4.49
1439,0.31,-602.10,-34.90,-121.14,-40.08,5.13
1440,0.63,-1081.07,-34.81,-285.14,-42.40,5.13
1441,0.31,-113.27,-31.73,-50.69,-40.06,5.13
1442,0.37,-556.39,-35.15,-205.09,-41.00,5.13
1443,0.48,-778.86,-33.91,-146.47,-42.01,5.13
1444,0.31,-155.78,-37.54,-64.82,-43.07,5.13
1445,0.43,-133.59,-35.98,-86.62,-111.00,5.13
1446,0.31,-190.89,-33.76,-86.87,-45.88,5.77
1447,0.84,-1001.92,-40.02,-321.91,-110.70,5.77
1448,0.47,-139.97,-35.93,-63.71,-44.66,5.77
1449,0.34,-142.69,-27.37,-64.80,-36.08,4.81
1450,0.47,-622.87,-32.74,-124.69,-38.18,4.81
1451,0.33,-615.19,-30.50,-129.94,-40.31,4.81
1452,0.73,-991.53,-35.73,-266.34,-38.57,4.81
1453,0.46,-123.00,-32.38,-63.19,-46.16,4.81
1454,0.76,-956.42,-36.17,-214.77,-43.21,4.81
1455,0.41,-555.42,-34.64,-139.23,-47.52,4.49
1456,0.30,-567.81,-29.54,-137.38,-37.04,4.49
1457,0.34,-603.39,-38.98,-210.98,-53.91,4.49
1458,0.58,-1077.56,-33.79,-200.54,-41.40,5.13
1459,0.57,-813.17,-36.05,-244.33,-49.54,5.45
1460,0.91,-1226.27,-35.72,-411.27,-349.59,5.45
1461,0.40,-596.68,-32.88,-119.21,-39.70,5.45
1462,0.62,-897.16,-36.68,-162.36,-38.85,5.45
1463,0.30,-619.91,-36.89,-213.70,-70.52,5.45
1464,0.31,-595.29,-35.97,-207.63,-52.23,5.13
1465,0.31,-614.29,-29.16,-152.68,-44.29,5.13
1466,0.34,-615.13,-38.05,-122.05,-39.98,5.13
1467,0.37,-115.42,-29.53,-51.45,-43.26,4.81
1468,0.42,-424.08,-31.87,-106.18,-41.46,4.81
1469,0.42,-586.71,-38.17,-129.26,-39.71,4.81
1470,0.75,-1271.66,-31.63,-307.29,-53.06,5.13
1471,0.72,-936.09,-36.55,-346.30,-135.95,5.13
1472,0.34,-596.14,-29.02,-157.93,-112.52,5.13
1473,0.29,-543.36,-23.78,-118.11,-41.10,5.13
1474,0.52,-966.37,-37.00,-270.57,-54.62,5.77
1475,0.70,-1177.37,-36.19,-424.97,-44.60,5.45
1476,0.43,-541.77,-34.79,-246.37,-42.83,5.45
1477,0.71,-1250.28,-35.26,-296.50,-59.04,5.77
1478,0.39,-543.77,-30.04,-110.52,-39.48,5.77
1479,0.34,-539.67,-32.68,-120.05,-40.46,6.41
1480,0.70,-275.91,-33.12,-77.72,-47.93,5.77
1481,0.40,-171.88,-36.78,-60.25,-41.01,5.77
1482,0.83,-1053.43,-33.79,-185.87,-43.72,5.77
1483,0.30,-113.67,-31.56,-52.72,-40.78,5.77
1484,0.77,-1253.10,-38.18,-293.50,-53.69,5.77
1485,0.77,-469.54,-37.66,-121.62,-48.08,4.81
1486,0.44,-147.24,-31.46,-54.12,-39.25,5.77
1487,0.47,-128.27,-35.98,-62.25,-40.05,5.77
1488,0.30,-132.03,-35.43,-52.65,-39.54,5.77
1489,0.67,-606.13,-36.63,-203.01,-44.56,5.77
1490,0.42,-622.21,-29.61,-279.02,-51.79,5.77
1491,0.36,-60.55,-33.65,-41.56,-36.88,5.77
1492,0.37,-613.39,-32.87,-124.67,-44.29,6.09
1493,0.60,-1071.08,-39.43,-330.09,-110.57,6.09
1494,0.40,-616.15,-37.24,-205.77,-45.25,6.09
1495,0.41,-616.62,-33.43,-201.50,-40.70,5.45
1496,0.68,-1117.07,-35.05,-281.31,-52.13,5.13
1497,0.43,-46.61,-33.34,-39.68,-38.80,5.13
1498,0.49,-621.65,-30.43,-145.72,-43.96,5.13
1499,0.86,-1046.89,-39.82,-400.67,-49.96,5.13
1500,1.16,-574.48,-27.70,-255.83,-42.42,5.13
1501,0.43,-771.80,-33.46,-216.98,-39.29,5.13
1502,0.77,-1239.86,-39.64,-229.89,-46.12,5.13
1503,0.35,-536.47,-36.74,-137.76,-43.05,5.13
1504,0.83,-1058.68,-34.64,-210.19,-47.51,5.13
1505,0.53,-809.08,-36.79,-213.53,-47.02,5.13
1506,0.61,-788.96,-36.75,-305.65,-126.29,5.13
1507,0.41,-552.82,-34.26,-116.39,-45.12,6.09
1508,0.33,-134.81,-36.18,-55.26,-42.60,6.09
1509,0.32,-88.75,-29.15,-44.06,-37.37,6.09
1510,1.41,-471.51,-31.80,-102.24,-43.01,6.09
1511,0.68,-573.09,-34.25,-130.08,-43.53,6.09
1512,0.31,-134.70,-31.26,-52.66,-39.15,6.09
1513,0.69,-680.15,-34.32,-232.09,-114.30,6.09
1514,0.61,-905.72,-36.22,-163.74,-41.80,6.09
1515,0.84,-568.77,-33.37,-305.42,-337.49,5.45
1516,0.47,-849.89,-33.12,-355.13,-136.96,5.45
1517,0.40,-133.28,-35.80,-78.60,-42.13,5.45
1518,0.67,-911.26,-30.73,-163.26,-42.50,5.13
1519,0.32,-564.13,-30.68,-139.67,-46.73,5.45
1520,0.50,-871.38,-34.39,-158.04,-39.14,5.45
1521,0.35,-620.80,-33.17,-122.73,-41.57,5.45
1522,0.31,-635.07,-33.72,-124.95,-40.50,5.77
1523,0.75,-664.53,-37.17,-130.36,-39.74,6.09
1524,0.71,-408.28,-38.02,-119.22,-56.91,6.09
1525,0.32,-579.15,-35.13,-131.26,-39.16,4.81
1526,0.34,-305.72,-33.53,-107.98,-40.49,4.81
1527,0.41,-737.03,-39.84,-157.02,-43.10,4.81
1528,0.36,-582.76,-36.69,-206.18,-43.05,4.81
1529,0.41,-603.77,-34.86,-207.14,-38.08,5.77
1530,0.40,-115.62,-37.47,-53.02,-40.34,5.45
1531,0.32,-614.35,-33.69,-131.79,-45.27,5.45
1532,0.88,-411.69,-34.17,-105.49,-42.26,5.45
1533,0.39,-47.07,-28.98,-36.88,-36.90,5.45
1534,0.54,-848.61,-38.27,-363.93,-115.07,6.09
1535,0.32,-590.63,-35.74,-263.82,-43.38,5.45
1536,0.47,-845.55,-29.49,-259.75,-128.90,5.45
1537,0.34,-51.97,-35.65,-40.56,-40.35,5.45
1538,0.49,-795.89,-33.79,-233.24,-47.59,5.45
1539,0.32,-623.98,-39.67,-210.77,-50.49,5.45
1540,0.30,-650.45,-39.68,-309.87,-167.26,5.13
1541,0.66,-590.42,-37.90,-211.86,-110.92,5.13
1542,0.32,-606.08,-31.92,-240.86,-130.13,5.13
1543,0.31,-143.99,-28.36,-65.00,-40.30,4.81
1544,0.30,-157.42,-33.68,-89.22,-111.45,4.17
1545,0.65,-1074.07,-33.21,-409.61,-126.44,4.17
1546,0.47,-848.16,-33.98,-169.28,-41.21,3.85
1547,0.60,-608.96,-36.97,-219.23,-112.44,3.85
1548,0.32,-612.66,-41.62,-307.54,-131.02,3.85
1549,0.31,-594.53,-33.39,-142.97,-78.14,3.85
1550,0.47,-787.77,-28.96,-175.57,-79.20,3.85
1551,0.31,-605.92,-43.05,-369.01,-577.45,3.85
1552,0.73,-576.44,-33.39,-167.21,-46.61,3.85
1553,0.41,-636.61,-38.42,-233.96,-129.21,3.85
1554,0.52,-877.00,-34.13,-398.67,-576.82,3.85
1555,1.13,-1003.00,-40.03,-344.28,-126.88,3.85
1556,0.44,-133.83,-34.67,-66.38,-44.40,3.85
1557,0.59,-1112.69,-33.96,-191.81,-37.32,4.81
1558,0.32,-553.53,-30.15,-196.51,-111.86,4.81
1559,0.74,-580.45,-32.94,-191.40,-42.67,4.81
1560,2.61,-669.41,-38.73,-138.56,-46.96,4.81
1561,1.20,-871.94,-34.12,-335.85,-134.57,4.81
1562,0.31,-111.07,-38.92,-58.55,-41.41,5.13
1563,0.33,-604.53,-35.42,-122.85,-41.73,5.77
1564,0.59,-144.19,-33.20,-72.99,-44.93,5.45
1565,0.35,-114.20,-34.41,-56.08,-41.52,5.45
1566,0.40,-122.81,-39.26,-56.38,-46.94,5.45
1567,0.34,-597.93,-37.59,-134.07,-46.75,4.81
1568,0.54,-828.72,-39.56,-244.55,-51.57,4.81
1569,0.60,-1021.57,-35.08,-285.55,-94.36,4.81
1570,0.32,-112.23,-35.89,-62.98,-44.89,4.81
1571,0.50,-424.69,-31.73,-109.12,-41.06,4.81
1572,0.64,-813.01,-32.03,-244.71,-41.44,4.81
1573,0.30,-153.95,-34.00,-65.42,-40.65,4.17
1574,1.00,-1385.38,-32.00,-254.27,-41.69,4.17
1575,0.60,-1187.42,-33.73,-204.63,-40.48,5.45
1576,0.39,-562.62,-31.85,-139.13,-45.84,5.45
1577,0.54,-801.91,-34.77,-230.92,-37.99,5.45
1578,0.58,-753.64,-35.00,-330.66,-123.81,5.45
1579,0.31,-131.48,-34.02,-62.47,-41.08,5.45
1580,0.75,-873.85,-37.58,-303.82,-53.36,5.45
1581,0.60,-916.41,-32.55,-370.51,-47.59,5.45
1582,0.31,-145.13,-30.31,-53.14,-39.13,5.13
1583,2.33,-666.53,-37.53,-226.03,-106.87,3.53
1584,0.70,-1023.90,-36.71,-476.99,-547.45,3.53
1585,0.44,-795.51,-30.57,-191.10,-112.54,3.53
1586,0.36,-187.59,-36.26,-92.04,-108.91,4.81
1587,0.48,-863.01,-36.96,-319.14,-45.86,4.81
1588,0.42,-206.68,-35.18,-73.54,-42.63,4.81
1589,0.71,-601.46,-35.27,-197.21,-37.20,5.77
1590,0.50,-830.88,-36.28,-170.62,-41.05,5.77
1591,0.31,-112.24,-34.60,-49.02,-39.02,5.77
1592,0.38,-635.86,-33.23,-136.62,-43.44,5.77
1593,0.32,-534.99,-35.42,-122.68,-39.88,5.77
1594,0.37,-586.58,-33.34,-132.13,-48.86,5.77
1595,0.88,-938.37,-37.35,-279.56,-123.83,5.77
1596,0.82,-568.93,-35.29,-179.83,-43.62,5.77
1597,0.43,-569.68,-38.27,-128.72,-41.96,5.77
1598,0.36,-141.10,-36.88,-71.10,-51.04,5.77
1599,0.36,-570.97,-34.92,-188.66,-43.20,5.77
1600,0.66,-1071.36,-35.05,-186.13,-40.49,5.77
1601,0.58,-1038.61,-32.58,-256.23,-48.05,5.77
1602,0.53,-573.23,-37.99,-118.09,-44.20,5.77
1603,0.31,-543.97,-36.13,-122.43,-39.46,5.77
1604,0.71,-1304.33,-29.55,-245.83,-45.64,5.77
1605,0.31,-575.62,-32.31,-142.12,-48.93,5.45
1606,0.63,-1131.74,-35.54,-291.55,-46.25,4.81
1607,0.75,-638.78,-35.05,-145.07,-40.76,5.13
1608,0.32,-585.49,-29.91,-196.22,-51.43,6.73
1609,0.36,-188.24,-36.34,-70.83,-40.62,6.73
1610,0.41,-584.30,-33.07,-117.22,-38.81,6.73
1611,0.59,-43.85,-33.20,-38.55,-39.03,6.73
1612,0.62,-949.79,-35.41,-188.85,-40.74,6.73
1613,0.43,-43.25,-36.04,-40.36,-40.49,6.73
1614,0.32,-43.23,-32.72,-37.30,-36.58,5.13
1615,0.31,-548.82,-32.36,-114.44,-46.23,5.13
1616,0.63,-790.35,-32.19,-268.33,-47.71,5.13
1617,0.31,-132.34,-33.43,-58.78,-42.36,5.13
1618,0.31,-135.21,-34.50,-63.13,-42.14,5.13
1619,0.61,-1008.76,-38.72,-285.21,-48.30,4.49
1620,0.37,-110.14,-31.92,-48.43,-36.84,4.49
1621,0.77,-1461.66,-37.58,-483.33,-572.16,4.49
1622,0.73,-909.78,-30.57,-239.72,-51.95,5.77
1623,0.35,-567.85,-34.42,-192.48,-53.65,5.77
1624,0.51,-774.31,-29.01,-221.43,-38.23,5.77
1625,0.58,-879.91,-34.09,-173.24,-44.99,5.77
1626,0.66,-1069.25,-33.41,-282.68,-106.70,5.77
1627,0.32,-597.37,-34.35,-129.00,-39.03,5.77
1628,0.49,-859.56,-38.78,-272.17,-182.83,5.77
1629,0.77,-1161.84,-40.22,-468.56,-114.83,5.77
1630,0.30,-124.67,-32.04,-59.73,-39.07,5.45
1631,0.40,-132.14,-32.33,-55.54,-41.48,5.45
1632,0.32,-123.23,-30.24,-62.08,-44.42,5.45
1633,0.32,-48.72,-33.90,-40.02,-37.82,5.77
1634,0.90,-1063.96,-38.43,-188.36,-43.10,5.77
1635,0.71,-1250.75,-34.75,-213.69,-45.01,5.77
1636,2.14,-1852.29,-33.62,-300.56,-44.39,5.77
1637,0.71,-1137.53,-36.64,-329.40,-42.65,6.09
1638,0.42,-130.54,-32.86,-63.50,-38.34,6.09
1639,0.31,-123.04,-30.98,-47.48,-35.47,6.09
1640,0.34,-630.72,-33.97,-213.90,-46.81,6.09
1641,0.33,-585.57,-32.04,-118.72,-41.83,6.09
1642,0.71,-1141.19,-32.76,-274.41,-36.56,6.09
1643,0.91,-1483.71,-36.91,-348.53,-96.28,4.81
1644,0.30,-589.67,-36.46,-144.64,-46.91,4.81
1645,0.74,-1121.36,-34.27,-214.41,-43.78,4.81
1646,0.30,-542.98,-37.86,-133.18,-45.99,5.45
1647,0.83,-562.68,-36.67,-125.98,-41.58,5.77
1648,0.75,-1286.77,-30.81,-236.50,-40.81,5.77
1649,0.42,-608.56,-32.45,-130.10,-39.09,5.77
1650,0.38,-608.39,-35.10,-139.30,-47.76,4.81
1651,0.32,-569.25,-36.60,-127.70,-47.95,4.81
1652,0.41,-130.67,-37.26,-54.33,-44.59,4.81
1653,0.69,-578.60,-34.75,-117.62,-41.71,5.13
1654,0.36,-111.21,-33.61,-50.00,-39.93,6.09
1655,0.44,-796.70,-35.53,-253.13,-129.06,6.09
1656,0.48,-125.04,-31.53,-63.16,-45.97,5.77
1657,0.42,-603.80,-35.02,-132.52,-50.21,5.77
1658,0.34,-628.89,-27.33,-143.03,-39.26,5.77
1659,0.61,-831.97,-35.49,-255.30,-111.01,5.77
1660,0.33,-131.01,-33.76,-53.46,-41.06,5.77
1661,0.59,-962.87,-34.73,-182.66,-41.13,6.09
1662,0.50,-852.60,-38.00,-238.51,-46.09,6.09
1663,0.59,-45.91,-34.49,-42.24,-43.87,6.09
1664,0.92,-1034.62,-36.42,-400.66,-53.35,6.09
1665,0.40,-551.10,-34.78,-117.56,-45.18,6.09
1666,0.76,-347.20,-35.87,-84.50,-39.35,6.09
1667,0.36,-606.78,-34.36,-279.02,-129.64,6.09
1668,0.65,-922.47,-35.86,-387.98,-46.64,5.77
1669,0.31,-52.07,-33.10,-42.47,-42.89,5.77
1670,0.72,-1165.92,-32.14,-226.19,-46.35,5.77
1671,0.31,-95.68,-31.11,-46.50,-40.86,5.77
1672,0.39,-583.63,-33.27,-118.75,-44.38,5.77
1673,0.32,-113.60,-31.50,-62.20,-47.23,5.77
1674,1.09,-1222.97,-31.86,-207.82,-44.13,4.49
1675,0.79,-1169.25,-36.28,-361.05,-47.98,4.49
1676,0.62,-1175.31,-34.86,-468.11,-555.83,4.49
1677,0.66,-1091.17,-36.92,-331.13,-40.19,4.49
1678,0.77,-654.89,-32.77,-213.92,-42.64,4.49
1679,0.30,-140.30,-35.86,-70.41,-43.73,4.81
1680,0.49,-587.56,-36.40,-207.96,-50.73,4.81
1681,0.44,-828.34,-35.27,-398.47,-566.23,4.81
1682,0.31,-584.31,-37.30,-139.57,-41.01,4.81
1683,0.32,-602.31,-32.90,-118.65,-39.77,4.81
1684,0.31,-567.18,-35.91,-115.81,-40.94,4.81
1685,0.33,-618.67,-34.10,-135.75,-41.54,4.81
1686,0.69,-629.68,-31.22,-141.66,-37.77,4.81
1687,0.42,-127.07,-38.39,-55.40,-43.81,4.81
1688,0.58,-941.97,-35.70,-463.34,-619.16,4.81
1689,0.30,-110.48,-26.52,-46.57,-39.00,4.81
1690,0.85,-1142.10,-33.39,-425.86,-42.15,3.85
1691,0.31,-563.48,-37.56,-142.15,-43.65,4.17
1692,0.64,-1132.86,-37.32,-285.68,-49.66,4.17
1693,0.82,-707.75,-27.47,-155.73,-44.02,4.17
1694,0.61,-980.94,-35.29,-192.30,-45.23,3.85
1695,0.29,-605.03,-29.47,-126.69,-41.11,3.85
1696,0.30,-638.88,-33.62,-136.86,-39.18,3.85
1697,0.33,-133.93,-38.64,-81.82,-65.21,3.85
1698,0.66,-1260.33,-38.90,-299.87,-48.60,3.85
1699,0.31,-610.83,-35.01,-135.90,-42.37,3.21
1700,0.31,-623.97,-35.07,-150.56,-45.58,4.81
1701,0.30,-639.35,-32.26,-145.08,-44.54,5.13
1702,0.31,-124.09,-32.81,-50.27,-36.80,5.13
1703,0.45,-809.77,-31.04,-162.85,-44.06,3.85
1704,0.70,-1285.03,-40.48,-352.84,-45.57,4.17
1705,0.29,-627.58,-35.50,-162.11,-124.16,4.17
1706,0.47,-455.99,-29.06,-109.65,-44.95,4.81
1707,0.63,-961.38,-35.42,-371.79,-110.44,4.81
1708,0.58,-1046.86,-31.28,-283.19,-50.98,4.81
1709,0.34,-601.41,-41.17,-210.43,-50.89,4.49
1710,0.83,-1249.82,-39.45,-254.78,-113.35,4.49
1711,0.73,-886.96,-39.82,-266.09,-114.91,4.49
1712,0.54,-912.30,-36.20,-189.97,-40.42,5.45
1713,0.38,-135.05,-31.29,-64.35,-43.10,5.13
1714,0.30,-543.79,-36.62,-112.05,-40.37,5.45
1715,0.37,-564.90,-34.86,-132.46,-41.28,5.45
1716,0.58,-1000.00,-34.63,-188.65,-43.44,5.45
1717,0.34,-115.72,-34.57,-61.38,-40.47,5.45
1718,0.31,-589.88,-31.81,-119.13,-42.46,5.45
1719,0.37,-550.04,-32.61,-119.50,-36.06,6.09
1720,0.43,-725.28,-30.23,-136.44,-37.94,6.09
1721,0.40,-598.00,-26.05,-192.80,-43.08,5.45
1722,0.48,-828.05,-31.63,-162.86,-38.33,6.09
1723,0.34,-48.68,-36.26,-42.40,-42.51,5.45
1724,0.34,-120.67,-35.79,-51.96,-39.02,5.45
1725,0.39,-548.07,-30.61,-147.83,-114.78,5.45
1726,0.68,-1428.12,-36.45,-331.72,-49.86,5.45
1727,0.70,-923.72,-34.27,-275.17,-124.01,5.45
1728,0.59,-1114.80,-36.44,-381.86,-42.00,4.81
1729,1.09,-1343.28,-36.92,-321.65,-45.24,4.81
1730,0.40,-611.13,-30.95,-144.89,-53.25,4.81
1731,0.48,-910.68,-32.77,-249.06,-50.50,4.81
1732,0.56,-1084.10,-34.77,-187.84,-38.65,4.81
1733,0.32,-608.44,-32.14,-140.84,-38.07,4.81
1734,0.28,-571.63,-31.39,-196.98,-39.02,4.81
1735,0.32,-608.90,-34.31,-120.34,-41.31,4.49
1736,0.55,-1028.80,-29.45,-209.60,-110.38,4.49
1737,0.33,-624.02,-34.97,-136.30,-40.99,4.81
1738,0.62,-880.84,-35.46,-439.85,-569.72,4.81
1739,0.42,-139.65,-32.44,-55.63,-42.84,4.81
1740,0.38,-630.86,-32.84,-369.45,-583.78,4.81
1741,0.38,-597.13,-33.69,-149.46,-98.14,4.81
1742,0.36,-132.60,-33.39,-77.25,-45.31,5.13
1743,0.61,-862.93,-36.35,-285.66,-132.34,4.81
1744,0.43,-597.63,-35.67,-189.20,-45.72,4.81
1745,0.40,-123.30,-25.57,-52.42,-43.05,4.81
1746,0.35,-46.22,-35.10,-39.13,-37.16,4.81
1747,0.62,-903.04,-31.30,-170.20,-42.94,4.17
1748,0.30,-367.12,-31.71,-97.31,-43.23,4.17
1749,0.65,-1226.01,-35.59,-353.09,-46.79,3.85
1750,0.65,-1251.65,-36.45,-343.20,-157.46,3.85
1751,0.84,-601.08,-37.20,-200.71,-49.74,3.85
1752,0.50,-919.87,-30.83,-164.60,-39.62,4.17
1753,0.69,-1152.00,-36.24,-401.21,-129.77,4.17
1754,0.32,-621.82,-30.28,-287.20,-45.70,3.85
1755,0.28,-567.07,-38.24,-129.21,-46.57,3.85
1756,0.41,-496.93,-33.57,-136.01,-111.98,5.13
1757,0.62,-1013.04,-33.85,-194.66,-42.30,5.77
1758,0.62,-536.52,-36.93,-142.65,-39.73,4.81
1759,0.30,-133.41,-36.16,-51.50,-37.63,5.77
1760,0.33,-114.47,-30.91,-48.62,-38.19,5.77
1761,0.59,-859.56,-35.47,-158.12,-42.78,5.77
1762,0.30,-591.32,-34.99,-199.12,-42.13,5.77
1763,0.31,-523.95,-35.01,-118.98,-39.68,5.77
1764,0.33,-595.60,-31.48,-189.53,-41.88,4.81
1765,0.70,-608.58,-37.57,-206.24,-41.03,4.81
1766,0.33,-610.91,-34.31,-213.01,-45.19,4.81
1767,0.31,-564.54,-40.60,-142.99,-47.36,4.81
1768,1.68,-1679.53,-33.46,-569.61,-128.83,4.81
1769,0.68,-1224.45,-35.81,-225.23,-38.96,4.81
1770,0.31,-617.80,-31.82,-208.63,-42.80,4.81
1771,1.14,-994.66,-39.06,-384.86,-349.12,4.49
1772,0.47,-606.84,-30.18,-143.36,-42.61,4.81
1773,0.28,-628.31,-30.98,-181.58,-124.41,4.81
1774,0.29,-601.30,-32.76,-128.40,-38.77,4.81
1775,0.58,-631.97,-35.05,-295.32,-112.55,4.81
1776,0.29,-135.98,-28.38,-74.65,-39.44,5.77
1777,0.54,-926.99,-40.93,-210.12,-113.85,5.77
1778,0.35,-609.82,-30.26,-119.65,-35.78,5.77
1779,0.28,-598.28,-35.02,-232.32,-130.63,5.77
1780,0.35,-43.56,-33.54,-38.01,-37.63,5.45
1781,0.35,-140.26,-38.67,-80.15,-44.37,5.45
1782,0.31,-587.74,-32.65,-143.83,-49.28,5.45
1783,0.31,-597.32,-30.30,-128.05,-39.13,5.45
1784,3.32,-1127.98,-39.35,-540.45,-624.64,5.45
1785,0.34,-622.63,-30.82,-202.03,-41.34,5.45
1786,0.41,-126.03,-34.02,-59.58,-40.76,5.45
1787,0.34,-604.10,-32.71,-205.15,-43.67,5.77
1788,0.50,-840.01,-30.62,-175.00,-42.25,6.09
1789,0.69,-1159.89,-36.44,-199.50,-40.70,6.09
1790,0.33,-404.44,-33.65,-103.81,-39.54,6.09
1791,0.45,-744.03,-33.68,-173.62,-110.20,6.09
1792,0.63,-566.88,-34.13,-117.22,-42.08,5.45
1793,0.74,-1126.40,-34.74,-218.32,-44.83,5.45
1794,0.62,-585.08,-36.97,-181.89,-46.20,5.45
1795,0.68,-957.25,-31.73,-194.79,-56.84,5.45
1796,0.36,-614.31,-35.98,-143.38,-43.14,5.77
1797,0.34,-556.57,-32.90,-124.18,-41.66,5.13
1798,0.70,-614.77,-32.71,-171.28,-40.46,5.13
1799,0.35,-135.01,-32.75,-55.39,-46.67,5.13
1800,0.33,-119.80,-34.40,-62.69,-43.63,5.13
1801,0.38,-598.08,-40.93,-221.80,-124.08,5.13
1802,0.59,-891.22,-33.91,-181.60,-42.52,5.13
1803,0.70,-1175.83,-33.34,-241.46,-49.84,6.09
1804,0.32,-599.10,-32.15,-149.59,-52.30,6.73
1805,0.44,-632.55,-30.33,-123.65,-38.53,6.73
1806,0.53,-787.60,-36.60,-158.52,-38.59,6.73
1807,0.62,-160.76,-39.98,-79.31,-41.89,6.73
1808,0.55,-611.15,-39.48,-183.47,-142.83,6.73
1809,0.36,-579.24,-31.11,-116.56,-41.35,6.73
1810,0.37,-51.60,-34.60,-42.97,-43.31,7.05
1811,0.31,-70.63,-33.83,-43.49,-39.72,4.81
1812,0.73,-942.76,-37.77,-237.09,-42.57,4.81
1813,0.60,-606.70,-37.94,-161.72,-99.25,4.81
1814,0.63,-1121.83,-29.25,-315.14,-47.30,4.81
1815,0.71,-1257.94,-36.53,-374.49,-45.75,4.81
1816,0.69,-810.54,-33.49,-237.12,-43.90,4.81
1817,1.11,-469.66,-35.07,-101.60,-42.33,3.53
1818,0.28,-592.32,-39.29,-155.14,-109.95,3.53
1819,0.69,-1201.15,-32.28,-205.01,-40.65,3.53
1820,0.52,-977.17,-37.22,-340.00,-114.47,3.53
1821,0.67,-1056.00,-35.46,-375.47,-189.44,3.53
1822,0.38,-630.50,-36.54,-222.14,-88.25,4.81
1823,0.29,-568.02,-34.08,-143.20,-75.60,4.81
1824,0.43,-612.88,-35.46,-122.55,-41.36,4.81
1825,0.29,-572.97,-32.35,-198.30,-39.83,4.81
1826,0.43,-125.95,-36.84,-63.92,-42.88,4.81
1827,0.34,-39.43,-31.39,-35.49,-35.05,4.81
1828,0.30,-645.06,-31.12,-126.60,-43.22,5.77
1829,0.34,-590.73,-36.80,-216.01,-56.72,5.77
1830,0.39,-112.09,-34.21,-49.47,-40.09,4.81
1831,0.43,-610.71,-35.38,-136.16,-42.58,4.81
1832,0.30,-617.61,-32.83,-133.93,-44.67,5.13
1833,0.36,-580.97,-31.74,-187.73,-38.02,5.13
1834,0.71,-577.42,-32.38,-139.39,-51.06,5.13
1835,3.14,-818.78,-35.86,-303.76,-41.93,5.13
1836,0.32,-48.92,-35.82,-41.10,-40.47,4.81
1837,0.46,-820.83,-38.34,-164.60,-43.40,4.81
1838,0.32,-617.75,-34.24,-144.80,-53.20,5.45
1839,0.41,-728.14,-34.96,-148.94,-42.87,5.45
1840,0.46,-548.84,-27.92,-184.07,-44.94,5.45
1841,0.59,-866.60,-33.23,-160.36,-43.20,5.13
1842,0.74,-647.99,-38.82,-297.46,-127.70,5.13
1843,0.31,-619.35,-28.26,-117.97,-37.06,5.13
1844,0.71,-1150.05,-36.23,-296.58,-133.50,5.13
1845,0.83,-587.14,-39.00,-132.96,-43.57,6.41
1846,0.31,-135.61,-31.56,-64.62,-46.63,6.41
1847,0.33,-134.76,-36.75,-67.57,-46.56,5.77
1848,0.36,-584.87,-35.47,-205.58,-44.27,5.13
1849,0.39,-116.46,-34.66,-52.00,-42.67,5.13
1850,0.35,-127.45,-36.35,-52.90,-40.81,5.13
1851,0.55,-1053.92,-28.80,-263.60,-42.40,5.13
1852,0.31,-95.17,-38.16,-50.24,-41.84,5.13
1853,0.31,-598.93,-34.12,-132.32,-43.64,5.13
1854,0.40,-166.78,-32.35,-60.95,-43.59,5.13
1855,0.57,-840.15,-36.63,-397.68,-577.66,5.13
1856,0.32,-131.13,-29.78,-78.67,-86.69,5.13
1857,0.31,-623.44,-32.03,-210.23,-53.22,5.13
1858,0.38,-537.63,-39.53,-140.29,-51.05,4.49
1859,0.30,-571.93,-35.89,-147.53,-111.06,4.49
1860,0.29,-607.99,-34.95,-304.22,-135.87,4.49
1861,0.53,-883.44,-27.41,-276.86,-54.12,4.49
1862,1.17,-359.32,-36.21,-132.06,-43.91,4.49
1863,0.70,-1185.02,-33.28,-288.09,-40.58,4.49
1864,0.48,-124.55,-43.73,-74.60,-49.75,4.17
1865,0.29,-557.03,-33.35,-136.81,-44.09,4.49
1866,0.49,-845.25,-33.16,-152.58,-36.29,4.49
1867,0.44,-853.02,-37.53,-232.86,-44.88,4.49
1868,0.69,-907.38,-34.09,-333.08,-109.69,4.49
1869,0.39,-623.98,-36.39,-216.47,-42.82,4.49
1870,0.42,-481.66,-35.74,-159.82,-45.46,6.09
1871,0.38,-607.40,-34.78,-131.92,-39.91,6.09
1872,0.37,-590.26,-33.75,-128.76,-43.35,6.09
1873,0.37,-656.45,-34.94,-142.87,-38.57,6.09
1874,0.36,-45.33,-33.43,-39.47,-39.08,5.13
1875,0.42,-567.37,-36.46,-141.52,-55.73,5.13
1876,0.74,-1171.47,-29.15,-195.97,-34.68,5.13
1877,0.44,-753.08,-35.55,-236.11,-100.81,5.13
1878,0.75,-1214.09,-27.83,-325.04,-37.83,4.81
1879,0.55,-1078.50,-31.36,-213.71,-42.56,6.09
1880,0.33,-572.90,-34.16,-123.99,-35.82,4.81
1881,0.31,-640.70,-31.70,-154.99,-109.11,6.09
1882,0.78,-580.75,-34.34,-126.49,-40.33,6.09
1883,0.60,-1086.84,-36.65,-200.42,-43.45,6.09
1884,0.69,-898.15,-38.47,-257.69,-44.18,6.09
1885,0.64,-576.15,-30.81,-212.65,-50.26,6.09
1886,0.51,-52.96,-29.60,-38.15,-35.72,6.09
1887,0.58,-1098.19,-31.74,-353.91,-102.28,7.37
1888,0.36,-133.63,-32.98,-53.53,-42.86,7.37
1889,0.90,-1210.43,-33.40,-285.44,-34.79,7.05
1890,0.38,-133.31,-35.31,-75.11,-52.09,7.05
1891,0.38,-619.12,-37.51,-136.98,-45.62,7.05
1892,0.39,-592.12,-35.88,-197.16,-43.44,7.05
1893,0.34,-577.47,-35.44,-129.32,-41.83,7.05
1894,0.43,-566.75,-29.33,-136.61,-60.47,7.05
1895,0.44,-47.95,-33.64,-39.26,-37.18,7.05
1896,0.44,-578.08,-36.01,-118.74,-43.81,7.37
1897,0.73,-823.02,-41.67,-237.39,-48.40,7.37
1898,0.36,-556.49,-31.58,-112.48,-37.67,7.37
1899,0.48,-573.29,-31.65,-113.26,-36.59,7.37
1900,0.31,-604.12,-32.27,-146.39,-48.91,7.37
1901,0.35,-128.36,-33.21,-49.82,-36.53,7.37
1902,0.38,-47.26,-31.46,-39.10,-38.99,7.37
1903,0.33,-43.38,-31.38,-37.81,-38.10,7.37
1904,0.42,-629.46,-33.91,-122.73,-38.58,7.37
1905,0.84,-639.57,-35.21,-147.99,-38.59,7.37
1906,0.37,-620.57,-36.64,-288.54,-114.02,7.37
1907,0.50,-52.51,-36.45,-41.16,-40.00,7.37
1908,0.43,-635.97,-32.94,-123.64,-39.35,7.69
1909,0.42,-136.85,-35.98,-65.57,-39.11,7.69
1910,0.43,-52.83,-33.30,-42.15,-39.81,7.37
1911,0.54,-879.98,-39.68,-242.41,-45.92,7.37
1912,0.33,-108.67,-29.82,-53.81,-40.81,6.09
1913,0.64,-1066.81,-39.52,-294.93,-46.86,6.41
1914,0.68,-839.82,-32.70,-154.44,-39.91,5.13
1915,1.15,-1291.08,-33.34,-405.43,-45.56,6.09
1916,0.36,-52.33,-31.23,-40.26,-38.09,6.09
1917,0.34,-47.57,-27.20,-38.49,-39.00,6.09
1918,0.75,-627.31,-32.52,-214.12,-45.62,4.81
1919,0.31,-137.80,-33.98,-50.11,-34.89,4.81
1920,0.31,-586.95,-35.18,-129.50,-40.93,4.81
1921,0.48,-859.95,-30.54,-230.41,-46.82,4.81
1922,0.66,-1219.65,-30.71,-313.64,-112.42,4.81
1923,0.40,-610.50,-35.02,-147.90,-49.11,4.49
1924,0.64,-948.62,-33.00,-262.55,-38.41,4.49
1925,0.94,-618.27,-36.35,-247.22,-46.56,4.49
1926,0.83,-908.67,-33.14,-261.93,-112.69,4.49
1927,0.29,-136.63,-36.29,-78.07,-44.46,5.13
1928,0.34,-593.03,-36.32,-142.47,-42.85,5.13
1929,0.33,-591.70,-36.11,-177.72,-43.83,4.49
1930,0.29,-587.21,-36.34,-218.64,-112.91,4.49
1931,0.40,-537.21,-32.56,-152.16,-45.17,4.49
1932,0.62,-1027.73,-34.49,-300.97,-122.20,4.81
1933,0.58,-968.35,-29.52,-184.45,-40.65,4.17
1934,0.32,-187.52,-32.98,-60.14,-37.38,4.17
1935,0.31,-563.70,-34.47,-137.04,-48.08,4.17
1936,0.31,-594.11,-33.17,-218.45,-112.19,3.85
1937,0.37,-426.61,-31.41,-95.64,-44.10,3.85
1938,0.58,-1169.76,-35.81,-294.43,-48.73,3.85
1939,1.04,-1372.24,-37.91,-313.05,-111.60,3.85
1940,0.66,-1132.22,-34.34,-229.83,-110.02,3.85
1941,0.77,-1256.02,-37.46,-370.20,-41.12,3.85
1942,0.35,-131.72,-37.40,-76.22,-44.80,3.85
1943,0.40,-774.84,-35.90,-318.55,-128.69,3.85
1944,0.62,-1214.68,-30.18,-288.70,-44.88,3.85
1945,0.32,-136.09,-42.33,-83.15,-90.58,3.85
1946,0.30,-115.91,-38.00,-75.13,-83.15,3.85
1947,0.91,-1261.38,-38.38,-536.37,-434.55,3.85
1948,0.42,-140.75,-35.91,-82.96,-90.04,3.85
1949,0.72,-1182.97,-32.85,-307.55,-40.97,3.85
1950,0.36,-741.61,-38.68,-217.20,-45.84,3.85
1951,0.47,-416.63,-37.78,-108.15,-43.10,3.85
1952,0.45,-128.12,-28.87,-49.89,-39.84,4.17
1953,0.34,-632.91,-29.10,-226.90,-105.96,4.17
1954,0.61,-992.72,-26.61,-495.35,-584.65,4.17
1955,0.48,-842.23,-32.31,-437.57,-653.09,4.17
1956,0.31,-96.40,-26.57,-41.30,-33.15,4.17
1957,0.44,-768.10,-28.62,-244.47,-33.73,4.17
1958,0.63,-1158.85,-27.58,-239.94,-132.60,4.17
1959,0.67,-632.83,-28.16,-272.26,-35.39,4.17
1960,0.51,-684.49,-28.28,-138.95,-32.81,4.81
1961,0.36,-602.65,-27.66,-265.02,-35.50,4.17
1962,0.38,-281.25,-21.25,-92.74,-38.25,4.81
1963,0.39,-546.86,-28.47,-123.85,-34.69,4.81
1964,0.39,-552.47,-29.54,-110.21,-35.51,4.81
1965,0.30,-629.69,-27.61,-166.50,-36.66,4.81
1966,0.51,-882.35,-30.21,-342.87,-36.13,4.81
1967,0.39,-478.06,-30.89,-138.37,-113.89,4.81
1968,0.52,-821.53,-28.57,-373.41,-543.29,4.49
1969,0.35,-588.50,-33.69,-232.74,-118.00,4.49
1970,0.29,-628.18,-30.15,-177.31,-47.72,4.49
1971,0.36,-541.53,-28.81,-143.49,-32.65,4.49
1972,0.33,-113.95,-29.38,-44.66,-33.16,4.49
1973,0.59,-1118.44,-29.84,-373.49,-330.81,4.49
1974,0.81,-1420.09,-29.80,-415.53,-118.00,4.81
1975,0.52,-827.59,-28.86,-219.89,-32.24,4.81
1976,1.02,-568.71,-29.78,-242.56,-33.34,4.81
1977,0.31,-572.92,-24.54,-133.09,-32.50,4.49
1978,0.31,-619.39,-28.50,-129.16,-35.62,4.49
1979,0.32,-556.26,-27.15,-138.72,-32.84,5.45
1980,0.59,-916.32,-25.88,-242.58,-37.77,5.45
1981,0.42,-155.59,-29.43,-51.47,-35.05,4.81
1982,0.72,-1277.83,-28.39,-209.85,-32.70,4.81
1983,0.55,-882.43,-29.00,-241.80,-40.79,4.81
1984,0.76,-1031.93,-29.01,-176.75,-33.13,4.81
1985,0.62,-1112.15,-30.29,-326.84,-35.88,4.81
1986,0.58,-843.72,-31.90,-226.79,-38.29,4.81
1987,0.50,-604.05,-31.08,-120.12,-33.82,4.81
1988,0.35,-655.34,-32.57,-303.90,-286.31,4.81
1989,0.71,-907.75,-25.27,-247.28,-33.66,4.81
1990,0.33,-209.03,-30.27,-90.03,-43.81,4.81
1991,0.58,-963.45,-29.23,-239.79,-37.59,4.81
1992,0.79,-1025.94,-28.36,-272.05,-31.05,5.77
1993,0.39,-501.37,-29.30,-113.26,-32.33,5.77
1994,0.42,-460.48,-26.74,-146.60,-42.51,5.13
1995,0.33,-365.48,-28.09,-79.42,-31.67,5.13
1996,0.43,-796.22,-26.90,-229.55,-40.54,5.13
1997,0.31,-583.48,-30.26,-139.27,-37.75,5.13
1998,0.49,-845.66,-28.01,-155.76,-32.61,5.13
1999,0.37,-664.56,-27.85,-211.72,-32.88,5.45
2000,0.83,-650.79,-23.73,-228.04,-32.85,5.45
2001,0.32,-139.39,-26.36,-59.75,-36.47,5.45
2002,0.77,-373.67,-28.74,-95.40,-39.24,5.45
2003,0.31,-43.06,-27.36,-34.30,-32.84,5.45
2004,0.35,-214.91,-31.49,-72.16,-36.12,5.13
2005,0.33,-600.93,-25.92,-113.38,-33.59,5.13
2006,0.52,-761.14,-35.05,-140.41,-36.12,5.13
2007,0.37,-657.88,-30.86,-130.91,-39.44,5.13
2008,0.40,-40.06,-27.64,-34.28,-37.84,5.13
2009,0.81,-1292.10,-26.91,-286.91,-32.83,5.13
2010,0.47,-812.25,-28.72,-160.94,-32.53,4.49
2011,0.43,-657.97,-24.26,-120.63,-31.55,4.49
2012,0.50,-872.27,-31.14,-321.33,-51.14,4.49
2013,0.75,-620.03,-26.68,-202.06,-30.64,4.49
2014,0.36,-243.88,-27.55,-77.69,-36.10,4.49
2015,0.38,-591.18,-27.42,-341.80,-567.86,4.49
2016,0.67,-859.78,-25.13,-228.40,-40.56,5.13
2017,0.32,-566.54,-26.27,-110.52,-38.37,5.13
2018,0.34,-387.12,-32.38,-101.65,-41.36,5.13
2019,1.20,-797.10,-32.47,-208.59,-38.34,5.13
2020,0.32,-321.91,-27.99,-112.61,-32.46,5.13
2021,0.55,-592.11,-26.74,-114.96,-38.98,5.13
2022,0.61,-883.19,-29.51,-167.25,-35.35,5.45
2023,0.41,-661.20,-29.28,-211.12,-49.49,5.45
2024,0.32,-44.41,-31.11,-35.14,-32.69,5.45
2025,0.73,-824.71,-26.01,-267.35,-33.09,5.45
2026,0.43,-835.13,-27.99,-172.04,-31.96,6.09
2027,0.43,-450.30,-31.62,-94.01,-32.95,6.09
2028,0.34,-114.15,-28.89,-43.16,-32.07,6.09
2029,0.38,-41.33,-29.43,-33.64,-31.65,6.09
2030,0.34,-639.17,-29.96,-198.22,-37.70,4.81
2031,0.75,-592.54,-28.24,-178.03,-41.54,4.81
2032,0.64,-842.00,-36.67,-318.08,-115.02,4.81
2033,0.52,-853.10,-27.43,-232.01,-34.55,4.49
2034,0.40,-612.42,-27.68,-202.22,-44.65,4.49
2035,0.49,-864.05,-27.48,-233.94,-32.54,4.49
2036,0.58,-953.32,-29.24,-401.88,-373.34,4.49
2037,0.64,-871.64,-29.95,-368.95,-117.62,4.49
2038,0.61,-814.35,-29.88,-284.47,-134.84,4.81
2039,0.31,-39.88,-26.69,-32.48,-32.65,5.13
2040,0.61,-884.46,-26.29,-152.51,-28.86,5.13
2041,1.82,-529.19,-30.05,-104.11,-32.38,5.13
2042,0.64,-629.62,-30.70,-250.73,-135.36,5.13
2043,0.34,-129.77,-31.48,-58.55,-33.64,5.13
2044,0.55,-938.94,-27.18,-262.25,-93.00,5.13
2045,0.31,-116.48,-25.69,-43.69,-31.98,4.81
2046,0.49,-971.94,-21.77,-165.80,-32.62,4.81
2047,0.39,-697.71,-28.00,-268.56,-113.33,4.17
2048,0.84,-868.12,-26.72,-164.46,-37.22,4.17
2049,0.30,-604.79,-32.66,-142.08,-35.33,4.17
2050,0.36,-39.69,-27.99,-32.77,-33.18,4.17
2051,0.93,-577.36,-24.63,-239.30,-169.90,3.53
2052,0.54,-886.71,-31.10,-290.80,-78.89,3.53
2053,0.62,-881.81,-31.43,-263.47,-113.19,4.17
2054,0.31,-37.53,-25.23,-31.12,-31.42,4.49
2055,0.34,-609.83,-27.82,-143.04,-41.09,4.49
2056,0.68,-1089.35,-32.69,-363.71,-135.60,4.49
2057,0.55,-895.78,-28.44,-290.60,-104.48,4.49
2058,0.53,-843.01,-29.69,-176.57,-37.74,4.17
2059,0.48,-812.37,-25.08,-154.10,-31.40,4.17
2060,0.37,-537.97,-27.56,-173.75,-35.26,4.17
2061,0.53,-868.46,-30.31,-229.75,-33.77,4.17
2062,0.47,-753.29,-30.01,-219.68,-35.79,4.17
2063,0.50,-961.03,-26.30,-202.92,-33.64,3.85
2064,0.38,-595.29,-27.94,-276.85,-266.39,3.85
2065,0.75,-1280.62,-24.02,-317.14,-32.16,3.85
2066,0.56,-926.74,-28.46,-202.55,-114.92,3.85
2067,0.55,-869.53,-30.87,-381.65,-538.91,3.85
2068,0.86,-990.45,-33.36,-208.31,-35.19,3.85
2069,0.70,-830.11,-27.63,-379.60,-225.22,3.85
2070,0.29,-297.41,-24.07,-80.68,-35.81,3.53
2071,1.00,-334.10,-24.34,-84.54,-35.50,3.53
2072,0.30,-557.20,-28.48,-183.64,-99.76,4.17
2073,0.30,-564.79,-30.02,-125.09,-42.11,4.17
2074,0.40,-114.38,-24.84,-45.07,-35.72,4.17
2075,0.36,-585.86,-24.26,-224.28,-137.34,4.17
2076,0.35,-534.04,-33.44,-146.28,-111.10,4.17
2077,0.52,-881.82,-28.02,-237.58,-31.99,4.17
2078,0.29,-586.97,-26.68,-215.48,-114.82,4.17
2079,0.38,-537.34,-29.13,-186.79,-43.51,4.17
2080,0.39,-540.17,-26.99,-122.92,-37.91,4.17
2081,0.72,-1063.86,-27.84,-273.37,-36.16,4.17
2082,0.55,-875.02,-26.24,-273.67,-39.05,4.17
2083,0.36,-630.52,-27.73,-249.63,-140.23,4.17
2084,0.37,-536.14,-34.45,-136.54,-90.68,4.17
2085,0.81,-832.77,-26.66,-268.74,-37.73,4.17
2086,0.61,-1084.66,-25.78,-344.78,-133.83,4.81
2087,0.31,-629.24,-25.23,-132.26,-34.81,4.49
2088,0.54,-1085.75,-25.87,-194.95,-34.44,3.53
2089,0.51,-544.71,-25.40,-248.58,-125.51,3.53
2090,0.55,-569.96,-32.88,-162.16,-35.56,3.53
2091,0.37,-471.57,-35.68,-114.32,-44.72,3.53
2092,0.46,-494.29,-34.08,-211.02,-126.12,3.53
2093,0.37,-562.33,-33.61,-155.39,-114.49,3.53
2094,0.54,-552.35,-30.40,-252.73,-155.08,3.53
2095,0.50,-611.08,-30.46,-259.86,-101.94,3.53
2096,0.64,-539.67,-37.16,-343.39,-486.47,3.53
2097,0.50,-529.47,-33.11,-217.01,-41.22,3.53
2098,0.36,-485.81,-30.41,-123.63,-40.03,3.53
2099,0.71,-585.00,-27.51,-263.37,-357.41,3.53
2100,0.52,-562.44,-31.09,-180.53,-38.66,3.53
2101,0.33,-536.51,-28.18,-123.95,-34.17,4.17
2102,0.57,-570.90,-28.86,-148.76,-101.84,4.17
2103,0.56,-637.72,-35.20,-186.40,-57.72,4.17
2104,0.59,-551.15,-29.29,-171.87,-114.30,4.17
2105,0.33,-124.87,-26.06,-60.31,-36.20,4.17
2106,0.42,-557.55,-27.93,-178.56,-37.71,4.17
2107,0.53,-450.94,-29.86,-92.96,-35.24,4.17
2108,0.28,-592.73,-28.88,-197.17,-35.04,4.17
2109,0.46,-514.93,-32.65,-169.58,-34.76,4.17
2110,0.75,-354.30,-32.90,-108.85,-36.20,4.81
2111,0.48,-818.69,-26.01,-172.90,-38.46,4.81
2112,0.70,-909.82,-25.61,-396.46,-565.76,5.45
2113,0.53,-791.22,-29.44,-143.20,-35.72,5.45
2114,0.62,-881.79,-25.84,-246.26,-32.51,5.45
2115,0.45,-102.56,-27.51,-44.28,-34.05,5.45
2116,0.31,-322.30,-28.55,-113.46,-32.87,5.45
2117,0.49,-851.95,-28.21,-246.51,-34.63,5.45
2118,0.33,-114.74,-27.77,-48.40,-39.34,6.09
2119,0.32,-264.30,-29.86,-77.83,-34.85,6.09
2120,0.39,-37.66,-30.53,-32.37,-31.49,6.09
2121,0.39,-45.76,-30.55,-35.95,-33.75,6.09
2122,0.64,-981.31,-31.54,-335.30,-45.70,6.09
2123,0.32,-586.76,-29.75,-150.07,-31.63,6.09
2124,0.38,-40.26,-28.21,-34.31,-35.77,6.09
2125,0.31,-568.15,-28.05,-133.72,-47.30,6.09
2126,0.71,-1005.23,-30.90,-381.18,-97.05,6.09
2127,0.73,-1146.35,-25.81,-296.82,-34.13,5.45
2128,0.53,-847.52,-27.14,-272.36,-121.20,5.45
2129,0.32,-221.80,-27.61,-92.03,-102.08,5.45
2130,0.64,-908.13,-33.88,-259.61,-79.40,5.45
2131,0.75,-1239.68,-26.95,-276.70,-114.23,5.45
2132,0.31,-104.29,-26.55,-40.36,-30.50,5.45
2133,0.59,-899.41,-30.23,-349.38,-129.10,4.81
2134,0.50,-870.37,-26.16,-268.32,-35.02,4.81
2135,0.31,-556.49,-27.72,-108.03,-35.24,5.13
2136,0.59,-510.80,-28.77,-114.89,-33.50,5.13
2137,0.61,-1075.35,-33.23,-304.43,-113.82,4.81
2138,0.85,-1053.20,-33.28,-192.43,-36.69,4.81
2139,0.37,-619.12,-27.21,-130.55,-34.51,4.81
2140,0.68,-1091.46,-26.63,-273.09,-35.32,4.81
2141,0.37,-621.01,-30.53,-117.47,-34.23,4.81
2142,0.62,-689.95,-26.92,-297.96,-114.05,4.81
2143,0.31,-610.61,-25.58,-129.28,-32.58,4.81
2144,0.59,-938.83,-30.88,-297.39,-127.05,4.81
2145,0.38,-648.16,-24.20,-123.37,-40.47,4.49
2146,0.31,-115.99,-29.14,-56.79,-38.97,4.17
2147,0.31,-652.25,-28.14,-149.03,-33.48,4.17
2148,0.39,-540.14,-28.83,-106.67,-33.62,4.17
2149,0.45,-673.17,-31.23,-255.15,-34.10,4.17
2150,0.41,-595.82,-28.57,-198.89,-31.88,4.17
2151,0.36,-665.89,-27.60,-371.45,-368.48,4.17
2152,0.64,-547.78,-32.90,-164.00,-39.47,4.17
2153,0.53,-1003.69,-33.37,-268.69,-45.05,4.17
2154,0.40,-391.02,-27.18,-98.44,-34.91,4.17
2155,0.30,-332.68,-29.03,-77.41,-34.86,4.81
2156,0.43,-805.88,-25.34,-158.54,-40.64,4.81
2157,0.30,-605.99,-24.16,-207.41,-36.40,4.81
2158,0.31,-117.84,-31.23,-47.86,-35.19,4.81
2159,0.37,-683.37,-26.52,-124.29,-32.10,4.81
2160,0.31,-571.78,-28.98,-182.63,-33.71,4.81
2161,0.31,-107.49,-32.18,-46.27,-36.88,4.81
2162,0.53,-866.14,-27.94,-191.39,-34.56,4.81
2163,0.68,-896.92,-28.27,-248.86,-35.51,4.81
2164,0.58,-873.41,-30.02,-164.51,-34.64,5.77
2165,0.41,-134.95,-31.01,-65.08,-37.58,5.77
2166,1.26,-1033.36,-24.13,-539.36,-793.04,5.77
2167,0.35,-133.07,-29.71,-47.96,-32.82,5.77
2168,0.67,-995.13,-35.07,-326.26,-116.73,5.77
2169,0.33,-114.13,-26.36,-42.98,-31.13,5.45
2170,0.31,-290.54,-28.92,-122.37,-73.41,5.45
2171,0.39,-563.48,-29.56,-122.27,-33.78,6.09
2172,0.32,-110.71,-27.05,-42.30,-31.67,6.09
2173,0.59,-601.43,-27.43,-113.12,-31.13,5.77
2174,0.38,-297.66,-31.11,-100.97,-38.01,5.45
2175,0.31,-264.10,-28.74,-78.91,-37.64,5.13
2176,0.35,-321.60,-31.73,-112.33,-37.10,4.49
2177,0.34,-89.08,-31.61,-42.77,-35.48,4.49
2178,0.59,-919.22,-32.20,-178.66,-41.87,4.49
2179,0.52,-874.47,-26.60,-257.26,-114.20,4.49
2180,0.33,-565.82,-24.03,-110.29,-36.23,4.49
2181,0.55,-910.15,-29.46,-238.29,-35.84,5.13
2182,0.86,-938.18,-32.86,-326.64,-295.53,5.13
2183,0.88,-643.34,-29.82,-203.20,-40.82,4.49
2184,0.56,-893.53,-24.27,-286.73,-32.24,4.17
2185,0.52,-811.48,-29.48,-288.53,-112.23,5.13
2186,0.76,-609.53,-28.38,-116.82,-33.45,5.13
2187,0.68,-595.81,-29.55,-115.27,-37.13,5.13
2188,0.31,-588.23,-30.05,-124.38,-33.07,5.13
2189,0.35,-631.46,-30.80,-140.49,-36.99,5.45
2190,0.37,-589.34,-27.64,-203.50,-34.78,5.45
2191,0.31,-135.30,-28.29,-47.00,-33.39,4.81
2192,0.44,-595.59,-23.01,-292.87,-348.14,4.81
2193,0.31,-114.84,-27.49,-47.13,-39.18,4.81
2194,0.59,-849.09,-28.03,-149.35,-32.79,4.81
2195,0.36,-598.52,-31.58,-224.77,-39.64,4.81
2196,0.70,-938.12,-35.46,-313.24,-114.87,4.81
2197,0.40,-116.35,-32.25,-56.94,-37.86,4.81
2198,0.49,-805.62,-22.76,-329.39,-39.13,4.81
2199,0.51,-892.27,-25.30,-165.70,-31.74,5.77
2200,0.32,-640.62,-29.95,-120.68,-34.09,5.13
2201,0.33,-307.55,-30.97,-89.29,-35.76,5.13
2202,0.52,-955.20,-30.88,-399.84,-116.44,4.49
2203,0.28,-596.89,-27.44,-163.52,-99.72,4.81
2204,0.31,-39.69,-24.85,-29.92,-28.56,4.81
2205,0.37,-603.91,-27.66,-136.16,-42.97,4.81
2206,0.31,-41.24,-28.11,-35.16,-35.98,4.81
2207,0.90,-312.00,-28.67,-86.19,-40.30,4.81
2208,0.40,-668.27,-30.81,-169.83,-48.65,4.81
2209,0.54,-861.93,-24.04,-229.83,-36.48,4.81
2210,0.68,-561.03,-30.53,-111.59,-37.17,5.13
2211,0.62,-859.15,-29.57,-267.68,-32.17,5.13
2212,0.55,-789.81,-34.07,-232.55,-37.69,5.13
2213,0.41,-114.56,-27.10,-55.46,-33.80,4.81
2214,0.35,-605.80,-23.94,-112.06,-32.22,4.49
2215,0.41,-128.75,-31.55,-61.72,-41.96,4.49
2216,0.45,-662.79,-27.06,-121.84,-33.65,4.81
2217,0.30,-590.51,-22.95,-136.20,-31.13,4.81
2218,0.35,-663.41,-33.01,-161.89,-114.73,4.81
2219,0.70,-897.41,-30.31,-273.86,-33.00,4.49
2220,0.74,-814.79,-32.41,-252.27,-149.51,4.49
2221,1.36,-920.33,-33.38,-293.72,-105.65,4.49
2222,0.58,-973.43,-28.40,-291.63,-35.70,4.17
2223,0.37,-645.87,-27.88,-198.06,-32.13,4.17
2224,0.51,-896.91,-29.81,-201.85,-43.13,5.77
2225,0.55,-770.05,-32.60,-227.48,-36.59,5.77
2226,0.48,-856.06,-27.95,-174.85,-42.40,5.77
2227,0.39,-36.46,-28.73,-32.15,-32.38,5.45
2228,0.38,-131.02,-28.83,-46.17,-30.54,5.45
2229,0.45,-792.15,-30.92,-214.66,-44.14,4.81
2230,0.40,-476.14,-24.38,-156.71,-33.44,4.81
2231,0.50,-603.18,-27.96,-127.90,-32.25,4.81
2232,0.29,-554.99,-24.57,-130.73,-36.42,4.81
2233,0.55,-482.85,-32.12,-98.85,-35.85,4.49
2234,0.29,-141.60,-28.65,-64.96,-37.62,4.49
2235,0.41,-543.89,-26.97,-175.95,-34.51,4.49
2236,0.43,-591.26,-29.74,-195.44,-48.04,4.49
2237,0.30,-624.53,-29.48,-125.09,-38.63,5.45
2238,0.35,-685.45,-27.73,-165.10,-114.06,5.45
2239,0.58,-594.27,-33.25,-231.58,-133.20,5.45
2240,0.42,-764.13,-29.90,-215.04,-33.92,5.45
2241,0.71,-1075.08,-28.37,-315.36,-38.65,5.45
2242,0.53,-302.78,-28.28,-140.89,-114.99,5.45
2243,0.85,-987.38,-28.58,-456.80,-601.90,5.45
2244,1.23,-635.89,-29.67,-195.77,-41.42,5.45
2245,0.83,-681.34,-29.78,-297.00,-138.52,5.45
2246,0.39,-717.38,-22.48,-238.24,-134.65,5.45
2247,0.32,-38.91,-27.59,-33.81,-34.04,5.45
2248,0.66,-675.89,-28.41,-200.09,-35.13,5.45
2249,0.30,-139.28,-31.08,-49.21,-33.69,5.45
2250,0.45,-588.23,-32.58,-180.95,-38.71,5.45
2251,0.81,-579.22,-31.87,-140.87,-34.00,4.81
2252,0.64,-959.83,-26.79,-227.57,-32.51,6.41
2253,0.30,-581.86,-29.78,-210.42,-127.87,6.41
2254,0.47,-904.12,-28.01,-239.51,-32.63,6.41
2255,0.50,-772.95,-32.19,-211.02,-47.45,6.41
2256,0.30,-133.02,-26.90,-56.77,-31.46,6.41
2257,0.50,-592.83,-28.23,-265.42,-134.47,6.41
2258,0.43,-599.06,-29.32,-168.53,-34.54,6.09
2259,0.35,-546.35,-26.97,-121.72,-36.29,6.09
2260,0.34,-555.01,-25.29,-105.79,-32.14,5.77
2261,0.44,-543.63,-29.68,-110.90,-41.25,5.77
2262,0.45,-37.87,-25.92,-32.36,-33.59,5.77
2263,0.36,-595.14,-27.70,-127.03,-38.48,5.77
2264,0.43,-399.06,-26.16,-118.11,-35.30,5.77
2265,0.66,-921.92,-27.50,-288.84,-43.52,5.77
2266,0.53,-883.31,-29.46,-220.55,-44.95,6.09
2267,0.80,-1053.22,-30.24,-247.68,-38.55,6.09
2268,1.10,-586.29,-29.36,-156.93,-35.63,6.09
2269,0.34,-34.25,-27.32,-31.29,-31.44,5.77
2270,0.87,-1037.33,-29.65,-221.69,-33.35,5.77
2271,0.46,-827.75,-29.00,-299.25,-33.19,5.77
2272,0.32,-47.27,-27.90,-34.48,-33.45,5.77
2273,0.61,-983.27,-27.10,-167.36,-28.94,5.77
2274,0.57,-829.24,-32.52,-218.88,-114.35,6.09
2275,0.32,-588.50,-26.55,-124.50,-31.72,6.09
2276,0.35,-35.27,-25.32,-29.53,-29.58,5.77
2277,0.40,-614.96,-26.22,-197.25,-101.14,5.77
2278,0.33,-55.64,-27.24,-37.59,-35.08,5.77
2279,0.63,-1086.02,-28.63,-183.25,-32.69,6.09
2280,0.32,-584.77,-24.86,-182.77,-35.92,6.41
2281,0.49,-608.00,-33.35,-117.81,-35.66,5.45
2282,0.40,-399.43,-25.45,-95.46,-32.54,5.45
2283,0.41,-385.74,-28.00,-82.90,-31.85,5.45
2284,0.59,-871.78,-30.18,-338.88,-44.83,5.45
2285,0.78,-702.50,-28.10,-297.68,-135.03,5.13
2286,0.38,-594.62,-27.34,-254.75,-115.27,5.13
2287,0.56,-837.30,-25.39,-148.11,-34.24,3.85
2288,0.59,-890.64,-26.94,-281.47,-37.77,3.85
2289,0.48,-807.66,-24.73,-232.18,-95.32,3.85
2290,0.73,-1108.89,-29.18,-208.77,-36.20,3.85
2291,0.42,-426.06,-27.67,-135.64,-39.13,3.85
2292,0.60,-931.61,-36.16,-296.16,-40.39,4.17
2293,0.50,-616.62,-29.36,-201.15,-36.88,5.45
2294,0.48,-823.60,-24.62,-225.08,-37.73,5.45
2295,0.75,-644.80,-28.98,-223.34,-124.81,6.09
2296,0.33,-550.80,-29.73,-105.88,-30.80,6.09
2297,0.54,-908.97,-32.37,-250.75,-43.20,6.09
2298,0.39,-603.22,-30.09,-126.00,-33.83,5.77
2299,0.62,-883.45,-27.92,-153.27,-29.76,5.77
2300,0.45,-572.64,-26.60,-109.40,-31.93,5.77
2301,0.64,-998.28,-27.57,-502.27,-584.72,5.77
2302,0.53,-660.93,-31.26,-222.33,-42.53,5.13
2303,0.38,-631.94,-25.83,-118.57,-31.68,5.45
2304,0.84,-410.79,-24.43,-194.51,-116.88,5.45
2305,0.63,-769.20,-25.10,-136.79,-29.46,5.45
2306,0.32,-563.90,-26.47,-121.83,-31.99,5.45
2307,0.33,-591.92,-32.25,-113.83,-33.32,5.45
2308,0.34,-50.15,-22.00,-32.27,-26.78,5.45
2309,0.46,-303.59,-26.11,-100.30,-32.02,5.45
2310,0.54,-480.52,-26.92,-137.89,-38.44,4.81
2311,0.53,-952.75,-36.94,-279.84,-119.51,4.81
2312,0.80,-1043.10,-34.96,-483.60,-335.33,4.81
2313,0.29,-45.97,-37.26,-41.85,-43.24,5.13
2314,0.91,-607.65,-30.08,-178.27,-54.21,5.13
2315,0.58,-1072.47,-35.71,-384.49,-406.45,5.13
2316,0.39,-92.22,-27.72,-44.15,-36.36,5.13
2317,0.64,-938.98,-25.55,-311.07,-44.74,5.13
2318,0.52,-865.00,-25.10,-221.40,-63.81,5.45
2319,0.40,-554.05,-27.92,-121.26,-38.79,5.45
2320,0.56,-844.08,-32.64,-206.85,-64.82,5.77
2321,0.54,-802.93,-23.49,-196.59,-71.65,5.77
2322,0.76,-655.90,-27.36,-181.36,-62.43,5.77
2323,0.67,-970.99,-30.80,-324.04,-152.61,5.77
2324,0.69,-1281.03,-23.16,-369.78,-190.13,5.77
2325,0.74,-546.98,-29.40,-150.32,-37.88,5.77
2326,0.50,-886.00,-24.77,-158.13,-40.62,5.77
2327,0.57,-388.30,-32.49,-111.19,-50.75,5.77
2328,0.52,-600.25,-39.32,-147.26,-46.02,5.77
2329,0.30,-596.68,-37.35,-125.83,-40.47,5.45
2330,0.37,-374.46,-41.64,-140.50,-104.99,5.45
2331,0.68,-151.00,-36.55,-79.57,-73.35,5.45
2332,0.83,-893.76,-38.12,-320.02,-319.13,5.45
2333,0.43,-370.94,-38.91,-209.20,-290.05,5.45
2334,0.29,-595.78,-36.64,-132.89,-41.63,5.45
2335,0.57,-883.15,-38.85,-361.18,-377.57,5.45
2336,0.75,-1145.00,-37.61,-310.32,-112.40,4.81
2337,0.28,-433.81,-40.77,-139.93,-113.07,4.81
2338,0.28,-129.88,-39.88,-90.27,-111.33,4.81
2339,0.62,-950.08,-37.59,-311.95,-265.72,4.81
2340,0.43,-390.07,-37.93,-171.86,-115.09,4.81
2341,0.69,-870.11,-41.52,-195.72,-42.42,4.81
2342,0.45,-761.77,-39.79,-246.35,-111.20,4.81
2343,0.30,-614.52,-39.22,-446.20,-591.26,4.81
2344,0.51,-390.85,-39.73,-122.96,-100.18,4.81
2345,0.42,-589.84,-38.77,-171.60,-46.33,4.49
2346,0.60,-587.67,-44.99,-336.26,-472.11,4.49
2347,0.46,-581.09,-39.34,-233.76,-135.06,4.49
2348,0.29,-575.35,-40.81,-151.82,-113.08,4.49
2349,0.52,-584.86,-40.42,-223.71,-112.96,4.81
2350,0.53,-268.02,-39.12,-90.26,-47.61,4.81
2351,0.28,-197.53,-42.21,-100.49,-111.89,4.49
2352,0.69,-646.39,-38.99,-161.53,-103.99,5.45
2353,0.43,-141.65,-37.52,-56.58,-41.60,5.45
2354,0.44,-583.44,-41.43,-265.22,-195.78,6.41
2355,0.51,-487.87,-38.38,-164.48,-42.00,6.41
2356,0.36,-594.42,-32.31,-132.27,-41.69,6.41
2357,0.40,-577.72,-28.41,-112.89,-34.33,6.41
2358,0.33,-117.83,-25.58,-43.56,-30.39,6.41
2359,0.35,-606.96,-23.63,-216.88,-101.21,6.41
2360,0.54,-852.74,-22.61,-282.47,-55.02,6.41
2361,0.39,-39.85,-20.61,-33.03,-36.11,6.41
2362,0.39,-579.46,-31.31,-113.56,-35.33,6.41
2363,0.62,-191.37,-23.30,-64.48,-38.86,6.41
2364,0.55,-602.39,-28.17,-139.00,-31.71,6.41
2365,0.56,-920.10,-32.44,-194.63,-41.87,6.41
2366,0.74,-967.86,-23.15,-263.41,-44.13,6.41
2367,0.53,-623.04,-32.61,-265.09,-120.08,6.41
2368,0.45,-318.63,-39.24,-106.20,-46.69,6.41
2369,0.35,-562.38,-18.45,-113.94,-32.99,6.41
2370,0.67,-135.65,-28.28,-66.41,-48.37,5.45
2371,0.69,-1235.10,-24.35,-249.27,-35.30,5.77
2372,0.60,-510.08,-28.26,-156.01,-41.51,5.77
2373,0.43,-549.38,-30.45,-110.06,-36.58,5.77
2374,0.76,-915.34,-24.77,-322.01,-69.81,5.77
2375,0.63,-1061.07,-28.86,-183.59,-35.64,5.77
2376,0.55,-843.88,-20.89,-313.64,-79.11,5.77
2377,0.65,-787.27,-28.86,-197.13,-42.63,5.77
2378,0.57,-812.08,-24.15,-160.08,-37.02,6.41
2379,0.56,-59.03,-26.42,-38.78,-39.69,6.41
2380,1.02,-590.14,-30.96,-165.84,-39.89,6.41
2381,0.48,-117.41,-27.49,-51.57,-36.64,6.09
2382,0.64,-127.68,-23.31,-61.74,-46.49,6.09
2383,0.73,-1252.16,-35.98,-283.52,-48.74,6.09
2384,0.48,-571.21,-28.62,-168.56,-45.25,6.09
2385,0.48,-465.73,-27.15,-111.52,-45.02,6.09
2386,0.47,-804.49,-26.18,-156.10,-34.44,6.09
2387,0.48,-890.38,-40.98,-182.49,-50.39,5.45
2388,0.58,-841.92,-15.74,-194.47,-47.45,5.45
2389,0.53,-810.50,-32.29,-163.07,-45.92,5.13
2390,0.69,-1114.58,-22.24,-407.05,-408.67,5.13
2391,0.54,-866.77,-26.10,-168.25,-44.18,4.81
2392,0.55,-538.67,-26.37,-136.18,-85.39,4.81
2393,0.53,-139.57,-30.39,-61.00,-38.90,4.49
2394,0.53,-385.19,-23.50,-88.52,-42.69,4.49
2395,0.53,-855.71,-30.09,-173.14,-50.82,4.49
2396,0.59,-547.83,-41.80,-189.60,-122.32,4.49
2397,0.51,-879.11,-28.35,-437.65,-594.57,4.49
2398,0.65,-933.15,-28.85,-281.53,-35.68,4.49
2399,0.51,-844.72,-20.67,-246.69,-117.28,4.49
2400,0.58,-591.22,-32.25,-234.35,-60.77,4.49
2401,0.57,-808.36,-30.22,-374.94,-476.88,4.49
2402,0.65,-827.56,-26.87,-223.77,-40.40,5.45
2403,0.51,-884.97,-34.68,-240.44,-137.95,5.45
2404,0.47,-82.24,-31.80,-42.28,-35.76,5.45
2405,0.46,-132.19,-21.42,-75.83,-67.74,5.45
2406,0.82,-1029.28,-20.98,-185.29,-46.33,5.45
2407,0.51,-371.30,-30.59,-88.97,-37.97,5.45
2408,0.76,-816.19,-23.33,-156.22,-42.36,5.45
2409,0.42,-577.30,-45.04,-222.81,-121.54,5.45
2410,0.45,-643.11,-27.91,-133.63,-41.35,5.45
2411,0.44,-601.24,-29.24,-124.18,-46.28,5.45
2412,1.02,-858.14,-30.32,-346.48,-132.84,5.45
2413,1.01,-655.00,-33.88,-162.02,-57.71,5.45
2414,0.44,-617.68,-31.59,-161.63,-36.72,5.45
2415,0.33,-547.88,-26.94,-138.54,-41.61,5.45
2416,0.48,-399.81,-28.83,-107.06,-39.98,4.81
2417,0.95,-420.08,-30.23,-136.49,-44.36,5.77
2418,0.69,-1098.20,-30.92,-304.66,-123.62,5.77
2419,0.32,-597.38,-33.02,-128.29,-38.34,5.77
2420,0.40,-141.94,-29.97,-60.23,-33.95,5.77
2421,0.41,-579.86,-28.11,-113.00,-31.86,5.77
2422,0.57,-865.19,-29.66,-292.19,-157.28,5.77
2423,0.40,-614.73,-28.08,-136.60,-37.75,5.13
2424,0.49,-935.74,-25.78,-265.43,-112.56,5.13
2425,0.80,-1259.50,-33.82,-253.39,-42.59,5.13
2426,0.42,-799.43,-32.58,-242.38,-100.38,5.77
2427,0.64,-795.46,-27.24,-143.61,-38.63,5.77
2428,0.30,-571.95,-34.64,-168.79,-109.36,5.77
2429,0.37,-134.63,-26.38,-58.87,-43.50,5.77
2430,0.65,-949.03,-28.17,-366.44,-415.32,5.77
2431,0.30,-576.24,-35.17,-143.24,-50.37,4.81
2432,0.49,-128.69,-29.06,-57.52,-34.50,4.81
2433,0.46,-545.74,-31.60,-179.26,-95.30,4.81
2434,0.49,-894.96,-30.20,-172.87,-40.00,5.77
2435,0.32,-114.38,-26.98,-48.86,-31.94,5.77
2436,0.56,-859.99,-30.33,-253.86,-90.37,5.77
2437,0.59,-872.11,-28.90,-184.85,-39.51,5.77
2438,0.54,-620.35,-27.43,-175.81,-37.99,5.13
2439,0.36,-642.51,-26.50,-132.44,-34.42,5.13
2440,0.62,-787.51,-34.17,-202.76,-45.92,5.45
2441,0.46,-550.95,-27.69,-107.25,-31.94,5.45
2442,0.58,-614.82,-21.37,-142.36,-44.86,5.45
2443,0.53,-615.84,-28.39,-120.93,-36.87,5.45
2444,0.60,-825.56,-28.59,-198.62,-61.92,5.45
2445,0.52,-860.95,-30.83,-257.27,-69.66,5.45
2446,0.38,-592.71,-28.70,-134.40,-49.56,5.45
2447,0.71,-928.97,-22.69,-173.97,-41.77,5.45
2448,0.79,-639.10,-28.29,-200.16,-107.87,5.45
2449,0.74,-875.52,-78.96,-361.01,-197.82,5.45
2450,0.62,-617.26,-41.33,-238.89,-132.10,5.45
2451,0.65,-591.38,-25.42,-185.14,-53.50,5.13
2452,0.56,-981.56,-30.98,-183.65,-40.45,5.13
2453,0.47,-377.57,-25.38,-108.12,-35.30,5.13
2454,0.33,-569.22,-22.03,-194.25,-51.63,5.13
2455,0.59,-701.67,-28.15,-170.73,-44.29,5.13
2456,0.50,-838.15,-26.90,-235.13,-46.32,5.13
2457,0.70,-697.04,-26.30,-230.73,-115.04,5.13
2458,0.44,-493.79,-24.29,-100.89,-35.50,5.13
2459,0.66,-554.69,-29.33,-114.41,-39.29,5.13
2460,0.38,-120.45,-22.19,-44.71,-33.47,5.13
2461,0.62,-957.05,-20.86,-392.29,-313.87,5.13
2462,0.83,-655.79,-26.52,-203.89,-48.83,5.13
2463,0.44,-56.34,-31.16,-42.63,-40.09,5.13
2464,0.62,-846.90,-31.64,-192.50,-117.10,5.13
2465,0.44,-620.90,-25.28,-133.89,-36.33,5.77
2466,0.59,-604.55,-26.01,-172.38,-42.62,5.45
2467,0.55,-755.56,-27.84,-327.45,-376.48,5.45
2468,0.31,-573.68,-28.56,-125.70,-35.49,5.45
2469,0.54,-682.68,-22.69,-302.00,-118.24,5.13
2470,0.62,-578.12,-21.97,-177.02,-44.49,5.13
2471,0.42,-118.08,-27.42,-49.49,-35.82,5.13
2472,0.45,-576.43,-18.73,-184.21,-117.86,5.13
2473,0.39,-577.48,-23.38,-135.22,-48.86,6.09
2474,0.47,-561.94,-30.31,-138.08,-51.22,6.09
2475,0.58,-783.61,-30.48,-221.19,-34.68,6.09
2476,0.47,-622.90,-26.03,-218.20,-117.92,6.09
2477,0.43,-583.00,-21.88,-192.69,-42.98,6.09
2478,0.42,-658.91,-24.32,-165.58,-46.59,6.09
2479,0.65,-1071.72,-36.82,-193.74,-48.13,6.09
2480,0.42,-613.21,-29.68,-219.05,-95.29,6.09
2481,0.86,-1340.53,-22.56,-309.30,-38.93,6.09
2482,0.51,-532.29,-23.34,-101.36,-27.15,6.09
2483,0.44,-412.17,-22.34,-99.62,-35.59,6.09
2484,0.59,-866.05,-35.60,-232.48,-41.56,6.09
2485,0.32,-118.01,-29.31,-56.72,-35.82,5.45
2486,0.48,-378.86,-37.25,-108.66,-61.74,5.45
2487,0.46,-385.66,-24.65,-94.83,-33.09,6.73
2488,0.64,-138.53,-33.57,-52.58,-36.82,6.73
2489,0.56,-191.99,-32.44,-62.46,-38.69,6.73
2490,0.57,-549.63,-29.08,-109.44,-34.19,6.73
2491,0.65,-615.50,-27.32,-258.49,-53.92,6.73
2492,0.40,-52.15,-31.23,-41.39,-43.51,6.73
2493,0.46,-50.38,-27.02,-37.05,-35.18,7.05
2494,0.62,-591.87,-21.77,-185.92,-31.17,7.05
2495,0.46,-39.77,-23.64,-30.45,-30.24,6.73
2496,0.43,-643.35,-25.74,-120.61,-34.22,6.73
2497,0.37,-616.64,-33.49,-145.54,-41.01,6.73
2498,0.42,-118.62,-22.14,-44.36,-36.41,6.09
2499,0.55,-932.00,-26.01,-259.38,-28.50,6.09
2500,0.64,-983.43,-24.62,-171.23,-37.96,5.45
2501,0.45,-781.17,-24.55,-155.94,-37.52,5.45
2502,0.55,-889.31,-28.83,-197.19,-44.11,5.45
2503,0.32,-569.35,-27.85,-148.71,-118.52,5.45
2504,0.32,-139.44,-23.15,-61.69,-34.56,5.45
2505,0.42,-121.58,-27.66,-61.42,-42.18,5.45
2506,0.35,-64.84,-27.95,-38.12,-32.33,5.45
2507,0.47,-413.34,-27.22,-89.01,-36.71,5.45
2508,0.39,-555.37,-25.07,-194.42,-44.52,5.45
2509,0.60,-1015.25,-26.68,-250.51,-30.32,5.45
2510,0.43,-426.78,-24.39,-88.04,-30.91,5.45
2511,0.35,-578.81,-21.08,-130.13,-36.25,5.45
2512,0.50,-569.22,-29.36,-123.07,-40.53,5.13
2513,0.73,-679.92,-26.84,-224.62,-49.20,5.13
2514,0.42,-615.76,-24.53,-135.27,-34.49,5.13
2515,0.57,-802.07,-32.37,-426.81,-571.51,5.13
2516,0.52,-579.89,-22.70,-112.39,-35.69,5.13
2517,0.40,-584.99,-29.63,-126.37,-48.31,5.13
2518,0.40,-593.63,-24.61,-132.32,-44.97,5.77
2519,0.37,-47.36,-23.54,-34.55,-31.03,5.77
2520,0.49,-841.95,-27.02,-149.13,-36.08,4.49
2521,0.31,-555.99,-24.49,-117.11,-28.18,4.49
2522,0.52,-292.18,-24.86,-109.89,-29.51,4.49
2523,0.34,-565.12,-25.91,-216.66,-121.32,4.49
2524,0.46,-660.26,-25.66,-209.67,-34.70,4.49
2525,0.46,-139.31,-24.32,-47.83,-33.20,4.49
2526,0.44,-375.72,-24.21,-85.72,-40.00,4.49
2527,0.41,-610.46,-24.90,-129.81,-43.35,4.49
2528,0.44,-456.67,-27.64,-170.68,-115.31,4.49
2529,0.35,-600.41,-28.52,-116.05,-35.49,4.49
2530,0.66,-602.88,-30.04,-147.10,-56.05,3.85
2531,0.52,-841.87,-24.34,-287.48,-38.06,3.85
2532,0.45,-402.63,-27.63,-150.70,-36.45,3.85
2533,0.73,-916.85,-28.55,-230.15,-120.12,3.85
2534,0.61,-650.38,-30.10,-256.24,-135.99,4.17
2535,0.75,-981.53,-22.93,-435.52,-428.42,4.17
2536,0.70,-1024.66,-27.94,-485.65,-615.73,4.17
2537,0.36,-591.67,-21.78,-244.26,-38.60,4.17
2538,1.45,-659.24,-23.83,-124.75,-32.53,4.17
2539,0.55,-938.53,-26.47,-400.12,-433.61,4.17
2540,0.70,-631.23,-30.22,-251.94,-168.86,4.17
2541,0.35,-427.48,-29.76,-138.14,-113.82,4.17
2542,0.35,-408.72,-22.92,-130.70,-130.08,4.17
2543,0.38,-574.06,-29.08,-202.07,-141.58,4.17
2544,0.40,-417.12,-25.46,-87.09,-31.83,4.17
2545,0.37,-592.41,-29.06,-128.78,-37.19,5.13
2546,0.40,-496.80,-30.16,-103.92,-39.02,5.13
2547,0.50,-736.11,-29.39,-143.33,-39.42,5.13
2548,0.47,-592.49,-27.99,-128.65,-37.44,5.13
2549,0.54,-885.49,-26.03,-245.53,-36.42,5.13
2550,0.54,-811.73,-27.22,-399.33,-284.52,5.77
2551,0.33,-582.86,-29.34,-132.88,-42.48,5.77
2552,0.38,-137.05,-24.56,-45.21,-30.22,5.77
2553,0.79,-118.08,-32.87,-56.23,-41.04,5.77
2554,0.51,-933.57,-25.96,-269.92,-36.32,5.13
2555,0.64,-925.64,-26.21,-178.72,-33.10,5.13
2556,0.55,-673.80,-30.02,-207.24,-45.09,5.13
2557,0.37,-613.11,-25.27,-128.53,-33.45,5.13
2558,0.44,-47.18,-33.14,-39.06,-37.81,4.81
2559,0.43,-600.02,-31.61,-261.95,-159.56,4.81
2560,0.40,-65.59,-21.87,-37.69,-34.46,4.81
2561,0.45,-757.81,-26.13,-302.54,-118.07,4.81
2562,0.33,-163.51,-27.27,-63.40,-40.86,4.17
2563,0.31,-594.84,-26.87,-127.00,-35.05,4.17
2564,0.42,-572.04,-29.16,-264.15,-43.45,4.17
2565,0.42,-599.54,-21.60,-351.53,-511.80,4.17
2566,0.36,-591.99,-27.77,-184.14,-131.99,4.17
2567,0.45,-547.73,-31.97,-181.54,-84.61,4.17
2568,0.40,-640.53,-24.39,-134.91,-32.56,4.17
2569,0.38,-594.27,-30.15,-116.50,-39.79,4.17
2570,0.45,-796.10,-27.72,-252.11,-35.94,4.17
2571,0.36,-660.27,-23.92,-135.65,-31.24,4.17
2572,0.31,-348.08,-25.99,-76.03,-30.49,6.09
2573,0.66,-701.15,-27.40,-169.82,-37.83,6.41
2574,1.16,-1041.58,-24.96,-269.90,-33.78,6.41
2575,0.42,-565.68,-28.56,-294.40,-298.60,5.45
2576,0.50,-921.01,-27.37,-248.55,-40.07,5.45
2577,0.38,-134.06,-30.61,-54.31,-37.34,5.45
2578,0.56,-356.72,-37.16,-126.10,-41.75,5.45
2579,0.84,-1130.61,-27.38,-310.48,-44.42,5.45
2580,0.55,-842.93,-29.68,-224.53,-142.74,5.45
2581,0.43,-654.23,-26.83,-159.29,-44.54,4.49
2582,0.52,-862.50,-26.34,-278.43,-40.03,4.49
2583,0.39,-671.83,-27.29,-153.58,-45.08,4.49
2584,0.36,-166.68,-24.03,-60.82,-33.74,4.49
2585,0.31,-269.57,-26.40,-78.95,-36.29,4.49
2586,0.46,-835.05,-27.42,-238.28,-70.59,4.49
2587,0.55,-911.57,-34.55,-375.46,-119.99,4.81
2588,0.32,-118.19,-27.14,-59.67,-47.58,4.49
2589,0.31,-593.41,-29.22,-141.69,-36.10,4.17
2590,0.45,-783.11,-30.02,-239.85,-104.68,4.17
2591,0.31,-336.24,-32.62,-101.49,-70.36,4.17
2592,0.57,-889.24,-31.72,-340.10,-90.51,4.17
2593,0.31,-331.32,-26.06,-82.21,-33.86,5.13
2594,0.51,-519.19,-29.73,-200.02,-36.15,5.13
2595,0.87,-398.28,-33.13,-174.07,-153.21,4.17
2596,0.54,-926.39,-30.72,-368.77,-221.69,4.17
2597,0.61,-842.99,-29.99,-167.70,-35.05,4.17
2598,0.43,-624.42,-30.63,-281.53,-385.00,4.17
2599,0.37,-385.04,-28.95,-96.17,-31.46,5.13
2600,0.74,-1066.55,-33.15,-419.67,-357.58,5.13
2601,0.76,-863.53,-32.64,-329.77,-43.65,5.13
2602,1.01,-358.49,-28.49,-102.15,-34.10,5.13
2603,0.46,-419.66,-30.01,-91.36,-36.20,5.13
2604,0.57,-410.48,-34.20,-152.59,-42.74,5.13
2605,0.57,-636.98,-34.81,-294.70,-343.69,4.49
2606,0.43,-755.07,-34.08,-335.72,-338.19,4.49
2607,0.44,-557.84,-31.47,-135.29,-61.37,4.49
2608,0.43,-606.77,-31.04,-182.05,-119.00,4.49
2609,0.59,-843.17,-27.50,-231.61,-39.17,5.13
2610,0.36,-646.74,-29.54,-204.41,-36.39,4.49
2611,0.43,-269.20,-40.23,-91.12,-57.59,4.49
2612,0.43,-539.05,-30.20,-170.60,-37.28,4.49
2613,1.15,-539.33,-30.83,-118.99,-37.34,5.13
2614,0.63,-837.12,-28.49,-317.06,-344.02,5.13
2615,0.55,-866.40,-36.57,-286.84,-43.89,5.13
2616,0.64,-1027.23,-31.66,-300.79,-193.45,5.13
2617,0.30,-136.14,-28.64,-50.15,-38.87,5.13
2618,0.46,-559.55,-37.16,-191.00,-136.12,5.77
2619,0.51,-785.43,-29.42,-263.61,-37.97,5.77
2620,0.33,-571.42,-29.66,-109.67,-32.78,5.77
2621,0.31,-568.39,-33.59,-140.00,-39.27,5.77
2622,0.73,-639.63,-26.76,-192.44,-38.45,4.81
2623,0.30,-149.54,-29.53,-73.61,-37.96,6.73
2624,0.41,-591.82,-31.55,-136.43,-40.09,6.73
2625,0.36,-133.95,-29.24,-56.02,-32.31,6.73
2626,0.53,-862.53,-27.46,-151.12,-32.96,6.73
2627,0.52,-806.80,-33.23,-240.84,-38.76,6.73
2628,0.40,-536.34,-32.60,-108.67,-36.14,6.73
2629,0.57,-903.11,-29.33,-276.31,-35.76,6.73
2630,0.31,-84.83,-25.89,-40.17,-32.10,6.73
2631,0.64,-559.42,-27.75,-118.02,-36.79,6.73
2632,0.45,-617.27,-33.30,-330.01,-461.05,6.73
2633,0.45,-395.41,-31.23,-108.77,-36.05,6.73
2634,0.56,-886.88,-34.71,-268.29,-130.88,6.73
2635,0.62,-1101.75,-31.24,-344.69,-40.04,6.73
2636,0.45,-376.12,-28.04,-93.83,-35.33,7.05
2637,0.42,-50.30,-30.11,-35.60,-34.06,7.05
2638,0.37,-608.34,-32.13,-199.55,-39.82,7.05
2639,0.39,-559.08,-28.12,-109.07,-33.13,7.05
2640,0.54,-939.36,-28.82,-161.90,-32.59,7.05
2641,0.51,-762.53,-32.62,-287.53,-40.29,6.09
2642,0.39,-576.09,-27.65,-118.84,-42.63,6.09
2643,0.55,-854.77,-33.03,-354.20,-350.42,5.77
2644,0.44,-565.39,-33.72,-251.10,-119.00,5.77
2645,0.50,-809.06,-30.57,-174.45,-39.34,5.77
2646,0.44,-630.34,-30.40,-257.11,-38.75,5.45
2647,0.59,-942.37,-27.49,-291.40,-39.18,5.45
2648,0.36,-659.91,-31.52,-214.51,-139.25,6.73
2649,0.35,-131.64,-31.52,-57.40,-34.51,6.09
2650,0.53,-894.16,-29.90,-157.08,-35.10,6.09
2651,0.35,-48.99,-31.28,-38.27,-37.32,6.09
2652,0.45,-405.95,-34.32,-132.48,-111.60,6.09
2653,0.52,-386.47,-27.57,-176.21,-40.64,6.09
2654,0.39,-642.87,-29.19,-274.36,-42.95,5.77
2655,0.50,-817.50,-27.08,-279.00,-113.56,5.77
2656,0.37,-668.85,-26.83,-247.68,-45.23,5.77
2657,0.31,-564.36,-26.75,-108.91,-34.55,5.13
2658,0.28,-608.70,-34.02,-301.29,-309.48,5.13
2659,0.83,-691.18,-28.71,-136.73,-34.04,4.49
2660,0.39,-440.83,-29.74,-169.21,-73.87,6.73
2661,0.62,-579.04,-28.06,-122.01,-34.42,6.73
2662,0.48,-301.60,-32.13,-101.07,-36.83,6.73
2663,0.37,-44.56,-28.70,-35.73,-35.55,7.05
2664,0.30,-560.22,-30.53,-125.51,-41.55,7.05
2665,0.34,-315.94,-33.51,-87.64,-36.60,7.05
2666,0.52,-637.82,-25.39,-165.21,-34.22,7.05
2667,0.68,-678.76,-33.74,-127.23,-35.63,5.13
2668,0.30,-130.56,-24.71,-54.43,-32.36,5.45
2669,0.86,-682.86,-30.99,-148.02,-52.71,5.45
2670,0.30,-597.04,-30.96,-243.97,-75.79,5.45
2671,0.43,-828.28,-35.10,-151.44,-39.42,5.45
2672,0.54,-890.35,-30.88,-207.62,-116.26,5.45
2673,0.95,-1372.34,-33.27,-367.23,-61.79,5.45
2674,0.81,-1004.52,-28.14,-181.15,-35.02,5.45
2675,0.30,-132.94,-32.01,-63.75,-41.83,5.45
2676,0.43,-756.42,-26.98,-141.21,-33.67,5.45
2677,0.30,-113.08,-30.81,-48.89,-35.89,5.45
2678,0.56,-878.73,-31.05,-169.07,-34.36,5.13
2679,0.67,-810.06,-27.17,-289.09,-175.18,5.13
2680,0.46,-739.00,-35.02,-314.74,-385.22,5.13
2681,0.50,-858.59,-32.01,-188.50,-39.45,5.13
2682,0.43,-292.58,-32.79,-90.49,-35.81,5.13
2683,0.57,-908.21,-33.27,-199.93,-46.61,5.13
2684,0.31,-137.35,-32.15,-64.12,-35.66,5.13
2685,0.56,-905.28,-29.95,-312.82,-116.64,5.13
2686,0.62,-827.52,-33.77,-234.06,-54.09,6.09
2687,0.55,-151.13,-21.64,-49.90,-34.73,6.09
2688,0.39,-153.47,-25.89,-64.47,-40.11,6.09
2689,0.47,-498.56,-32.60,-109.33,-42.70,6.09
2690,0.67,-483.91,-36.28,-167.12,-40.65,6.41
2691,0.63,-886.03,-26.65,-249.27,-31.82,6.41
2692,0.98,-656.36,-28.43,-264.85,-128.52,6.41
2693,0.39,-589.17,-32.96,-263.09,-58.06,6.41
2694,0.60,-865.87,-33.16,-216.58,-48.52,6.41
2695,0.41,-602.53,-34.91,-124.76,-43.60,6.41
2696,0.46,-548.06,-26.68,-162.28,-55.55,6.41
2697,0.50,-615.32,-29.01,-185.19,-49.09,4.81
2698,0.43,-462.92,-34.33,-114.94,-47.34,4.81
2699,0.98,-1200.87,-41.04,-388.95,-109.30,4.81
2700,0.51,-813.86,-27.35,-168.47,-44.90,4.81
2701,0.60,-637.89,-21.67,-167.54,-40.35,4.81
2702,0.33,-272.52,-23.95,-80.20,-34.98,4.81
2703,0.65,-672.79,-32.37,-180.97,-40.05,4.81
2704,0.51,-599.57,-40.46,-328.09,-331.14,4.81
2705,0.55,-605.40,-36.17,-199.81,-50.37,4.81
2706,0.77,-594.57,-37.69,-225.87,-134.20,4.81
2707,0.56,-958.74,-35.39,-331.89,-129.64,4.81
2708,0.48,-334.26,-25.82,-108.29,-54.27,4.81
2709,0.70,-1143.40,-44.75,-315.44,-145.76,4.81
2710,0.83,-874.49,-25.69,-448.05,-578.30,4.81
2711,0.83,-516.56,-37.71,-175.90,-65.09,5.13
2712,0.67,-982.40,-33.71,-313.34,-71.46,5.13
2713,0.40,-603.04,-41.20,-309.68,-153.35,5.13
2714,0.40,-664.44,-52.02,-256.71,-125.47,5.13
2715,0.52,-602.76,-38.98,-257.26,-139.87,5.13
2716,0.72,-294.35,-37.17,-102.78,-58.24,5.13
2717,0.63,-75.40,-32.54,-43.69,-36.56,5.13
2718,0.40,-611.11,-32.50,-120.90,-39.34,3.53
2719,0.60,-578.00,-26.53,-191.78,-32.67,3.85
2720,0.38,-575.68,-30.64,-150.48,-46.09,3.85
2721,0.54,-563.50,-27.69,-173.84,-42.73,3.85
2722,0.39,-604.40,-35.91,-301.58,-317.72,3.85
2723,1.02,-889.39,-33.33,-422.13,-263.59,3.85
2724,0.39,-681.53,-32.97,-166.80,-113.18,3.85
2725,0.78,-640.10,-33.77,-301.23,-384.43,3.85
2726,0.61,-422.12,-28.06,-168.78,-136.43,3.85
2727,0.43,-414.02,-32.60,-214.14,-109.14,3.85
2728,0.49,-821.22,-34.74,-394.44,-395.61,3.85
2729,0.66,-935.50,-31.89,-331.89,-390.37,3.85
2730,0.47,-901.80,-35.82,-353.06,-336.17,3.85
2731,0.62,-1104.54,-34.40,-292.25,-113.10,3.85
2732,0.79,-1414.45,-29.31,-393.41,-255.60,3.85
2733,0.28,-566.86,-29.54,-124.51,-37.62,3.85
2734,0.37,-611.47,-32.06,-241.02,-135.61,3.85
2735,0.60,-829.91,-28.07,-228.56,-37.13,3.85
2736,1.83,-1228.61,-30.58,-368.19,-296.88,3.85
2737,0.51,-923.44,-31.42,-319.94,-37.79,3.53
2738,0.42,-746.41,-28.25,-321.49,-388.54,6.09
2739,0.42,-407.24,-29.84,-103.22,-35.07,6.09
2740,1.43,-865.38,-34.24,-304.22,-230.96,6.09
2741,0.38,-154.18,-31.36,-76.48,-35.29,6.09
2742,0.42,-507.92,-33.83,-128.69,-36.23,6.09
2743,0.49,-822.85,-27.83,-156.00,-35.18,6.41
2744,0.46,-416.39,-28.45,-102.25,-38.01,6.09
2745,0.51,-507.09,-31.25,-200.25,-59.25,6.09
2746,0.67,-507.23,-26.78,-164.21,-114.18,6.09
2747,0.40,-586.35,-30.91,-175.71,-34.34,6.09
2748,0.46,-459.30,-29.63,-93.95,-32.71,6.41
2749,0.55,-819.06,-33.97,-386.42,-491.05,6.41
2750,0.89,-504.35,-31.42,-140.41,-58.55,6.41
2751,0.31,-113.34,-29.13,-67.46,-45.59,6.41
2752,0.49,-800.35,-30.00,-409.89,-569.39,6.41
2753,0.76,-1315.57,-31.93,-232.59,-35.14,6.41
2754,0.31,-129.77,-31.48,-47.41,-32.81,6.41
2755,0.45,-586.83,-28.68,-137.13,-53.31,6.41
2756,0.49,-530.47,-32.45,-116.91,-36.52,5.77
2757,0.50,-780.37,-32.41,-233.46,-37.98,5.77
2758,0.62,-613.03,-29.32,-203.32,-36.67,5.77
2759,0.52,-225.53,-31.48,-97.93,-110.90,5.77
2760,0.32,-111.94,-32.49,-50.38,-44.17,5.45
2761,0.40,-594.88,-29.50,-216.91,-100.11,5.45
2762,0.44,-414.50,-28.98,-87.58,-34.70,4.17
2763,0.35,-613.56,-27.59,-174.90,-102.79,4.17
2764,0.39,-554.70,-32.84,-223.51,-70.93,4.17
2765,0.39,-611.65,-30.41,-318.91,-328.46,4.17
2766,2.15,-602.54,-30.82,-248.91,-196.07,3.85
2767,0.64,-1126.36,-31.89,-500.59,-581.49,3.85
2768,0.49,-613.59,-31.24,-274.78,-222.21,3.85
2769,0.85,-966.71,-29.51,-299.99,-38.55,3.53
2770,0.41,-626.50,-31.66,-275.76,-110.57,3.53
2771,0.43,-558.51,-35.31,-180.19,-111.28,3.53
2772,0.41,-513.81,-32.00,-259.87,-215.58,3.53
2773,0.45,-414.24,-23.64,-153.98,-46.66,3.53
2774,0.51,-926.28,-34.70,-366.79,-406.98,5.13
2775,0.44,-137.59,-17.44,-49.40,-41.68,3.85
2776,1.07,-411.87,-20.66,-206.78,-114.69,3.85
2777,0.40,-555.44,-23.88,-191.33,-134.09,4.17
2778,0.53,-814.01,-21.86,-207.02,-34.68,4.17
2779,0.48,-774.39,-32.45,-334.12,-97.81,3.85
2780,0.40,-593.28,-29.89,-315.59,-238.17,3.85
2781,0.45,-601.32,-38.37,-163.52,-109.18,3.85
2782,0.82,-603.19,-23.29,-167.47,-32.06,4.49
2783,0.88,-560.53,-24.32,-190.91,-119.10,4.49
2784,0.37,-594.15,-26.05,-139.90,-46.14,4.81
2785,0.60,-580.40,-21.52,-156.19,-48.07,4.81
2786,0.46,-545.39,-27.29,-158.74,-114.03,4.81
2787,0.47,-115.88,-18.49,-42.74,-27.93,4.81
2788,0.73,-557.43,-30.42,-214.42,-73.72,3.85
2789,0.50,-842.25,-19.80,-236.87,-38.35,4.49
2790,0.54,-811.27,-22.51,-314.15,-97.97,4.49
2791,0.61,-793.22,-17.00,-232.50,-113.10,4.49
2792,0.47,-466.71,-27.92,-210.28,-115.46,4.17
2793,0.63,-853.14,-17.73,-310.22,-258.29,4.17
2794,0.38,-463.43,-23.72,-198.24,-137.93,4.17
2795,0.55,-792.60,-18.16,-371.66,-204.82,4.17
2796,0.73,-663.41,-25.44,-220.75,-130.43,3.85
2797,0.49,-645.27,-27.25,-278.67,-42.02,3.85
2798,0.60,-984.45,-25.33,-397.01,-492.52,3.85
2799,0.51,-754.62,-19.87,-130.69,-28.36,3.85
2800,0.53,-927.19,-33.50,-391.30,-362.39,3.85
2801,0.56,-991.48,-24.64,-279.36,-125.99,3.85
2802,0.33,-588.75,-30.70,-312.63,-374.51,3.85
2803,0.40,-646.25,-26.91,-310.34,-221.38,3.85
2804,0.81,-577.88,-31.12,-240.74,-216.44,3.85
2805,0.46,-756.24,-19.14,-151.97,-49.23,3.85
2806,0.44,-123.29,-25.20,-51.26,-31.28,3.85
2807,0.43,-623.58,-29.54,-322.08,-392.19,3.85
2808,0.56,-924.78,-45.03,-382.81,-407.70,3.85
2809,0.37,-671.62,-23.56,-202.94,-34.62,3.85
2810,0.48,-831.24,-30.31,-252.68,-43.10,3.53
2811,0.33,-585.02,-22.81,-111.36,-35.91,3.53
2812,0.48,-637.72,-30.60,-191.28,-39.50,3.53
2813,0.47,-600.85,-27.42,-235.67,-138.55,3.53
2814,0.65,-677.46,-34.71,-332.54,-264.42,3.53
2815,0.49,-600.45,-23.87,-189.68,-95.82,3.53
2816,0.53,-682.75,-36.78,-195.17,-46.51,3.53
2817,0.81,-737.27,-29.89,-286.77,-128.33,3.53
2818,0.33,-674.29,-33.93,-369.92,-552.15,4.49
2819,0.66,-701.39,-34.03,-233.01,-82.45,4.49
2820,0.40,-161.50,-34.20,-68.07,-38.79,4.49
2821,0.87,-413.70,-32.85,-113.37,-36.15,3.85
2822,0.63,-986.99,-32.28,-296.33,-166.58,4.49
2823,0.55,-601.13,-31.92,-180.11,-74.14,4.49
2824,0.44,-781.18,-40.24,-288.93,-130.92,4.81
2825,0.53,-835.58,-18.52,-338.56,-117.99,5.13
2826,0.46,-827.42,-28.63,-326.06,-172.27,5.13
2827,0.73,-540.20,-23.34,-121.72,-41.31,5.13
2828,0.57,-936.56,-33.39,-362.92,-119.55,5.13
2829,0.49,-821.10,-23.48,-193.57,-35.38,4.49
2830,0.44,-135.62,-25.04,-46.36,-36.12,4.49
2831,0.67,-643.18,-31.08,-252.15,-43.84,4.49
2832,0.48,-741.24,-35.22,-217.11,-131.24,4.49
2833,0.62,-914.19,-27.58,-222.45,-32.70,4.49
2834,0.34,-572.89,-26.35,-170.13,-50.98,4.17
2835,0.69,-961.14,-24.26,-284.39,-40.79,4.17
2836,0.62,-958.31,-36.53,-300.53,-118.53,4.17
2837,0.60,-933.91,-25.05,-201.88,-45.23,4.81
2838,0.46,-664.21,-23.94,-350.26,-486.02,4.81
2839,0.50,-669.72,-28.62,-294.46,-51.08,4.17
2840,0.72,-867.88,-28.82,-245.58,-115.91,4.17
2841,0.55,-562.07,-29.77,-145.67,-42.26,4.17
2842,0.51,-589.69,-26.86,-217.71,-87.12,4.17
2843,0.39,-558.70,-40.16,-146.67,-96.34,4.17
2844,0.39,-576.12,-31.02,-272.58,-183.06,4.17
2845,0.51,-914.01,-34.80,-414.04,-357.63,4.17
2846,0.51,-816.12,-21.70,-178.14,-37.05,4.49
2847,0.43,-602.56,-35.59,-167.50,-43.57,4.49
2848,0.78,-1063.43,-33.77,-494.80,-667.88,4.49
2849,0.70,-655.32,-25.43,-298.70,-119.37,4.49
2850,0.39,-119.40,-26.29,-61.51,-40.95,4.49
2851,0.69,-1023.20,-31.67,-195.24,-45.51,4.49
2852,0.59,-890.06,-23.42,-260.67,-93.75,4.81
2853,0.43,-590.58,-29.52,-129.39,-39.95,4.81
2854,0.38,-658.19,-30.15,-166.66,-45.38,4.81
2855,0.37,-706.61,-24.94,-163.37,-85.33,4.81
2856,0.65,-872.29,-30.99,-248.02,-60.36,4.81
2857,0.58,-931.51,-25.52,-539.22,-630.54,4.81
2858,0.51,-575.09,-28.96,-252.09,-48.55,4.81
2859,0.57,-950.64,-27.17,-214.97,-47.26,4.81
2860,0.42,-544.94,-40.63,-239.87,-140.19,4.81
2861,0.66,-1192.02,-27.25,-282.41,-81.20,4.81
2862,0.37,-638.31,-21.80,-134.70,-37.64,4.81
2863,0.42,-649.30,-29.59,-153.04,-40.12,5.13
2864,0.38,-539.89,-28.93,-110.45,-39.30,5.13
2865,0.53,-1028.52,-39.19,-454.32,-610.29,5.13
2866,0.68,-804.32,-31.20,-309.65,-120.40,4.49
2867,0.35,-602.12,-27.17,-138.28,-32.64,4.49
2868,0.40,-550.88,-26.78,-108.73,-36.92,4.49
2869,0.57,-918.92,-25.54,-228.18,-106.99,4.49
2870,0.60,-906.99,-30.50,-307.50,-233.90,4.49
2871,0.43,-758.06,-27.29,-174.92,-107.30,4.49
2872,0.72,-1008.39,-35.67,-339.84,-208.25,5.13
2873,0.36,-571.12,-23.57,-108.41,-34.28,5.13
2874,0.44,-778.71,-33.60,-253.46,-116.58,5.13
2875,0.41,-591.87,-36.73,-313.99,-330.53,5.13
2876,0.58,-921.19,-24.74,-265.63,-39.07,4.49
2877,0.45,-486.64,-26.92,-177.70,-56.38,4.49
2878,0.70,-848.50,-20.97,-294.78,-34.41,4.49
2879,0.61,-934.99,-22.61,-161.07,-33.84,4.49
2880,0.56,-925.45,-27.59,-459.50,-560.55,4.49
2881,0.56,-896.52,-24.75,-234.34,-39.84,4.49
2882,0.51,-644.08,-30.48,-343.85,-403.02,4.49
2883,0.43,-507.99,-24.85,-200.59,-32.10,5.45
2884,0.56,-812.62,-28.13,-159.06,-33.42,5.45
2885,0.58,-1039.81,-21.72,-365.71,-118.11,5.45
2886,0.42,-640.52,-37.62,-158.68,-83.05,5.45
2887,0.42,-657.10,-28.45,-158.92,-37.17,5.45
2888,0.47,-619.40,-29.51,-119.85,-39.89,5.45
2889,0.53,-751.34,-23.23,-351.58,-456.62,5.45
2890,0.35,-580.33,-27.72,-111.48,-33.37,5.45
2891,0.39,-342.47,-24.96,-94.43,-51.31,5.45
2892,0.53,-802.07,-23.69,-304.27,-274.33,5.45
2893,0.45,-38.86,-25.09,-32.82,-34.97,5.45
2894,0.54,-814.45,-26.52,-222.81,-43.22,5.45
2895,0.46,-756.62,-29.04,-287.93,-43.69,4.81
2896,0.44,-801.00,-32.95,-243.97,-116.78,5.45
2897,0.51,-656.13,-23.61,-221.36,-92.19,5.45
2898,0.61,-443.33,-24.32,-107.48,-40.37,5.45
2899,0.52,-139.08,-29.28,-52.56,-43.61,5.45
2900,0.56,-930.07,-30.62,-536.98,-574.10,5.45
2901,0.32,-121.39,-23.00,-56.95,-34.66,5.45
2902,0.62,-937.38,-26.56,-398.42,-395.62,5.45
2903,0.46,-604.29,-32.09,-118.48,-35.84,5.45
2904,0.30,-581.27,-27.21,-204.01,-32.45,5.13
2905,0.40,-579.16,-28.88,-151.17,-115.23,4.49
2906,0.78,-650.54,-30.75,-212.46,-40.09,4.49
2907,0.47,-775.57,-30.98,-209.02,-36.90,4.49
2908,0.82,-349.52,-31.73,-116.42,-117.65,4.17
2909,0.69,-601.32,-34.77,-334.31,-341.63,4.49
2910,0.29,-139.09,-28.34,-86.00,-114.27,4.49
2911,0.78,-840.69,-31.31,-339.34,-122.53,5.45
2912,0.41,-580.96,-28.97,-133.24,-46.39,5.45
2913,0.64,-973.42,-30.00,-266.55,-40.96,5.77
2914,0.73,-607.46,-29.54,-313.32,-341.63,5.77
2915,0.37,-117.06,-30.09,-45.49,-31.72,5.77
2916,0.45,-669.09,-25.47,-192.57,-36.65,5.77
2917,0.36,-340.83,-33.00,-92.45,-39.63,5.77
2918,0.32,-160.41,-26.11,-66.90,-32.78,5.77
2919,0.46,-527.80,-25.21,-103.81,-35.09,5.77
2920,0.36,-252.95,-25.82,-81.60,-47.44,5.77
2921,0.48,-819.00,-26.22,-316.11,-37.70,5.77
2922,0.43,-507.12,-28.88,-102.01,-36.18,3.85
2923,0.35,-662.22,-32.13,-173.84,-42.10,3.85
2924,0.55,-910.31,-29.76,-313.07,-117.09,3.85
2925,0.29,-293.66,-27.16,-126.49,-129.98,3.85
2926,0.44,-637.90,-29.02,-286.65,-151.61,3.85
2927,0.56,-574.34,-28.99,-233.62,-117.46,3.85
2928,0.59,-1031.97,-30.80,-370.60,-118.00,3.85
2929,0.37,-637.05,-31.23,-162.89,-39.39,3.85
2930,0.53,-1018.55,-33.64,-347.56,-101.01,4.17
2931,0.87,-1722.76,-31.72,-456.41,-114.35,3.85
2932,0.63,-1173.21,-30.34,-246.48,-116.91,4.49
2933,1.00,-1124.62,-32.43,-293.90,-40.80,4.49
2934,0.38,-660.07,-31.30,-310.01,-113.93,4.49
2935,0.42,-687.05,-30.36,-228.02,-114.83,4.49
2936,0.35,-664.96,-34.30,-216.63,-42.43,4.49
2937,0.43,-605.77,-29.43,-221.38,-115.06,4.49
2938,0.37,-124.22,-27.65,-61.38,-32.92,4.81
2939,0.38,-579.48,-27.60,-305.02,-478.82,4.81
2940,0.73,-1083.16,-28.90,-270.88,-126.67,4.81
2941,0.55,-896.01,-22.75,-243.82,-101.25,4.81
2942,0.39,-487.89,-28.64,-161.30,-32.86,4.81
2943,0.49,-794.05,-29.09,-270.11,-149.99,5.13
2944,0.31,-573.96,-27.62,-281.29,-117.25,5.13
2945,0.42,-541.93,-34.49,-170.69,-36.12,4.81
2946,0.52,-676.97,-30.35,-199.83,-42.76,4.49
2947,0.44,-770.78,-29.04,-307.24,-90.87,4.81
2948,0.37,-525.24,-33.89,-176.85,-114.09,4.81
2949,0.82,-563.16,-29.88,-210.53,-133.01,4.81
2950,0.28,-321.41,-25.03,-110.27,-103.88,4.81
2951,0.55,-943.79,-30.72,-179.92,-33.73,4.81
2952,0.59,-638.68,-26.63,-277.30,-36.69,4.81
2953,0.44,-681.38,-40.51,-303.59,-192.42,4.81
2954,0.74,-659.10,-31.79,-364.76,-522.79,5.13
2955,0.31,-135.36,-26.36,-72.62,-42.69,5.13
2956,0.50,-394.37,-28.86,-108.54,-37.93,5.13
2957,0.56,-921.30,-28.78,-193.06,-39.05,4.17
2958,0.37,-601.13,-30.79,-250.62,-67.63,4.17
2959,0.84,-864.01,-29.78,-356.26,-133.95,4.17
2960,0.41,-477.50,-28.47,-172.67,-37.02,4.17
2961,0.43,-357.44,-29.81,-133.39,-116.56,4.17
2962,0.46,-739.22,-26.28,-379.83,-538.49,4.17
2963,0.56,-827.96,-28.21,-308.45,-119.49,4.49
2964,0.47,-557.12,-32.25,-227.85,-145.23,4.49
2965,0.47,-791.21,-26.81,-271.98,-315.29,4.49
2966,0.63,-841.10,-26.27,-270.67,-40.37,5.77
2967,0.61,-675.87,-29.43,-164.81,-118.32,5.77
2968,0.36,-611.11,-24.54,-142.06,-39.22,6.73
2969,0.42,-617.85,-32.30,-165.25,-37.14,6.73
2970,0.33,-156.92,-27.62,-60.81,-33.69,6.73
2971,0.59,-1054.89,-32.16,-181.31,-36.15,6.73
2972,0.48,-351.07,-33.17,-94.23,-37.83,6.73
2973,0.42,-589.04,-31.29,-131.21,-37.44,6.73
2974,0.43,-795.15,-30.50,-222.47,-39.53,6.73
2975,0.33,-129.70,-26.24,-58.05,-33.88,6.73
2976,0.34,-559.48,-28.49,-107.71,-33.17,6.73
2977,0.69,-655.18,-25.92,-122.08,-33.48,7.05
2978,0.68,-1175.75,-26.12,-193.82,-29.54,7.05
2979,0.47,-41.43,-24.16,-33.12,-33.44,7.05
2980,0.33,-550.85,-29.46,-107.52,-32.99,7.05
2981,0.44,-454.08,-27.47,-94.40,-37.04,7.05
2982,0.36,-45.79,-27.98,-36.47,-38.65,7.05
2983,0.34,-576.59,-30.17,-111.81,-35.39,7.05
2984,0.37,-41.32,-27.40,-33.46,-31.41,7.37
2985,0.44,-545.78,-26.88,-105.27,-34.22,7.37
2986,0.34,-117.95,-24.78,-43.65,-31.07,7.37
2987,0.34,-343.95,-27.49,-132.73,-35.69,7.37
2988,0.34,-559.36,-26.14,-107.07,-33.15,7.37
2989,0.39,-567.16,-31.88,-135.42,-47.59,7.37
2990,0.80,-645.28,-25.47,-122.65,-37.73,7.37
2991,0.35,-175.37,-27.82,-56.04,-36.84,7.37
2992,0.58,-1017.83,-31.89,-175.67,-37.07,6.09
2993,0.33,-136.09,-31.51,-51.76,-40.95,6.09
2994,0.61,-910.80,-31.39,-160.58,-34.03,6.09
2995,0.34,-52.25,-27.12,-34.69,-33.35,6.09
2996,0.43,-531.57,-29.05,-118.65,-36.27,6.09
2997,0.43,-47.20,-28.16,-35.03,-36.26,6.09
2998,0.66,-1065.58,-30.75,-182.75,-35.08,6.09
2999,0.35,-40.95,-27.33,-31.82,-28.96,6.09
3000,0.37,-575.08,-27.56,-155.28,-37.93,6.09
3001,0.62,-954.98,-39.54,-428.93,-115.52,6.09
3002,0.45,-733.31,-31.55,-146.63,-35.72,6.09
3003,0.32,-596.22,-28.24,-188.79,-34.05,6.09
3004,0.65,-583.17,-27.76,-192.29,-50.19,6.09
3005,0.57,-772.67,-26.49,-263.81,-47.88,6.09
3006,0.45,-216.41,-30.32,-72.59,-38.18,6.09
3007,0.33,-236.46,-29.72,-76.80,-34.74,6.09
3008,0.41,-549.86,-31.35,-108.94,-35.63,6.09
3009,0.58,-844.59,-28.31,-165.44,-46.02,4.49
3010,0.69,-659.14,-28.34,-282.42,-253.16,4.49
3011,0.50,-633.98,-22.75,-261.63,-121.22,4.49
3012,0.67,-451.63,-34.17,-112.93,-47.66,4.49
3013,0.30,-341.51,-28.50,-132.68,-128.60,4.49
3014,0.58,-270.34,-28.98,-79.27,-34.25,4.49
3015,0.54,-991.10,-27.70,-308.48,-37.79,4.49
3016,0.50,-596.46,-30.87,-231.82,-121.33,4.49
3017,0.78,-883.11,-30.40,-215.00,-36.45,3.85
3018,0.39,-732.55,-29.53,-338.05,-279.00,3.85
3019,0.58,-805.39,-35.48,-273.10,-117.14,3.85
3020,0.30,-580.60,-29.30,-270.52,-262.82,3.85
3021,0.50,-699.29,-31.87,-340.77,-322.80,4.49
3022,0.31,-597.65,-28.22,-113.71,-33.73,4.49
3023,0.47,-362.40,-27.10,-136.54,-32.54,4.49
3024,0.37,-244.84,-27.05,-78.07,-37.49,4.81
3025,0.52,-891.03,-32.29,-326.44,-161.29,4.81
3026,0.47,-774.16,-27.58,-436.51,-586.40,4.81
3027,0.41,-134.13,-25.85,-54.55,-32.22,4.81
3028,0.59,-1049.04,-27.21,-259.08,-50.59,4.81
3029,0.30,-614.13,-27.47,-156.91,-117.22,4.81
3030,0.33,-615.27,-25.39,-117.36,-38.64,4.81
3031,0.70,-966.67,-28.13,-292.40,-110.06,4.81
3032,0.32,-603.77,-29.60,-283.70,-112.03,4.81
3033,0.28,-563.59,-30.67,-154.00,-126.61,5.13
3034,0.56,-814.13,-28.27,-237.89,-43.76,5.13
3035,0.44,-37.74,-28.60,-34.24,-35.40,5.45
3036,0.47,-842.28,-31.19,-293.37,-118.11,5.45
3037,0.36,-647.00,-31.35,-278.28,-35.71,5.45
3038,0.36,-667.56,-28.97,-135.51,-34.43,5.45
3039,0.64,-1022.45,-30.75,-304.97,-37.17,5.45
3040,0.37,-631.72,-21.29,-145.43,-37.76,5.45
3041,0.47,-906.27,-30.75,-250.21,-42.30,5.45
3042,0.56,-912.58,-29.84,-298.83,-40.59,5.45
3043,0.49,-898.34,-28.90,-179.18,-41.79,5.45
3044,0.69,-1029.53,-31.60,-383.60,-238.99,5.45
3045,0.66,-1180.39,-31.26,-316.85,-39.79,5.45
3046,0.53,-854.00,-30.76,-174.57,-33.41,5.45
3047,0.45,-779.48,-29.61,-194.70,-39.05,5.45
3048,0.30,-145.19,-29.74,-85.00,-103.40,5.45
3049,0.56,-117.49,-27.65,-42.41,-30.46,5.45
3050,0.36,-675.44,-27.34,-228.59,-31.77,5.13
3051,0.30,-580.99,-24.51,-126.09,-35.08,5.13
3052,0.38,-600.42,-29.92,-207.70,-69.67,5.13
3053,0.38,-335.58,-28.76,-102.99,-46.63,5.13
3054,0.34,-641.43,-31.82,-136.11,-36.06,5.13
3055,0.68,-940.00,-21.62,-508.48,-788.23,5.13
3056,0.80,-1430.81,-28.44,-244.74,-35.08,4.49
3057,0.46,-772.17,-31.64,-233.25,-47.47,4.17
3058,0.38,-483.83,-28.43,-160.70,-32.94,4.49
3059,0.54,-842.46,-31.56,-259.85,-142.22,4.49
3060,0.57,-944.21,-29.80,-343.59,-342.78,5.77
3061,0.63,-879.12,-30.62,-369.12,-445.89,5.77
3062,0.45,-448.10,-28.66,-140.96,-37.17,5.77
3063,0.98,-574.42,-30.62,-240.62,-43.36,5.77
3064,0.48,-825.74,-28.38,-210.37,-38.25,5.77
3065,0.56,-670.61,-29.57,-126.87,-32.21,6.09
3066,0.87,-500.58,-28.40,-210.17,-40.56,6.09
3067,0.55,-818.14,-29.87,-220.32,-32.66,6.09
3068,0.34,-43.94,-30.08,-36.42,-36.49,6.09
3069,0.34,-43.68,-22.50,-35.24,-35.64,6.09
3070,0.36,-454.71,-31.70,-122.30,-36.23,5.13
3071,0.78,-913.52,-28.22,-321.75,-210.51,5.13
3072,0.52,-960.41,-32.23,-316.71,-117.85,5.13
3073,0.35,-473.22,-27.57,-152.60,-34.83,5.13
3074,0.31,-118.48,-29.19,-69.16,-35.20,5.45
3075,0.42,-632.78,-31.21,-261.32,-133.82,5.45
3076,0.39,-570.78,-28.09,-123.46,-36.34,5.45
3077,0.44,-609.17,-28.66,-193.83,-43.09,5.45
3078,0.49,-518.98,-30.57,-158.30,-39.72,5.45
3079,0.43,-529.84,-30.61,-131.76,-37.35,5.45
3080,0.32,-140.28,-32.77,-62.61,-39.33,5.45
3081,0.33,-39.49,-27.29,-33.40,-34.41,5.45
3082,0.48,-790.75,-27.14,-326.62,-40.43,5.13
3083,0.31,-46.47,-26.67,-34.63,-31.51,5.13
3084,0.54,-933.47,-29.37,-312.06,-157.28,5.13
3085,0.42,-175.37,-28.82,-52.81,-32.03,5.13
3086,0.34,-612.04,-28.26,-117.65,-36.05,5.13
3087,0.52,-800.83,-24.74,-223.84,-38.57,5.13
3088,0.35,-133.93,-26.10,-43.86,-29.10,5.13
3089,0.48,-833.04,-30.40,-344.97,-130.90,5.13
3090,0.41,-645.60,-27.89,-286.89,-45.98,5.13
3091,0.42,-623.33,-24.09,-266.91,-39.18,5.13
3092,0.43,-608.20,-33.65,-180.88,-117.88,5.13
3093,0.43,-575.80,-30.15,-114.57,-37.86,5.13
3094,0.37,-641.75,-27.80,-208.35,-41.12,4.81
3095,0.44,-574.24,-30.18,-216.91,-147.93,5.13
3096,0.66,-320.23,-29.66,-88.47,-34.02,5.13
3097,0.30,-593.56,-30.84,-201.93,-167.04,5.13
3098,0.32,-596.94,-25.87,-111.90,-32.97,5.13
3099,0.43,-609.99,-34.13,-271.64,-119.56,5.13
3100,0.33,-160.45,-29.70,-50.80,-32.77,5.13
3101,0.33,-34.88,-13.94,-28.70,-29.76,5.13
3102,0.31,-596.45,-25.31,-126.54,-34.12,5.13
3103,0.53,-117.74,-26.56,-66.42,-37.94,5.13
3104,0.54,-919.90,-29.06,-210.22,-37.67,5.45
3105,0.39,-689.25,-27.79,-141.53,-39.65,5.45
3106,0.42,-516.88,-27.59,-127.89,-35.43,5.45
3107,0.81,-1291.18,-24.99,-481.81,-120.33,5.45
3108,0.56,-807.92,-23.55,-165.85,-40.22,5.45
3109,0.38,-261.18,-24.08,-94.98,-36.15,5.45
3110,0.37,-332.43,-24.74,-86.21,-37.67,5.45
3111,1.35,-876.71,-23.99,-360.20,-156.15,5.45
3112,0.41,-661.62,-22.03,-238.88,-130.52,5.45
3113,0.47,-630.67,-27.55,-178.49,-39.96,5.13
3114,0.41,-678.64,-17.33,-232.61,-53.34,5.13
3115,0.46,-350.21,-32.16,-82.57,-39.56,5.45
3116,0.36,-657.47,-22.43,-157.85,-116.71,5.45
3117,0.39,-115.14,-32.11,-49.47,-36.89,5.45
3118,0.41,-589.53,-20.06,-189.46,-33.13,5.45
3119,0.40,-582.57,-25.08,-151.11,-32.36,5.45
3120,0.44,-116.89,-30.07,-45.84,-34.28,5.45
3121,0.47,-508.99,-28.74,-103.51,-40.22,5.45
3122,0.42,-799.93,-23.61,-140.35,-31.22,5.45
3123,0.68,-839.69,-26.84,-181.32,-39.25,5.45
3124,0.44,-530.66,-27.57,-104.15,-32.64,5.45
3125,0.34,-576.32,-23.55,-107.87,-26.38,5.45
3126,0.44,-139.68,-29.96,-73.70,-43.17,5.45
3127,0.54,-823.95,-19.99,-188.16,-25.65,5.45
3128,0.80,-327.65,-25.96,-94.41,-33.76,5.45
3129,0.56,-854.71,-29.65,-254.48,-45.73,5.13
3130,0.36,-641.78,-23.71,-290.36,-115.58,5.13
3131,0.47,-536.38,-35.66,-281.91,-213.13,5.13
3132,0.44,-131.48,-25.38,-57.57,-35.87,5.13
3133,0.32,-546.12,-21.04,-120.77,-26.17,5.13
3134,0.33,-138.30,-21.59,-43.86,-27.64,5.13
3135,0.43,-647.35,-22.52,-117.47,-29.61,5.45
3136,0.43,-655.65,-25.01,-190.25,-31.83,5.45
3137,0.35,-631.59,-25.56,-200.41,-44.44,5.13
3138,0.56,-865.71,-25.27,-352.42,-357.18,5.13
3139,0.38,-599.37,-33.07,-184.39,-117.50,4.49
3140,0.35,-568.35,-29.92,-121.83,-30.53,4.49
3141,0.69,-657.85,-24.54,-214.31,-37.89,4.49
3142,0.59,-693.50,-22.66,-162.86,-40.19,4.81
3143,0.36,-608.40,-36.20,-213.37,-44.15,4.81
3144,0.38,-641.39,-27.96,-121.28,-33.40,4.81
3145,0.57,-566.78,-30.41,-245.94,-43.00,4.81
3146,0.64,-581.88,-23.91,-122.86,-42.33,4.81
3147,0.38,-657.30,-30.04,-335.06,-342.06,5.45
3148,0.52,-890.29,-28.99,-246.57,-33.22,5.45
3149,0.34,-114.08,-25.75,-44.96,-34.47,5.45
3150,0.34,-570.10,-22.60,-120.27,-35.95,5.45
3151,0.50,-844.14,-29.11,-252.54,-42.01,5.77
3152,0.75,-557.85,-25.84,-184.69,-35.82,5.13
3153,0.63,-800.41,-27.30,-158.08,-36.09,5.13
3154,0.72,-925.59,-29.90,-285.62,-38.06,5.13
3155,0.31,-590.54,-36.57,-244.39,-118.29,5.13
3156,0.47,-490.78,-40.78,-239.48,-135.67,5.13
3157,0.37,-485.10,-31.86,-100.19,-36.26,5.77
3158,0.56,-900.92,-29.85,-221.67,-38.38,6.41
3159,0.38,-191.11,-24.66,-54.09,-31.21,6.41
3160,0.39,-167.54,-25.92,-52.84,-35.23,6.41
3161,0.41,-477.63,-27.78,-96.66,-33.98,6.41
3162,0.45,-600.53,-26.37,-181.58,-31.61,6.41
3163,0.59,-899.73,-24.27,-156.18,-31.59,6.09
3164,0.40,-493.62,-28.68,-123.92,-33.71,6.09
3165,0.40,-43.41,-27.36,-34.83,-30.93,6.09
3166,0.60,-470.14,-32.27,-180.14,-42.43,6.09
3167,0.99,-568.39,-28.07,-265.61,-112.88,6.09
3168,0.33,-118.27,-25.41,-45.31,-34.99,4.49
3169,0.46,-737.47,-26.34,-360.86,-522.39,4.49
3170,0.45,-624.39,-32.35,-219.50,-107.29,4.49
3171,0.35,-663.94,-32.53,-247.78,-138.65,4.49
3172,0.46,-856.38,-23.36,-233.05,-38.13,4.49
3173,0.36,-591.94,-37.87,-349.56,-362.26,4.49
3174,0.58,-599.07,-22.50,-235.51,-134.27,4.49
3175,0.51,-874.68,-29.37,-271.81,-133.14,4.49
3176,0.54,-767.13,-37.21,-438.07,-515.12,4.49
3177,0.50,-651.14,-31.62,-322.31,-398.29,4.49
3178,0.37,-639.60,-28.05,-119.39,-33.22,4.49
3179,0.41,-482.02,-33.56,-155.29,-40.76,4.49
3180,0.79,-695.02,-27.13,-313.96,-129.88,4.49
3181,0.79,-882.38,-27.01,-388.28,-356.17,4.49
3182,0.54,-988.27,-26.03,-323.62,-33.03,4.49
3183,0.36,-678.13,-31.91,-217.33,-38.36,4.49
3184,0.31,-127.18,-23.47,-58.35,-34.21,4.49
3185,0.59,-903.03,-21.33,-337.55,-91.97,4.49
3186,0.48,-132.57,-24.28,-45.83,-32.12,4.49
3187,0.36,-634.64,-34.64,-151.85,-50.04,4.49
3188,0.40,-549.64,-35.32,-214.04,-130.22,4.17
3189,0.38,-599.15,-26.48,-137.78,-34.15,4.17
3190,0.69,-772.27,-28.28,-300.18,-35.99,4.49
3191,0.79,-944.40,-28.14,-445.55,-507.09,4.17
3192,0.30,-611.64,-22.77,-171.94,-119.39,4.49
3193,0.93,-1288.45,-29.96,-398.37,-313.39,4.17
3194,0.56,-957.04,-24.79,-349.63,-39.50,4.17
3195,0.50,-961.44,-32.20,-274.66,-117.19,4.49
3196,0.53,-845.59,-30.47,-251.08,-51.31,4.49
3197,0.61,-1033.37,-27.87,-309.60,-95.45,4.49
3198,0.42,-656.41,-28.09,-145.44,-41.96,4.49
3199,0.62,-1105.11,-23.17,-400.15,-37.34,4.49
3200,0.33,-34.87,-25.38,-29.45,-28.62,4.49
3201,0.54,-837.27,-27.50,-440.85,-511.50,4.49
3202,0.43,-547.40,-23.83,-173.98,-116.87,4.81
3203,0.41,-656.83,-26.78,-290.97,-38.59,4.81
3204,0.36,-628.87,-27.86,-275.45,-223.90,4.81
3205,0.50,-811.23,-24.56,-184.47,-44.91,4.81
3206,0.40,-662.72,-22.77,-206.25,-39.77,4.81
3207,0.40,-302.21,-26.69,-102.32,-41.55,4.81
3208,0.38,-318.16,-21.03,-77.12,-35.36,4.81
3209,0.45,-678.53,-27.88,-263.92,-137.35,4.81
3210,0.53,-462.93,-27.56,-172.25,-120.45,4.81
3211,0.50,-887.42,-31.34,-240.61,-74.16,4.17
3212,0.96,-1134.66,-24.44,-352.09,-44.90,4.17
3213,0.40,-665.86,-29.99,-312.37,-227.00,4.17
3214,0.38,-258.98,-34.20,-110.37,-128.15,4.17
3215,0.52,-883.36,-30.13,-316.29,-221.72,4.17
3216,0.75,-823.26,-24.61,-272.65,-39.30,4.17
3217,0.36,-673.15,-34.23,-337.34,-311.96,4.17
3218,0.74,-929.48,-32.89,-477.94,-506.15,4.17
3219,0.36,-672.71,-28.42,-138.84,-32.97,4.17
3220,0.30,-571.17,-22.19,-132.34,-42.08,4.17
3221,0.59,-591.52,-27.97,-204.01,-58.57,4.17
3222,0.43,-710.27,-20.92,-229.55,-32.16,4.49
3223,0.35,-603.95,-36.06,-144.27,-43.52,4.49
3224,0.57,-901.03,-29.55,-299.16,-113.96,4.49
3225,1.01,-1186.69,-21.00,-343.45,-43.48,4.49
3226,0.41,-115.38,-25.28,-47.42,-36.47,4.49
3227,0.52,-889.66,-27.91,-349.59,-119.49,4.81
3228,0.74,-865.37,-28.85,-291.96,-126.62,5.45
3229,0.40,-545.73,-26.02,-132.27,-34.97,5.45
3230,0.60,-817.62,-30.41,-306.39,-114.61,6.09
3231,0.86,-291.37,-22.28,-72.07,-34.90,6.09
3232,0.60,-901.37,-24.38,-343.22,-36.52,6.09
3233,0.38,-702.20,-27.43,-126.39,-32.01,6.09
3234,1.16,-611.34,-26.72,-241.31,-234.95,6.09
3235,0.49,-683.28,-31.73,-198.08,-46.01,6.09
3236,0.61,-1069.80,-23.28,-190.76,-46.93,6.09
3237,0.48,-761.13,-36.06,-176.18,-40.08,6.09
3238,0.47,-271.86,-34.41,-115.43,-116.12,6.09
3239,0.46,-134.31,-30.52,-63.14,-52.20,6.09
3240,0.61,-578.80,-23.34,-205.50,-65.56,6.09
3241,0.50,-607.16,-26.42,-126.88,-47.04,6.41
3242,0.52,-56.00,-29.62,-46.85,-47.47,6.41
3243,0.56,-750.11,-29.43,-158.07,-45.40,6.41
3244,0.94,-855.36,-38.30,-292.52,-62.21,6.41
3245,0.79,-562.60,-41.63,-164.75,-44.56,6.41
3246,0.50,-49.51,-32.28,-41.75,-42.73,6.09
3247,0.75,-972.54,-31.01,-289.73,-57.20,6.41
3248,0.67,-598.31,-21.16,-158.00,-122.81,6.41
3249,0.56,-66.77,-32.11,-45.44,-47.02,6.41
3250,0.51,-569.61,-34.96,-124.82,-39.92,6.41
3251,0.71,-363.02,-32.91,-90.25,-48.11,6.41
3252,0.64,-593.67,-20.26,-199.54,-47.73,6.41
3253,0.67,-712.89,-26.03,-237.25,-63.97,6.41
3254,0.76,-612.75,-29.10,-128.17,-46.28,6.41
3255,0.57,-611.28,-42.14,-213.66,-61.92,6.41
3256,0.56,-901.21,-35.63,-238.02,-54.03,5.13
3257,0.48,-642.44,-37.00,-176.22,-55.09,5.13
3258,0.78,-56.50,-30.18,-45.31,-49.24,6.73
3259,0.45,-135.46,-33.90,-66.64,-42.02,6.73
3260,0.59,-74.30,-36.79,-50.30,-48.88,6.73
3261,0.49,-562.47,-27.13,-202.36,-61.45,7.69
3262,0.47,-308.65,-36.43,-86.06,-52.72,7.69
3263,0.54,-858.29,-41.32,-163.87,-48.24,7.05
3264,0.77,-76.58,-37.66,-58.56,-54.08,7.05
3265,0.50,-586.47,-27.96,-132.00,-46.85,7.05
3266,0.54,-68.09,-34.12,-42.97,-34.72,7.05
3267,0.46,-806.28,-31.14,-184.88,-49.15,7.05
3268,0.65,-959.22,-29.69,-293.74,-47.10,7.05
3269,0.46,-563.15,-29.37,-122.90,-45.08,6.09
3270,0.54,-578.98,-35.79,-148.00,-55.05,6.09
3271,0.62,-86.13,-29.54,-51.25,-54.19,6.09
3272,0.53,-86.74,-23.31,-53.02,-47.89,6.09
3273,0.48,-594.28,-29.34,-134.79,-50.73,6.09
3274,0.71,-1309.80,-36.15,-301.85,-56.78,5.13
3275,0.64,-66.27,-37.07,-55.00,-61.56,5.13
3276,0.50,-356.90,-34.20,-91.55,-40.32,5.13
3277,0.79,-752.16,-36.20,-148.48,-52.31,5.45
3278,0.48,-602.94,-25.97,-124.90,-41.00,5.45
3279,0.53,-575.81,-52.98,-223.11,-133.97,5.45
3280,0.50,-537.92,-41.72,-200.59,-68.31,5.77
3281,0.67,-975.18,-37.53,-303.61,-52.49,5.77
3282,0.53,-58.70,-28.10,-45.68,-42.58,5.77
3283,0.56,-551.81,-26.27,-117.32,-44.75,5.77
3284,0.57,-122.59,-43.71,-62.94,-53.15,5.77
3285,0.53,-786.81,-46.56,-274.43,-126.17,5.77
3286,0.64,-119.82,-32.51,-62.17,-49.56,5.77
3287,0.53,-730.87,-33.49,-150.25,-50.11,5.77
3288,0.47,-702.46,-45.01,-289.30,-64.18,5.77
3289,0.59,-837.85,-36.89,-262.10,-59.53,5.13
3290,0.73,-240.86,-36.63,-76.40,-45.39,5.13
3291,0.51,-582.79,-34.38,-196.50,-49.80,5.13
3292,0.49,-662.39,-30.23,-224.92,-54.60,5.13
3293,0.48,-341.22,-25.55,-111.83,-52.99,5.13
3294,0.69,-569.29,-32.27,-139.44,-51.64,5.13
3295,0.55,-562.44,-31.62,-120.95,-48.73,4.17
3296,0.47,-558.49,-20.86,-128.36,-69.42,4.17
3297,0.44,-675.46,-29.23,-142.97,-49.93,4.49
3298,0.44,-594.67,-33.80,-122.64,-50.48,4.49
3299,0.44,-164.91,-38.00,-74.89,-47.43,4.81
3300,0.73,-1032.94,-29.05,-277.04,-55.58,6.09
3301,0.55,-853.12,-21.39,-362.42,-75.63,5.77
3302,0.55,-117.91,-34.86,-55.61,-48.74,5.77
3303,0.46,-542.40,-40.00,-139.66,-71.05,6.09
3304,0.58,-664.90,-31.13,-140.62,-46.08,4.49
3305,0.46,-541.20,-61.17,-191.85,-118.86,4.49
3306,0.45,-117.54,-21.28,-48.67,-42.69,4.49
3307,0.73,-320.96,-41.40,-155.81,-68.22,4.49
3308,0.84,-663.67,-35.72,-204.86,-51.72,4.81
3309,0.40,-561.36,-38.18,-130.49,-53.94,4.81
3310,0.59,-82.16,-36.49,-55.08,-51.59,4.81
3311,0.76,-986.93,-34.75,-347.85,-118.87,4.81
3312,0.78,-64.65,-36.47,-46.65,-43.64,4.81
3313,0.43,-634.97,-39.19,-305.51,-117.97,4.81
3314,0.57,-574.93,-35.73,-134.08,-51.89,4.81
3315,0.51,-837.97,-34.65,-246.54,-69.03,4.81
3316,0.54,-593.63,-31.28,-126.19,-46.44,4.81
3317,0.48,-887.97,-35.64,-344.35,-56.01,4.81
3318,0.79,-609.74,-33.74,-130.60,-52.95,4.81
3319,0.75,-843.38,-28.46,-278.05,-49.12,4.81
3320,0.48,-137.12,-30.86,-58.44,-40.16,4.49
3321,0.57,-585.15,-28.32,-141.44,-52.23,4.17
3322,0.69,-1269.81,-35.90,-379.77,-221.84,4.17
3323,0.51,-608.22,-30.90,-185.35,-73.50,5.77
3324,0.53,-62.45,-29.68,-47.30,-52.15,6.09
3325,0.48,-583.75,-26.30,-119.14,-38.41,6.09
3326,0.56,-950.10,-34.99,-495.46,-587.25,5.45
3327,0.62,-969.49,-41.42,-292.64,-137.07,5.45
3328,0.69,-660.97,-31.24,-206.61,-45.71,5.45
3329,0.71,-952.07,-46.30,-288.89,-58.35,5.45
3330,0.50,-120.93,-41.08,-63.25,-47.88,5.45
3331,0.37,-137.27,-27.82,-56.89,-44.23,5.13
3332,0.78,-660.07,-25.94,-265.57,-50.02,5.45
3333,0.46,-683.15,-28.72,-149.63,-49.11,5.45
3334,0.87,-632.18,-37.34,-228.58,-122.25,5.45
3335,0.59,-878.40,-39.41,-224.71,-55.17,5.45
3336,0.49,-811.62,-40.64,-232.88,-54.91,5.45
3337,0.50,-567.83,-39.95,-138.06,-50.99,5.45
3338,0.73,-1113.09,-36.04,-377.72,-50.45,5.13
3339,0.68,-785.87,-36.00,-255.01,-53.39,4.81
3340,0.32,-566.68,-29.70,-142.97,-59.99,4.81
3341,0.44,-340.28,-33.73,-130.14,-52.34,4.81
3342,0.59,-816.81,-32.86,-207.21,-57.29,4.81
3343,0.58,-277.80,-29.39,-81.82,-43.16,4.81
3344,0.46,-630.21,-44.66,-228.33,-123.08,4.81
3345,0.58,-142.59,-36.52,-71.86,-47.83,4.81
3346,0.72,-884.54,-49.25,-393.59,-285.74,4.81
3347,0.58,-650.98,-30.42,-145.98,-47.81,4.81
3348,0.54,-152.67,-21.17,-61.14,-49.75,4.81
3349,0.41,-141.57,-39.35,-69.88,-47.44,4.81
3350,0.48,-601.91,-34.21,-251.92,-107.90,4.81
3351,0.44,-623.95,-38.41,-227.55,-116.55,6.09
3352,0.56,-812.38,-29.19,-181.41,-66.30,6.09
3353,0.57,-79.44,-28.11,-44.50,-39.22,6.09
3354,0.43,-139.14,-23.67,-54.61,-52.26,6.09
3355,0.57,-974.67,-30.42,-241.54,-46.14,6.09
3356,0.48,-138.92,-30.24,-69.97,-53.77,6.09
3357,0.57,-868.32,-35.28,-185.99,-63.07,6.09
3358,0.58,-65.89,-17.87,-43.37,-41.38,6.41
3359,0.62,-135.18,-36.54,-58.98,-47.95,6.41
3360,0.62,-495.38,-24.24,-107.79,-46.44,6.41
3361,0.53,-824.26,-37.82,-285.59,-120.87,6.41
3362,0.73,-211.72,-21.04,-62.73,-39.70,6.41
3363,0.83,-1041.72,-52.77,-370.90,-316.71,6.41
3364,0.65,-67.12,-27.32,-51.73,-59.98,6.73
3365,0.64,-527.30,-40.29,-123.46,-60.06,6.41
3366,0.49,-546.83,-30.97,-130.99,-62.41,6.41
3367,0.39,-313.64,-28.32,-77.16,-36.97,6.41
3368,0.60,-560.18,-31.86,-221.34,-124.98,6.41
3369,0.68,-952.18,-32.60,-199.20,-61.42,6.41
3370,0.46,-384.74,-27.71,-119.37,-82.42,6.09
3371,0.48,-119.47,-37.87,-56.44,-47.11,6.09
3372,0.49,-735.24,-33.30,-215.37,-48.77,6.09
3373,1.01,-918.95,-33.47,-249.18,-52.67,6.09
3374,0.68,-644.30,-36.28,-211.50,-55.74,5.77
3375,0.47,-123.69,-37.22,-57.06,-47.12,5.45
3376,0.84,-585.94,-28.29,-121.09,-42.61,5.45
3377,0.46,-51.65,-37.67,-44.73,-44.29,5.45
3378,0.57,-795.39,-33.08,-158.57,-58.38,5.45
3379,0.47,-76.01,-33.60,-49.46,-44.84,5.45
3380,0.48,-855.95,-27.14,-171.17,-50.31,5.45
3381,0.49,-60.63,-33.17,-45.28,-40.80,6.09
3382,0.53,-599.77,-35.54,-278.24,-49.86,6.09
3383,0.54,-138.15,-49.70,-67.37,-58.04,5.77
3384,0.52,-603.45,-29.52,-141.75,-45.66,5.45
3385,0.60,-925.07,-15.64,-250.51,-54.62,5.77
3386,0.52,-875.07,-32.73,-325.89,-60.32,5.77
3387,0.59,-973.35,-35.83,-267.76,-63.48,5.13
3388,0.45,-586.88,-37.38,-197.73,-49.19,5.13
3389,0.45,-573.42,-35.35,-128.35,-48.85,5.13
3390,0.92,-685.72,-30.16,-261.81,-54.11,5.13
3391,0.65,-829.41,-44.03,-304.08,-50.20,5.13
3392,0.66,-977.63,-24.75,-290.10,-72.62,5.13
3393,0.51,-580.79,-41.94,-170.36,-53.16,4.81
3394,0.45,-594.74,-26.18,-131.05,-42.86,5.45
3395,0.60,-844.76,-39.59,-353.56,-69.56,6.09
3396,0.76,-900.31,-20.71,-359.22,-46.63,6.09
3397,0.60,-694.02,-46.51,-146.22,-58.57,5.45
3398,0.77,-1002.85,-29.09,-263.12,-44.19,5.13
3399,0.82,-639.09,-41.97,-324.03,-295.51,3.85
3400,0.70,-651.35,-29.75,-211.88,-52.34,3.85
3401,0.45,-632.69,-45.56,-222.24,-120.62,3.85
3402,0.58,-106.63,-24.43,-52.15,-45.74,3.85
3403,0.54,-562.47,-27.07,-186.05,-120.67,3.85
3404,0.40,-699.57,-42.49,-241.55,-138.74,3.85
3405,0.79,-636.48,-35.14,-152.31,-48.28,3.85
3406,0.45,-555.36,-33.63,-234.03,-124.28,3.85
3407,0.46,-604.61,-34.31,-137.67,-50.04,3.85
3408,0.51,-729.11,-20.02,-254.73,-66.84,3.85
3409,0.42,-588.74,-32.55,-157.16,-44.13,3.85
3410,0.58,-733.95,-44.99,-162.72,-63.36,3.85
3411,0.56,-565.49,-46.14,-227.94,-122.00,3.85
3412,0.69,-568.25,-24.86,-123.26,-62.72,3.85
3413,0.65,-923.66,-52.53,-216.65,-120.72,3.85
3414,0.45,-572.23,-32.76,-160.92,-59.18,3.85
3415,0.70,-637.09,-37.09,-143.18,-46.89,3.85
3416,0.55,-365.96,-27.55,-114.31,-83.15,3.85
3417,0.45,-559.22,-36.51,-131.10,-53.11,3.85
3418,0.37,-598.42,-33.79,-219.22,-118.27,3.85
3419,0.59,-948.33,-39.29,-349.94,-57.28,2.88
3420,0.61,-1067.61,-28.18,-257.62,-121.96,2.88
3421,0.90,-997.95,-30.29,-371.20,-272.08,3.53
3422,1.35,-936.28,-47.15,-404.47,-482.69,3.53
3423,0.87,-1011.53,-33.17,-408.72,-319.43,3.53
3424,0.46,-626.74,-49.38,-156.99,-77.33,5.13
3425,0.54,-573.96,-55.54,-223.66,-120.19,5.13
3426,0.54,-64.19,-32.44,-45.13,-40.72,5.13
3427,0.57,-666.73,-24.73,-154.18,-63.67,4.49
3428,0.45,-122.41,-41.82,-58.19,-49.39,4.49
3429,0.39,-341.40,-25.24,-114.55,-91.71,4.49
3430,0.57,-853.74,-47.41,-349.49,-206.16,4.49
3431,0.46,-609.06,-20.22,-232.23,-50.88,4.49
3432,0.54,-652.57,-28.70,-223.04,-68.77,4.49
3433,0.50,-671.85,-33.60,-211.06,-53.19,5.13
3434,1.14,-835.61,-41.65,-318.49,-110.11,5.13
3435,0.51,-788.86,-36.05,-162.28,-47.92,4.49
3436,0.60,-139.10,-38.69,-70.85,-54.22,4.49
3437,0.58,-696.96,-27.50,-216.26,-39.02,4.81
3438,0.56,-858.65,-25.19,-420.43,-574.46,5.13
3439,0.75,-118.41,-20.88,-54.02,-44.67,4.81
3440,0.61,-1013.54,-31.10,-342.40,-89.37,4.81
3441,0.50,-787.20,-51.75,-180.99,-56.56,4.81
3442,0.66,-578.38,-34.60,-125.71,-55.73,4.81
3443,0.68,-881.54,-36.98,-339.52,-296.06,4.81
3444,0.44,-580.60,-17.09,-149.71,-49.30,4.81
3445,0.46,-191.99,-22.28,-67.30,-46.11,4.49
3446,0.50,-69.25,-14.32,-46.18,-48.29,4.49
3447,0.45,-140.54,-36.10,-64.45,-51.66,5.13
3448,0.47,-647.65,-31.83,-130.87,-38.42,5.13
3449,0.47,-781.17,-36.24,-305.57,-75.18,5.13
3450,0.44,-583.43,-28.37,-121.96,-48.44,5.77
3451,0.52,-572.85,-30.03,-121.98,-50.36,5.77
3452,0.56,-962.31,-26.72,-249.77,-43.38,5.77
3453,0.53,-330.46,-43.13,-114.30,-83.17,5.77
3454,0.61,-669.93,-36.99,-211.33,-48.07,5.77
3455,0.55,-58.12,-33.58,-45.81,-46.01,5.77
3456,0.54,-786.62,-30.65,-233.10,-67.96,5.13
3457,0.49,-542.35,-31.38,-126.06,-52.21,5.13
3458,0.52,-52.66,-24.91,-42.07,-41.63,5.13
3459,0.64,-138.12,-29.36,-55.79,-44.79,5.77
3460,0.64,-970.36,-41.06,-188.94,-56.65,5.13
3461,0.52,-877.92,-37.69,-324.34,-121.18,5.13
3462,0.61,-118.21,-27.55,-60.68,-59.18,5.13
3463,0.47,-834.68,-41.13,-251.03,-68.22,4.81
3464,0.73,-911.74,-24.47,-165.39,-41.29,4.81
3465,0.56,-1030.07,-43.80,-351.54,-120.92,4.81
3466,0.58,-877.45,-28.81,-222.59,-48.65,4.81
3467,0.64,-442.99,-40.84,-117.15,-51.60,6.09
3468,0.92,-677.25,-31.98,-143.33,-50.64,6.09
3469,0.46,-118.46,-39.88,-62.50,-57.55,6.09
3470,0.42,-621.52,-28.28,-206.84,-51.61,4.49
3471,0.59,-958.41,-20.95,-261.50,-49.94,5.13
3472,0.38,-661.78,-36.16,-250.35,-45.30,4.49
3473,0.42,-574.02,-41.41,-143.22,-50.25,4.49
3474,0.44,-591.87,-21.45,-127.49,-47.99,4.49
3475,0.53,-824.65,-37.91,-164.66,-55.38,4.81
3476,0.41,-674.29,-28.00,-184.31,-89.87,4.81
3477,0.57,-977.89,-34.81,-245.13,-116.19,4.81
3478,0.77,-572.40,-31.10,-255.32,-40.47,4.81
3479,0.39,-136.30,-23.90,-61.95,-39.19,4.81
3480,0.46,-354.33,-28.68,-111.06,-51.41,4.81
3481,0.44,-571.13,-35.45,-224.84,-150.92,4.81
3482,0.38,-572.19,-20.95,-119.05,-32.58,4.81
3483,0.43,-289.59,-24.43,-127.34,-114.86,4.81
3484,0.77,-687.91,-27.37,-218.25,-39.75,4.81
3485,0.59,-864.49,-34.56,-463.60,-574.79,4.81
3486,0.48,-543.99,-24.61,-124.08,-34.13,4.81
3487,0.43,-781.23,-38.84,-389.87,-335.38,4.81
3488,0.65,-474.39,-29.86,-146.66,-53.69,5.45
3489,0.33,-599.85,-24.63,-132.29,-34.09,5.45
3490,0.39,-634.86,-38.61,-311.43,-246.14,5.45
3491,0.38,-680.40,-32.50,-385.04,-559.98,5.45
3492,0.42,-655.03,-20.15,-120.31,-31.94,5.45
3493,0.50,-604.23,-39.37,-169.27,-50.80,5.13
3494,0.49,-784.76,-12.33,-315.32,-30.25,5.13
3495,0.53,-875.63,-31.33,-270.14,-108.08,5.13
3496,0.30,-586.79,-26.85,-190.47,-131.65,5.13
3497,0.44,-618.27,-22.19,-163.97,-30.45,4.49
3498,0.76,-622.07,-21.03,-223.21,-118.60,4.49
3499,0.61,-629.88,-27.13,-326.99,-222.89,4.49
3500,0.56,-998.87,-32.25,-273.77,-39.78,5.13
3501,0.43,-600.40,-29.96,-187.45,-41.16,5.13
3502,0.54,-922.61,-31.14,-227.42,-45.39,4.81
3503,0.58,-1099.89,-29.62,-202.62,-38.94,4.81
3504,0.39,-389.63,-33.31,-127.09,-88.83,4.81
3505,1.00,-352.66,-36.70,-170.20,-78.41,4.81
3506,0.45,-608.20,-30.07,-223.19,-114.11,4.81
3507,0.45,-879.95,-27.14,-204.90,-39.44,4.81
3508,0.42,-389.70,-31.34,-198.96,-129.31,4.81
3509,0.61,-884.72,-30.36,-384.03,-369.18,4.81
3510,0.31,-557.06,-29.04,-132.57,-40.79,4.81
3511,0.46,-597.37,-36.79,-253.01,-186.25,4.81
3512,0.57,-885.03,-31.84,-211.85,-107.18,4.81
3513,0.39,-606.30,-28.12,-151.21,-95.52,4.81
3514,0.42,-134.46,-32.92,-55.83,-38.85,4.81
3515,0.32,-586.70,-25.42,-172.68,-111.88,4.49
3516,0.36,-635.81,-33.96,-227.08,-114.89,3.85
3517,0.45,-405.01,-30.16,-146.49,-37.27,3.85
3518,0.43,-735.61,-29.16,-434.76,-574.73,3.85
3519,0.84,-1213.20,-33.96,-427.13,-356.89,3.85
3520,0.53,-915.15,-33.69,-295.19,-207.90,3.85
3521,1.01,-800.36,-30.26,-411.13,-520.95,3.85
3522,0.65,-973.83,-33.30,-450.25,-529.67,3.85
3523,0.46,-608.07,-29.20,-181.84,-33.16,3.85
3524,0.41,-660.33,-30.16,-209.14,-140.31,3.85
3525,0.55,-965.94,-27.81,-466.86,-575.57,3.85
3526,0.47,-858.73,-34.57,-262.04,-115.18,3.85
3527,0.44,-675.67,-29.26,-216.52,-113.55,3.85
3528,0.42,-677.10,-20.42,-242.62,-119.11,3.85
3529,0.35,-538.82,-20.62,-138.49,-50.14,3.85
3530,0.52,-894.74,-25.27,-265.62,-114.95,3.85
3531,0.53,-896.63,-28.30,-336.35,-325.10,3.85
3532,0.56,-342.18,-32.36,-147.49,-118.89,5.13
3533,0.91,-1412.45,-30.63,-445.91,-177.40,5.13
3534,0.55,-847.57,-31.73,-278.75,-120.38,5.13
3535,0.55,-842.68,-19.79,-185.57,-65.64,5.13
3536,0.48,-413.22,-22.82,-147.51,-120.70,5.77
3537,0.47,-598.85,-27.01,-183.60,-38.50,5.77
3538,0.45,-54.83,-24.65,-38.91,-38.74,4.49
3539,0.45,-728.39,-31.92,-354.98,-395.77,4.49
3540,0.56,-667.26,-27.46,-220.59,-40.81,5.13
3541,0.52,-895.94,-22.79,-212.25,-51.99,5.13
3542,0.36,-610.69,-21.47,-118.60,-40.70,5.13
3543,0.46,-149.86,-23.35,-83.18,-49.53,5.13
3544,0.39,-681.47,-27.27,-218.24,-132.57,5.13
3545,0.46,-668.85,-26.57,-215.28,-104.78,5.13
3546,0.40,-640.89,-22.43,-257.75,-135.05,5.13
3547,0.45,-850.60,-17.79,-161.08,-35.81,5.13
3548,0.36,-166.04,-27.73,-76.30,-47.13,5.13
3549,0.35,-574.26,-22.02,-139.70,-42.65,4.49
3550,0.60,-879.76,-40.74,-546.98,-545.76,4.49
3551,0.89,-1439.83,-19.16,-357.16,-38.48,4.49
3552,0.42,-722.50,-31.96,-339.86,-354.42,5.13
3553,0.65,-1001.05,-31.13,-395.51,-398.57,5.13
3554,0.43,-535.60,-26.27,-162.22,-33.41,5.13
3555,1.01,-1054.67,-35.58,-332.51,-293.15,5.13
3556,0.52,-915.05,-32.15,-315.95,-117.44,5.45
3557,0.40,-702.14,-31.32,-395.60,-592.30,5.45
3558,0.68,-844.84,-25.01,-180.18,-33.71,5.45
3559,0.53,-777.93,-26.25,-139.37,-33.26,5.45
3560,0.43,-522.15,-32.20,-208.06,-134.27,4.17
3561,0.50,-386.89,-24.14,-108.13,-34.32,6.09
3562,0.57,-640.05,-33.75,-262.31,-272.63,6.09
3563,0.57,-1012.40,-21.11,-312.29,-59.16,7.05
3564,0.39,-138.50,-24.47,-65.94,-47.35,6.09
3565,0.53,-904.11,-25.58,-252.86,-46.50,6.09
3566,0.63,-576.10,-30.97,-130.45,-47.13,6.09
3567,0.49,-565.33,-31.76,-197.13,-119.92,6.09
3568,0.41,-636.11,-30.04,-250.60,-124.63,6.09
3569,0.41,-186.80,-17.95,-72.43,-44.80,6.09
3570,0.42,-336.54,-26.61,-106.49,-43.50,5.45
3571,0.54,-865.55,-29.37,-210.06,-42.53,4.81
3572,0.42,-586.14,-22.51,-199.42,-44.79,4.81
3573,0.85,-635.87,-35.20,-231.50,-132.20,4.81
3574,0.58,-319.57,-29.15,-145.88,-118.66,4.81
3575,0.50,-793.06,-25.52,-270.55,-46.14,4.81
3576,0.39,-583.92,-28.28,-309.30,-317.74,4.81
3577,0.43,-46.42,-27.17,-34.71,-33.37,4.81
3578,0.50,-614.26,-24.41,-211.57,-47.48,4.81
3579,0.52,-961.08,-18.75,-290.44,-170.61,4.81
3580,0.50,-124.59,-26.47,-51.58,-45.50,4.81
3581,0.34,-334.91,-25.33,-94.62,-46.13,4.81
3582,0.46,-569.55,-27.11,-199.82,-78.29,5.45
3583,0.76,-58.43,-26.69,-39.40,-38.42,5.13
3584,0.36,-120.47,-34.81,-72.54,-46.69,4.81
3585,0.55,-852.46,-24.94,-334.49,-30.56,4.81
3586,0.38,-548.14,-39.97,-216.10,-129.90,4.81
3587,0.85,-1038.44,-31.75,-257.34,-42.26,5.13
3588,0.59,-1060.06,-21.26,-266.38,-36.90,5.13
3589,0.55,-848.97,-26.42,-245.83,-44.18,4.81
3590,0.51,-482.06,-30.19,-142.64,-42.82,4.81
3591,0.58,-796.37,-21.97,-268.02,-32.21,4.81
3592,0.53,-853.36,-28.91,-216.87,-78.25,4.49
3593,0.56,-822.12,-32.73,-251.44,-54.42,4.49
3594,0.42,-584.00,-30.57,-205.81,-37.44,4.49
3595,0.72,-1379.02,-31.69,-417.01,-161.81,4.81
3596,0.59,-873.76,-34.47,-398.11,-120.79,4.81
3597,0.60,-952.60,-25.69,-249.62,-36.82,4.81
3598,0.57,-574.05,-23.06,-124.37,-43.68,4.81
3599,0.94,-1328.10,-15.79,-381.24,-251.19,4.81
3600,0.62,-808.26,-25.70,-360.98,-309.36,3.85
3601,0.38,-541.40,-33.01,-301.27,-445.67,4.81
3602,0.70,-686.78,-43.67,-285.81,-167.52,4.81
3603,0.57,-753.37,-33.59,-227.15,-47.38,4.81
3604,0.36,-662.27,-21.73,-222.44,-118.32,4.81
3605,0.40,-276.70,-30.17,-100.24,-65.37,4.49
3606,0.44,-628.15,-26.19,-286.08,-188.98,4.49
3607,0.66,-250.65,-36.55,-99.56,-56.05,4.81
3608,0.42,-763.12,-25.33,-188.99,-38.54,4.81
3609,0.51,-868.63,-29.69,-199.66,-127.94,4.81
3610,0.56,-802.69,-29.88,-160.03,-39.70,4.81
3611,0.47,-832.03,-28.21,-315.59,-40.99,4.81
3612,0.45,-258.08,-24.92,-77.50,-39.84,4.81
3613,0.62,-1019.07,-28.91,-372.27,-34.48,4.81
3614,0.54,-513.31,-24.87,-143.96,-43.98,4.81
3615,0.31,-592.39,-29.96,-145.76,-40.63,4.81
3616,0.36,-557.49,-25.10,-133.29,-37.04,4.81
3617,0.68,-845.23,-25.91,-238.24,-128.78,4.81
3618,0.56,-1047.81,-28.08,-272.99,-35.22,4.81
3619,0.57,-685.26,-44.09,-361.17,-311.08,4.81
3620,0.57,-828.59,-27.61,-159.56,-33.70,5.77
3621,0.40,-583.42,-26.20,-111.30,-34.07,5.77
3622,0.40,-603.46,-20.95,-114.94,-35.34,5.77
3623,0.51,-573.60,-22.84,-126.34,-40.46,5.77
3624,0.47,-783.14,-36.14,-349.34,-301.56,5.77
3625,0.36,-114.01,-23.77,-44.49,-36.74,5.77
3626,0.34,-597.66,-29.75,-208.94,-140.44,5.77
3627,0.37,-616.39,-28.09,-115.60,-31.30,5.77
3628,0.42,-734.63,-27.78,-144.45,-34.75,4.81
3629,0.31,-608.86,-23.05,-191.83,-35.33,4.81
3630,0.67,-900.26,-25.95,-242.24,-38.66,4.81
3631,0.65,-1060.88,-28.56,-296.01,-35.49,4.81
3632,0.45,-651.02,-28.76,-168.20,-52.02,4.81
3633,0.50,-583.05,-26.66,-133.21,-45.43,5.45
3634,0.42,-44.74,-26.72,-32.91,-30.28,5.45
3635,0.38,-640.69,-29.70,-160.87,-116.09,5.45
3636,0.97,-726.13,-22.67,-144.11,-35.20,5.45
3637,0.74,-1355.11,-27.88,-309.45,-32.17,5.45
3638,0.42,-39.13,-21.92,-30.81,-28.26,5.45
3639,0.34,-90.69,-30.71,-42.47,-36.62,5.45
3640,0.62,-655.11,-27.03,-123.77,-32.58,5.45
3641,0.36,-163.57,-21.59,-50.21,-33.57,5.45
3642,0.47,-566.04,-25.28,-120.47,-36.22,5.45
3643,0.54,-919.78,-23.20,-260.46,-117.75,5.45
3644,0.72,-963.30,-26.12,-291.56,-29.22,5.45
3645,0.89,-1032.27,-26.94,-409.55,-116.23,4.81
3646,0.47,-649.18,-32.14,-219.79,-44.69,4.81
3647,0.66,-922.28,-30.02,-287.39,-37.82,3.85
3648,0.52,-850.25,-25.48,-230.39,-38.82,4.49
3649,0.69,-646.04,-23.28,-305.69,-314.64,4.49
3650,0.35,-573.61,-26.28,-135.89,-40.48,4.49
3651,0.31,-364.57,-26.84,-115.70,-113.03,4.49
3652,0.48,-873.19,-22.14,-151.51,-33.68,4.49
3653,0.71,-942.61,-26.50,-364.90,-300.02,4.49
3654,0.41,-577.51,-30.34,-226.02,-41.46,4.49
3655,0.48,-845.60,-24.08,-317.86,-118.28,4.49
3656,0.54,-822.16,-23.29,-210.04,-34.89,3.85
3657,0.39,-608.11,-33.50,-301.80,-221.28,3.85
3658,0.47,-839.61,-24.20,-197.82,-26.59,4.17
3659,0.33,-198.84,-25.33,-72.83,-43.25,3.85
3660,0.76,-338.33,-30.20,-140.10,-136.23,3.85
3661,0.71,-1211.88,-23.32,-358.29,-38.16,3.85
3662,0.89,-918.47,-27.42,-346.93,-76.89,3.85
3663,0.36,-647.71,-26.85,-210.34,-33.82,3.85
3664,0.42,-604.57,-26.15,-143.23,-34.04,3.85
3665,0.95,-598.82,-23.05,-236.51,-35.21,3.85
3666,0.60,-818.61,-26.52,-150.08,-34.77,4.81
3667,0.39,-679.50,-25.49,-164.12,-44.22,4.81
3668,0.35,-653.47,-26.89,-251.14,-135.02,3.53
3669,0.35,-643.21,-33.34,-176.05,-43.30,3.53
3670,0.39,-756.82,-31.55,-270.51,-126.63,3.53
3671,0.42,-611.31,-28.66,-337.65,-348.42,3.53
3672,0.58,-953.00,-26.99,-218.83,-40.65,3.53
3673,0.30,-625.80,-26.01,-146.07,-74.36,4.17
3674,0.30,-563.61,-23.57,-130.67,-34.42,4.17
3675,0.56,-943.67,-29.88,-280.84,-32.65,4.17
3676,0.40,-814.43,-32.60,-339.97,-132.58,4.17
3677,0.31,-211.32,-27.72,-63.79,-32.98,4.49
3678,0.40,-135.30,-34.02,-50.53,-37.90,4.49
3679,0.46,-129.14,-23.21,-61.54,-40.59,4.81
3680,0.73,-668.12,-25.80,-248.60,-61.90,4.81
3681,0.37,-665.06,-30.90,-209.43,-33.26,4.49
3682,0.81,-1094.44,-30.46,-277.51,-55.15,4.49
3683,0.42,-583.44,-31.14,-268.77,-134.26,4.49
3684,0.53,-970.62,-27.71,-169.27,-34.57,4.49
3685,0.63,-661.18,-26.94,-274.20,-36.02,4.81
3686,0.35,-670.36,-23.66,-202.66,-33.39,4.49
3687,0.43,-730.03,-22.73,-130.56,-29.76,5.13
3688,0.73,-1082.66,-41.92,-369.10,-322.67,5.13
3689,0.41,-596.44,-19.98,-212.53,-116.36,5.13
3690,0.34,-585.59,-23.15,-125.03,-40.92,5.13
3691,0.38,-495.84,-28.49,-113.67,-37.78,5.13
3692,0.44,-118.18,-24.72,-57.45,-39.32,5.13
3693,0.64,-1029.20,-27.88,-338.54,-39.13,5.13
3694,0.51,-863.90,-23.69,-237.09,-42.43,5.13
3695,0.46,-565.71,-28.35,-251.50,-49.16,5.13
3696,0.82,-572.39,-23.06,-160.39,-40.41,5.13
3697,0.64,-1135.03,-25.39,-277.06,-35.32,5.13
3698,0.57,-910.98,-26.90,-235.41,-43.29,5.13
3699,0.52,-889.42,-26.61,-195.32,-34.90,5.13
3700,0.89,-1161.80,-29.41,-199.58,-44.04,5.13
3701,0.38,-540.23,-22.65,-114.18,-33.95,4.49
3702,0.62,-677.51,-22.77,-286.89,-42.07,4.49
3703,0.42,-608.84,-22.71,-210.76,-42.48,4.49
3704,0.72,-1019.91,-42.19,-521.76,-643.69,4.17
3705,0.52,-792.17,-28.82,-305.10,-116.71,4.49
3706,0.58,-1098.24,-28.26,-199.96,-41.66,4.49
3707,0.43,-649.78,-26.87,-211.47,-40.53,4.49
3708,0.41,-652.87,-31.30,-183.26,-48.03,4.49
3709,0.39,-137.49,-25.72,-59.00,-35.46,4.49
3710,0.55,-847.23,-28.67,-199.26,-48.60,4.49
3711,0.56,-920.69,-23.80,-303.19,-37.48,4.49
3712,0.67,-872.38,-24.62,-230.98,-55.34,4.49
3713,0.40,-584.59,-34.34,-214.02,-104.53,4.49
3714,0.67,-688.79,-27.26,-261.28,-138.40,4.49
3715,0.31,-284.64,-20.85,-98.17,-27.64,4.49
3716,0.39,-663.48,-27.07,-286.76,-58.94,4.49
3717,0.34,-567.24,-23.73,-142.97,-30.17,4.49
3718,0.41,-638.69,-31.95,-131.42,-41.73,5.13
3719,0.39,-587.49,-29.45,-143.23,-42.55,5.13
3720,0.75,-1185.82,-25.54,-209.52,-36.79,5.13
3721,0.44,-566.23,-26.68,-121.21,-37.59,4.17
3722,0.30,-549.85,-28.14,-142.80,-84.88,5.13
3723,0.56,-845.33,-29.30,-149.52,-32.13,5.13
3724,0.43,-625.62,-25.00,-132.16,-41.62,5.13
3725,0.66,-119.60,-25.70,-48.35,-34.92,5.13
3726,0.37,-582.30,-24.42,-108.62,-31.52,5.13
3727,0.34,-350.82,-23.93,-77.84,-32.55,5.13
3728,0.39,-669.68,-25.77,-136.83,-31.46,5.13
3729,0.41,-134.73,-24.73,-49.17,-29.98,5.13
3730,0.48,-732.46,-25.01,-241.91,-106.75,5.13
3731,0.39,-149.46,-20.81,-48.32,-31.55,5.13
3732,0.54,-948.06,-21.47,-160.55,-30.84,5.13
3733,0.74,-600.69,-28.22,-119.40,-42.52,5.13
3734,0.31,-576.96,-24.62,-138.66,-36.72,5.13
3735,0.73,-1095.05,-29.23,-276.89,-41.30,5.13
3736,0.37,-567.29,-29.26,-165.80,-46.15,5.13
3737,0.44,-539.71,-26.63,-120.24,-41.03,5.13
3738,0.65,-769.54,-27.95,-154.44,-33.71,5.13
3739,0.36,-570.29,-24.12,-108.36,-30.09,5.13
3740,0.44,-44.54,-23.72,-33.35,-33.16,5.13
3741,0.32,-133.83,-30.99,-76.33,-42.28,4.81
3742,0.51,-878.65,-29.95,-180.43,-40.09,4.81
3743,0.69,-1078.63,-25.96,-195.14,-34.29,4.81
3744,0.32,-538.55,-27.24,-115.82,-30.55,4.81
3745,0.33,-41.96,-24.46,-33.99,-33.98,4.49
3746,0.55,-803.69,-25.72,-287.61,-116.03,4.49
3747,0.45,-316.52,-28.99,-87.47,-35.64,4.49
3748,0.43,-648.73,-20.02,-119.54,-35.18,4.49
3749,0.57,-874.66,-25.86,-265.97,-42.22,4.49
3750,0.32,-564.02,-25.17,-104.24,-27.19,4.49
3751,0.53,-823.02,-28.46,-271.91,-46.57,4.49
3752,0.65,-880.95,-20.64,-279.59,-56.05,4.49
3753,0.42,-576.00,-24.68,-111.54,-35.03,5.13
3754,0.32,-116.27,-20.78,-44.76,-34.59,5.13
3755,0.59,-1047.62,-33.82,-294.01,-102.14,5.13
3756,0.50,-557.29,-23.08,-121.05,-37.42,5.13
3757,0.39,-674.99,-30.48,-217.67,-46.41,3.53
3758,0.57,-965.90,-27.87,-260.92,-65.24,4.81
3759,0.42,-720.58,-28.03,-233.52,-115.09,4.81
3760,0.58,-837.12,-24.02,-242.45,-37.46,3.85
3761,0.37,-569.83,-27.86,-131.15,-36.09,3.85
3762,0.53,-778.92,-23.50,-265.31,-35.03,3.85
3763,0.77,-705.14,-26.56,-313.18,-119.46,3.85
3764,0.63,-647.40,-24.44,-201.04,-31.41,3.85
3765,0.48,-585.52,-26.49,-226.44,-117.20,3.85
3766,0.52,-569.78,-30.59,-211.43,-115.91,3.85
3767,0.40,-607.44,-31.08,-269.47,-40.30,3.85
3768,0.76,-890.55,-25.09,-258.16,-37.29,4.49
3769,0.39,-38.21,-23.82,-30.04,-28.78,4.17
3770,0.56,-270.10,-25.73,-81.92,-44.29,4.17
3771,0.52,-818.57,-31.18,-149.00,-37.49,4.17
3772,0.49,-773.23,-29.62,-248.76,-116.76,4.81
3773,0.51,-806.62,-29.74,-261.04,-47.03,4.81
3774,0.54,-944.82,-33.39,-264.47,-43.67,5.77
3775,0.57,-1034.00,-31.61,-244.15,-87.33,5.77
3776,0.34,-247.90,-25.63,-61.34,-31.67,5.77
3777,0.45,-527.41,-26.00,-102.48,-31.87,5.77
3778,0.56,-925.82,-32.04,-163.15,-35.08,5.77
3779,0.44,-649.03,-24.21,-178.94,-32.46,5.77
3780,0.48,-794.39,-23.73,-152.99,-35.72,5.13
3781,0.36,-43.39,-25.01,-35.43,-37.55,6.09
3782,0.67,-973.23,-26.46,-297.10,-32.13,6.09
3783,0.80,-1083.33,-26.70,-299.91,-34.39,5.77
3784,0.56,-979.24,-32.11,-197.31,-33.69,5.77
3785,0.49,-822.84,-24.38,-171.79,-35.66,5.77
3786,0.50,-871.44,-23.05,-167.23,-32.76,5.77
3787,0.41,-632.46,-20.82,-210.16,-43.58,5.13
3788,0.57,-851.35,-27.87,-251.02,-33.82,5.13
3789,0.32,-140.02,-24.15,-57.16,-29.21,5.13
3790,0.44,-688.60,-24.56,-360.52,-561.48,5.13
3791,0.62,-1049.46,-26.87,-283.86,-38.59,5.13
3792,0.55,-837.77,-24.21,-250.39,-30.82,5.13
3793,0.42,-239.66,-19.40,-72.37,-32.54,5.13
3794,0.41,-640.80,-23.88,-195.07,-36.78,5.13
3795,0.69,-867.36,-22.27,-239.37,-40.83,5.13
3796,0.38,-50.47,-27.76,-35.35,-32.71,5.13
3797,0.32,-135.24,-27.06,-62.62,-40.49,5.13
3798,0.61,-595.14,-20.13,-112.32,-32.30,5.13
3799,0.53,-902.39,-30.41,-259.03,-36.77,5.13
3800,0.45,-786.84,-25.28,-305.42,-39.04,5.13
3801,0.42,-44.92,-28.98,-34.25,-32.26,5.13
3802,0.64,-999.86,-23.86,-266.94,-37.25,5.13
3803,0.48,-684.55,-23.50,-299.44,-115.62,5.45
3804,0.40,-577.76,-26.77,-121.03,-30.90,5.45
3805,0.53,-569.22,-25.18,-110.28,-37.80,5.45
3806,0.86,-645.18,-27.94,-205.27,-32.52,5.45
3807,0.60,-1055.52,-25.30,-211.40,-30.55,4.49
3808,0.93,-1367.62,-31.83,-513.21,-517.84,4.49
3809,0.44,-610.87,-31.79,-335.59,-489.84,4.49
3810,0.37,-256.08,-26.54,-80.08,-39.41,4.49
3811,0.87,-357.03,-33.51,-136.61,-46.69,4.49
3812,0.55,-835.44,-24.38,-329.67,-35.12,4.49
3813,0.39,-359.15,-29.56,-108.62,-37.94,4.49
3814,0.36,-140.07,-23.36,-49.00,-34.58,5.13
3815,0.51,-570.21,-27.84,-121.74,-32.81,5.13
3816,0.69,-908.20,-23.35,-252.70,-38.90,5.45
3817,0.50,-880.47,-27.12,-300.03,-47.86,4.81
3818,0.39,-621.95,-24.77,-260.92,-34.66,4.81
3819,0.42,-764.58,-27.31,-149.98,-36.98,4.81
3820,0.40,-408.58,-26.61,-86.87,-35.09,4.81
3821,0.48,-585.37,-28.16,-154.70,-42.57,4.81
3822,0.50,-601.30,-26.97,-172.16,-40.20,4.17
3823,0.48,-707.42,-27.43,-217.10,-34.23,4.81
3824,0.51,-384.82,-27.81,-106.97,-35.00,4.81
3825,0.43,-782.17,-29.08,-272.61,-116.53,5.45
3826,0.47,-386.28,-28.26,-100.40,-47.99,5.45
3827,0.45,-787.93,-21.29,-138.64,-31.49,5.45
3828,0.72,-1185.35,-28.16,-416.21,-117.46,5.45
3829,0.31,-619.22,-29.31,-350.15,-553.03,5.45
3830,0.37,-589.58,-24.48,-111.89,-33.79,5.45
3831,0.46,-388.92,-26.74,-149.92,-49.30,5.45
3832,0.57,-1037.15,-25.84,-176.45,-33.29,5.45
3833,0.63,-591.07,-30.23,-164.28,-41.04,4.49
3834,0.55,-908.83,-27.14,-270.72,-44.74,4.81
3835,0.33,-295.35,-25.04,-85.01,-35.85,4.81
3836,0.50,-825.93,-23.68,-305.98,-34.01,4.81
3837,0.54,-1070.88,-27.18,-190.76,-33.85,5.13
3838,0.43,-387.18,-22.47,-101.70,-35.11,5.13
3839,0.48,-821.72,-26.46,-158.79,-35.25,5.13
3840,0.54,-815.21,-25.31,-231.63,-36.49,5.13
3841,0.31,-259.67,-20.27,-62.96,-35.16,5.13
3842,0.39,-137.34,-27.62,-62.14,-37.22,5.13
3843,0.60,-1087.76,-26.48,-313.41,-43.80,5.13
3844,0.52,-846.44,-27.14,-253.52,-57.42,4.81
3845,0.73,-998.59,-25.45,-256.68,-138.55,5.13
3846,0.42,-732.77,-21.53,-147.09,-38.41,5.13
3847,0.70,-596.15,-23.93,-216.51,-47.28,5.13
3848,0.42,-533.16,-26.20,-155.40,-36.37,5.13
3849,0.42,-372.69,-29.06,-93.86,-41.29,5.13
3850,0.74,-1107.34,-29.54,-393.53,-43.14,4.81
3851,0.47,-839.10,-22.26,-210.18,-35.07,4.81
3852,0.60,-889.14,-23.08,-247.40,-42.73,4.81
3853,0.32,-537.64,-25.49,-190.12,-51.99,4.81
3854,0.63,-968.49,-22.48,-215.09,-33.21,4.81
3855,0.52,-903.74,-27.58,-253.87,-77.01,4.81
3856,0.81,-1225.86,-26.63,-458.21,-321.40,5.13
3857,0.32,-138.29,-21.87,-57.78,-26.54,6.73
3858,0.40,-117.76,-28.49,-54.52,-31.56,6.73
3859,0.33,-582.61,-31.04,-155.87,-32.99,6.73
3860,0.36,-37.32,-27.72,-33.99,-35.25,6.73
3861,0.34,-139.04,-26.38,-60.50,-31.74,6.73
3862,0.55,-875.23,-30.66,-270.92,-46.47,4.49
3863,0.41,-614.48,-22.56,-194.50,-30.25,4.49
3864,0.52,-853.02,-40.19,-274.10,-118.24,4.49
3865,0.37,-594.37,-23.06,-136.20,-40.78,4.49
3866,0.39,-118.48,-27.86,-51.95,-45.35,4.49
3867,0.53,-872.26,-22.31,-324.89,-35.56,3.53
3868,0.38,-568.38,-27.85,-199.38,-43.21,3.53
3869,0.53,-943.21,-36.76,-413.37,-565.90,3.53
3870,0.42,-494.79,-29.65,-163.95,-38.76,3.53
3871,0.52,-886.74,-27.32,-238.41,-33.10,3.53
3872,0.46,-860.51,-24.03,-298.32,-32.79,2.88
3873,0.67,-950.58,-20.57,-328.15,-115.27,2.88
3874,0.71,-988.37,-31.40,-443.70,-577.50,2.88
3875,0.53,-877.91,-34.34,-248.90,-72.78,2.88
3876,0.29,-563.86,-32.15,-224.26,-123.11,2.88
3877,0.46,-495.78,-23.42,-124.35,-45.49,3.53
3878,0.48,-641.14,-30.82,-298.21,-299.32,3.53
3879,0.54,-221.93,-26.93,-74.76,-38.41,3.53
3880,0.43,-600.93,-27.05,-193.48,-39.90,3.53
3881,0.49,-822.42,-27.81,-244.68,-45.71,3.53
3882,0.41,-132.84,-30.04,-73.30,-48.00,3.53
3883,0.33,-663.56,-26.34,-211.46,-40.95,3.53
3884,0.44,-741.77,-30.32,-321.49,-153.92,3.53
3885,0.44,-733.06,-26.19,-168.84,-99.48,3.53
3886,0.50,-846.29,-24.80,-437.95,-491.11,3.53
3887,0.77,-1376.00,-32.65,-387.96,-117.22,5.13
3888,0.60,-1160.34,-33.93,-410.27,-199.66,5.13
3889,0.53,-963.28,-22.97,-188.02,-43.54,5.13
3890,0.66,-942.34,-23.78,-380.94,-131.39,5.13
3891,0.46,-70.46,-26.03,-42.30,-41.10,4.81
3892,0.96,-645.96,-29.95,-193.93,-35.05,4.81
3893,0.41,-581.51,-27.19,-269.21,-282.42,4.81
3894,0.40,-307.96,-23.42,-95.07,-35.54,4.81
3895,0.76,-502.26,-30.43,-162.75,-38.38,4.81
3896,0.41,-115.36,-24.77,-42.85,-30.67,4.81
3897,0.76,-1048.86,-27.54,-308.83,-85.81,4.81
3898,0.74,-1091.02,-24.36,-414.41,-126.45,4.81
3899,0.41,-653.45,-21.28,-119.04,-29.86,4.81
3900,0.31,-581.71,-29.99,-110.85,-32.25,5.13
3901,0.38,-36.23,-26.76,-30.26,-29.00,5.13
3902,0.52,-588.60,-30.83,-158.45,-107.88,5.13
3903,0.52,-568.98,-22.79,-106.57,-27.58,5.13
3904,0.34,-600.06,-26.90,-234.32,-36.57,6.41
3905,0.59,-868.90,-26.22,-176.52,-35.49,4.49
3906,0.38,-654.32,-23.95,-142.49,-30.81,4.49
3907,0.37,-648.92,-23.18,-203.37,-31.70,5.13
3908,0.71,-1211.71,-24.87,-209.40,-28.68,5.13
3909,0.37,-575.33,-29.60,-126.76,-38.56,4.81
3910,0.32,-132.02,-28.19,-64.17,-39.88,5.45
3911,0.33,-622.24,-31.60,-219.68,-137.79,6.09
3912,0.42,-693.02,-27.80,-156.37,-37.99,6.09
3913,0.38,-310.75,-24.00,-72.45,-33.30,6.09
3914,0.66,-1075.95,-29.68,-259.67,-37.70,6.09
3915,0.48,-783.38,-29.21,-199.93,-116.04,4.81
3916,0.69,-627.42,-17.86,-117.93,-38.83,4.81
3917,0.45,-45.08,-27.60,-34.25,-34.75,4.81
3918,0.50,-901.68,-30.01,-245.59,-32.19,4.81
3919,0.76,-1430.23,-30.03,-326.07,-36.35,4.81
3920,0.43,-746.27,-32.52,-213.45,-34.16,4.81
3921,0.41,-122.47,-21.93,-54.34,-33.20,3.85
3922,0.36,-580.50,-38.66,-224.67,-130.93,3.85
3923,0.40,-449.56,-27.36,-137.76,-37.37,3.85
3924,0.76,-597.14,-32.68,-236.74,-52.44,3.85
3925,0.32,-558.83,-28.86,-131.26,-37.55,4.81
3926,0.46,-607.25,-24.97,-178.12,-35.96,4.81
3927,0.37,-143.35,-24.21,-63.09,-37.63,4.81
3928,0.39,-133.99,-19.77,-43.51,-28.79,4.81
3929,0.46,-134.43,-24.86,-48.66,-34.50,4.81
3930,0.66,-595.25,-26.26,-215.97,-118.99,4.81
3931,0.40,-116.16,-27.19,-45.40,-31.47,4.81
3932,0.97,-785.35,-28.19,-238.35,-51.42,4.81
3933,0.36,-592.28,-28.66,-203.75,-37.49,5.45
3934,0.60,-940.13,-28.49,-288.14,-47.12,5.45
3935,0.32,-549.50,-27.94,-106.56,-34.80,4.81
3936,0.33,-641.87,-27.96,-192.51,-34.15,4.81
3937,0.42,-333.40,-21.62,-94.51,-28.62,4.81
3938,0.41,-574.36,-22.11,-143.84,-81.97,5.13
3939,0.41,-125.80,-21.55,-50.95,-45.23,5.13
3940,0.46,-881.57,-31.39,-184.20,-34.83,5.13
3941,0.50,-265.44,-26.43,-67.28,-34.18,5.13
3942,0.37,-280.74,-24.71,-81.84,-32.06,5.13
3943,0.41,-554.61,-20.35,-205.54,-95.62,5.13
3944,0.43,-120.32,-32.47,-57.21,-52.22,5.13
3945,0.91,-659.90,-25.21,-153.62,-35.74,5.13
3946,0.37,-561.24,-29.63,-145.77,-38.21,5.13
3947,0.50,-618.25,-24.98,-236.59,-41.98,5.13
3948,0.58,-575.87,-28.07,-121.43,-35.40,5.45
3949,0.35,-41.65,-24.82,-32.15,-30.28,5.45
3950,0.32,-321.58,-27.85,-116.48,-37.33,5.45
3951,0.64,-1114.11,-28.44,-339.88,-36.65,5.45
3952,0.51,-852.93,-27.64,-321.76,-51.78,5.45
3953,0.55,-1055.70,-26.19,-180.74,-33.21,5.13
3954,0.42,-716.70,-25.94,-139.56,-32.24,5.13
3955,0.47,-554.68,-26.09,-110.66,-37.40,5.13
3956,0.62,-43.48,-22.70,-31.42,-28.99,5.13
3957,0.53,-854.29,-19.57,-190.37,-27.81,4.81
3958,0.51,-847.07,-22.82,-192.52,-35.31,5.77
3959,0.82,-1184.88,-25.67,-223.36,-51.38,5.77
3960,1.06,-724.35,-24.75,-222.30,-37.45,5.77
3961,0.44,-603.60,-24.66,-169.34,-40.49,5.13
3962,0.42,-619.02,-34.75,-238.47,-46.30,5.45
3963,0.51,-358.21,-30.30,-94.40,-32.33,6.09
3964,0.59,-47.27,-24.61,-34.28,-33.69,6.09
3965,0.76,-284.76,-24.20,-101.47,-35.51,6.09
3966,0.44,-130.30,-27.02,-60.81,-38.11,6.09
3967,0.72,-1112.37,-22.36,-300.84,-37.33,6.09
3968,0.86,-826.41,-25.28,-286.49,-57.59,6.09
3969,0.38,-256.76,-28.01,-66.37,-32.18,6.09
3970,0.46,-766.71,-23.02,-153.60,-43.18,6.09
3971,0.61,-900.46,-28.24,-171.44,-35.61,5.45
3972,0.37,-105.10,-24.08,-44.32,-33.28,5.45
3973,0.32,-130.74,-22.12,-42.27,-25.80,4.81
3974,0.53,-128.54,-22.98,-47.20,-37.99,4.49
3975,0.38,-698.52,-31.68,-290.65,-39.77,4.49
3976,0.31,-615.74,-23.96,-270.75,-44.37,4.49
3977,0.50,-900.94,-32.41,-301.35,-135.77,4.49
3978,0.63,-943.60,-21.47,-387.32,-215.65,4.49
3979,0.39,-658.76,-28.27,-304.81,-264.30,4.49
3980,0.73,-1107.30,-26.48,-190.28,-40.06,4.49
3981,0.40,-643.89,-31.81,-132.57,-44.77,4.49
3982,0.33,-37.16,-23.69,-30.09,-28.74,4.49
3983,0.68,-1106.74,-31.29,-268.75,-34.85,5.13
3984,0.72,-991.79,-26.66,-238.75,-116.70,4.49
3985,0.36,-603.70,-24.60,-238.94,-39.08,6.41
3986,0.48,-582.89,-23.99,-113.30,-38.60,6.41
3987,0.34,-49.72,-24.99,-38.31,-39.12,5.45
3988,0.70,-1172.44,-25.41,-320.12,-34.32,5.45
3989,0.66,-697.46,-29.81,-215.28,-37.92,5.45
3990,0.54,-916.97,-22.44,-155.34,-30.12,5.45
3991,0.56,-1030.13,-31.48,-192.54,-41.88,5.45
3992,0.72,-1013.68,-26.91,-184.80,-37.14,5.45
3993,1.06,-597.87,-29.75,-183.42,-43.66,5.45
3994,0.44,-394.11,-27.55,-147.31,-37.74,5.45
3995,0.42,-597.29,-32.73,-143.45,-44.95,5.45
3996,0.45,-836.98,-27.63,-241.51,-37.78,5.45
3997,0.41,-406.74,-27.22,-86.32,-33.27,5.45
3998,0.58,-1065.26,-25.24,-279.82,-32.12,5.45
3999,0.35,-44.67,-25.21,-36.05,-39.20,5.45
4000,0.34,-579.52,-31.81,-218.69,-116.16,5.45
4001,0.35,-115.46,-30.54,-57.16,-36.77,5.77
4002,0.33,-135.97,-29.61,-47.78,-32.89,5.77
4003,0.42,-355.22,-34.98,-153.69,-117.70,5.77
4004,0.33,-609.56,-24.46,-130.56,-44.41,5.77
4005,0.42,-45.65,-27.69,-39.40,-39.63,5.77
4006,0.43,-602.60,-30.02,-147.43,-34.07,5.77
4007,0.57,-888.64,-28.58,-195.18,-40.45,5.77
4008,0.37,-604.06,-28.64,-196.03,-38.18,5.77
4009,0.35,-35.08,-22.76,-29.93,-31.96,5.77
4010,0.34,-546.89,-27.05,-121.31,-34.07,5.77
4011,0.50,-843.27,-25.32,-161.74,-34.94,5.77
4012,0.42,-118.21,-26.21,-56.28,-31.94,5.77
4013,0.56,-634.26,-23.09,-119.27,-33.24,5.77
4014,0.38,-129.44,-22.65,-61.19,-41.47,5.77
4015,0.33,-143.05,-21.68,-58.50,-32.39,5.77
4016,0.35,-126.52,-24.66,-45.90,-32.93,5.77
4017,0.52,-915.91,-30.69,-322.94,-115.56,5.77
4018,0.69,-935.53,-29.61,-366.64,-38.07,5.77
4019,0.48,-35.62,-29.00,-32.59,-33.46,5.77
4020,0.42,-662.28,-24.51,-208.55,-35.71,5.45
4021,0.42,-115.01,-20.57,-67.79,-37.91,5.45
4022,0.56,-1030.65,-31.09,-191.64,-40.18,5.45
4023,0.44,-118.07,-19.39,-54.87,-35.46,5.45
4024,0.34,-130.76,-25.56,-64.18,-44.88,5.45
4025,0.47,-43.75,-21.22,-29.19,-27.40,5.45
4026,0.60,-1088.11,-28.22,-268.10,-38.89,5.13
4027,0.87,-40.31,-32.52,-35.91,-34.99,5.45
4028,0.48,-613.54,-26.87,-194.57,-32.75,5.45
4029,0.61,-50.65,-31.19,-38.10,-33.69,5.45
4030,0.71,-958.89,-22.78,-288.11,-34.42,5.13
4031,0.39,-592.80,-26.12,-189.06,-39.13,5.13
4032,0.38,-353.48,-19.94,-91.80,-29.11,5.13
4033,0.65,-768.99,-32.30,-328.16,-117.42,5.13
4034,0.32,-105.92,-21.16,-41.60,-33.35,5.45
4035,0.33,-168.65,-28.48,-67.91,-32.88,5.13
4036,0.43,-723.89,-26.44,-249.01,-138.18,5.13
4037,0.48,-733.38,-29.34,-159.59,-35.58,4.81
4038,0.43,-289.23,-23.55,-69.00,-33.19,4.81
4039,0.40,-395.21,-22.89,-83.55,-34.81,4.81
4040,0.41,-575.55,-24.24,-121.07,-35.51,4.81
4041,0.35,-546.20,-27.44,-135.77,-36.86,4.81
4042,0.32,-115.94,-25.79,-56.05,-34.15,4.81
4043,0.41,-304.65,-24.13,-84.12,-31.50,4.81
4044,0.53,-568.32,-24.06,-181.50,-31.85,4.81
4045,0.40,-599.46,-28.14,-128.29,-37.48,4.81
4046,0.37,-588.85,-26.68,-154.70,-36.56,5.13
4047,0.77,-365.61,-23.78,-110.01,-34.87,5.45
4048,0.34,-212.63,-30.17,-58.51,-32.61,5.45
4049,0.41,-692.53,-36.48,-317.28,-137.14,5.45
4050,0.40,-54.83,-21.26,-35.15,-33.87,5.45
4051,0.33,-44.24,-27.59,-32.56,-31.33,5.45
4052,0.70,-1194.93,-28.44,-304.25,-51.37,5.45
4053,0.40,-591.70,-25.54,-145.97,-43.66,5.45
4054,0.31,-564.05,-23.68,-104.24,-29.52,5.45
4055,0.83,-1665.08,-23.08,-387.10,-28.14,4.49
4056,0.48,-818.08,-24.35,-157.22,-35.69,4.81
4057,0.39,-642.08,-30.11,-145.95,-37.97,4.49
4058,0.67,-37.41,-26.28,-32.69,-31.07,4.49
4059,0.52,-861.30,-29.00,-247.40,-48.76,4.49
4060,0.41,-654.79,-26.93,-138.18,-44.62,5.13
4061,0.40,-641.20,-29.35,-134.61,-35.42,5.13
4062,0.46,-838.20,-23.29,-147.02,-34.32,5.13
4063,0.54,-948.39,-28.37,-324.18,-118.39,5.45
4064,0.39,-706.36,-27.66,-259.98,-115.69,5.45
4065,0.41,-755.90,-26.64,-148.22,-35.12,5.45
4066,0.36,-137.24,-28.82,-49.12,-38.67,5.45
4067,0.48,-787.91,-25.38,-196.32,-36.94,5.45
4068,0.72,-341.23,-25.30,-102.12,-40.81,5.45
4069,0.42,-543.19,-29.20,-160.68,-42.44,5.13
4070,0.62,-697.95,-30.93,-195.22,-42.32,5.13
4071,0.32,-578.40,-26.22,-111.04,-30.08,5.13
4072,0.53,-306.41,-30.04,-90.70,-37.46,5.13
4073,0.56,-925.99,-38.15,-428.06,-544.68,5.77
4074,0.47,-840.00,-25.84,-301.26,-36.92,5.77
4075,0.48,-862.58,-30.05,-153.12,-34.06,5.77
4076,0.38,-45.54,-24.13,-31.27,-29.22,5.77
4077,0.33,-590.43,-25.16,-157.57,-45.15,5.45
4078,0.57,-1050.50,-23.50,-177.36,-35.34,5.45
4079,0.54,-945.63,-29.37,-273.34,-46.04,5.13
4080,0.44,-457.14,-24.83,-94.51,-37.30,5.13
4081,0.53,-877.19,-29.30,-156.30,-37.67,4.17
4082,0.50,-859.29,-24.12,-416.34,-633.76,4.49
4083,0.55,-848.19,-37.25,-371.45,-310.93,4.49
4084,0.32,-556.62,-22.66,-122.40,-36.62,4.49
4085,0.61,-702.46,-32.49,-298.53,-50.41,4.49
4086,0.75,-551.94,-30.40,-107.63,-32.60,4.17
4087,0.41,-587.70,-26.75,-126.47,-37.62,4.49
4088,0.40,-654.30,-23.32,-190.93,-136.39,4.81
4089,0.38,-667.15,-27.89,-125.58,-34.54,4.81
4090,0.36,-642.15,-35.82,-171.13,-45.88,5.13
4091,0.32,-35.19,-23.57,-31.64,-33.28,4.49
4092,0.62,-547.38,-22.97,-125.03,-31.01,4.49
4093,0.88,-532.00,-23.99,-184.38,-91.26,4.49
4094,0.32,-564.79,-19.76,-111.07,-33.42,4.49
4095,0.35,-613.67,-33.84,-210.76,-116.82,4.49
4096,0.50,-975.01,-29.27,-180.82,-34.86,4.17
4097,0.47,-852.32,-24.39,-182.91,-31.48,4.17
4098,0.40,-384.38,-26.20,-112.60,-49.66,3.85
4099,0.34,-663.66,-27.56,-222.06,-112.70,3.85
4100,0.37,-595.62,-28.77,-113.03,-33.41,4.17
4101,1.10,-1020.11,-28.48,-485.25,-603.79,4.49
4102,0.63,-1025.39,-32.40,-404.32,-529.78,4.49
4103,0.54,-780.13,-32.89,-300.22,-45.26,4.17
4104,0.71,-1189.92,-26.80,-297.29,-35.69,4.17
4105,0.69,-1202.30,-27.35,-316.30,-44.98,4.17
4106,0.39,-595.85,-24.18,-113.48,-35.45,4.17
4107,0.51,-939.79,-37.26,-493.81,-657.85,4.17
4108,0.62,-114.27,-26.88,-56.09,-40.00,4.17
4109,0.57,-571.65,-27.57,-130.84,-48.36,4.17
4110,0.53,-783.42,-23.15,-359.47,-461.11,4.17
4111,0.78,-1032.77,-33.04,-272.97,-49.03,4.17
4112,0.67,-1314.89,-25.98,-230.89,-38.99,4.81
4113,0.32,-293.36,-23.05,-81.55,-30.91,3.85
4114,0.75,-622.76,-29.24,-214.36,-109.90,4.49
4115,0.43,-425.90,-33.24,-134.70,-43.54,4.49
4116,0.55,-932.81,-25.99,-250.57,-41.49,5.13
4117,0.56,-965.40,-23.26,-277.30,-41.65,6.41
4118,0.39,-319.81,-24.06,-71.11,-31.30,6.41
4119,0.55,-948.41,-26.70,-250.71,-42.08,6.41
4120,0.84,-676.28,-28.70,-139.69,-41.88,6.41
4121,0.36,-633.77,-34.93,-210.36,-41.67,6.41
4122,0.41,-290.68,-27.87,-71.78,-34.00,6.41
4123,0.37,-119.32,-31.99,-51.35,-40.28,6.41
4124,0.72,-684.48,-29.02,-216.15,-36.57,5.77
4125,0.33,-39.42,-23.41,-30.91,-29.18,5.77
4126,0.43,-115.88,-24.92,-45.28,-34.57,5.45
4127,0.71,-426.15,-21.39,-167.21,-37.25,5.45
4128,0.85,-1146.11,-27.33,-413.76,-137.22,5.45
4129,0.39,-576.30,-30.97,-188.75,-39.60,5.45
4130,0.66,-482.08,-25.42,-211.12,-115.71,4.49
4131,0.38,-252.96,-27.27,-94.32,-39.55,4.49
4132,0.43,-139.87,-28.84,-59.58,-38.17,4.49
4133,0.45,-331.46,-26.85,-85.99,-34.47,4.49
4134,0.86,-921.66,-20.48,-169.85,-31.15,4.49
4135,0.30,-283.29,-30.41,-95.33,-36.44,4.49
4136,0.42,-115.44,-21.45,-48.59,-35.24,4.17
4137,0.38,-565.01,-28.01,-123.06,-38.97,4.17
4138,0.54,-604.11,-27.12,-217.98,-89.27,4.49
4139,0.33,-593.74,-24.10,-149.66,-32.34,3.85
4140,0.74,-110.60,-25.17,-45.14,-36.97,3.85
4141,0.31,-608.08,-25.37,-119.14,-31.00,3.85
4142,0.69,-931.50,-24.60,-309.46,-133.30,5.45
4143,0.34,-576.05,-22.71,-108.26,-31.21,5.45
4144,0.39,-668.73,-25.06,-369.77,-583.81,5.45
4145,0.39,-694.28,-31.81,-261.90,-69.58,5.45
4146,0.42,-130.13,-24.76,-47.77,-33.35,4.49
4147,0.49,-864.11,-36.01,-341.50,-129.61,5.77
4148,0.43,-645.22,-23.06,-132.42,-32.00,5.77
4149,0.46,-746.34,-22.88,-207.50,-28.95,4.81
4150,1.06,-666.44,-24.01,-146.48,-34.75,4.81
4151,0.66,-567.21,-24.23,-110.33,-36.79,4.81
4152,0.41,-575.81,-23.87,-201.59,-40.08,5.13
4153,0.40,-564.24,-29.34,-120.88,-34.00,5.13
4154,0.41,-114.56,-27.07,-42.53,-31.83,5.13
4155,0.58,-850.74,-28.02,-162.17,-35.78,5.13
4156,0.37,-557.31,-23.54,-150.21,-32.14,5.13
4157,0.65,-986.74,-26.68,-405.45,-79.48,4.81
4158,0.30,-133.67,-26.93,-67.73,-35.79,4.81
4159,0.33,-269.79,-29.11,-66.74,-33.46,4.81
4160,0.31,-595.41,-23.59,-120.72,-28.85,4.81
4161,0.55,-974.44,-27.73,-208.31,-34.25,4.81
4162,0.40,-584.78,-25.69,-110.05,-31.31,5.45
4163,0.41,-41.49,-27.62,-34.17,-32.48,5.45
4164,0.60,-1126.09,-27.79,-267.49,-39.68,5.45
4165,0.83,-493.11,-29.87,-114.10,-38.53,5.45
4166,0.72,-898.92,-29.03,-398.43,-555.47,5.77
4167,0.36,-115.50,-22.40,-42.61,-28.59,5.77
4168,0.91,-556.55,-27.80,-106.26,-30.75,5.77
4169,0.63,-944.49,-23.29,-207.45,-36.11,5.77
4170,0.45,-45.94,-21.75,-31.57,-27.97,5.77
4171,0.40,-583.48,-26.18,-141.03,-40.74,5.77
4172,0.77,-1085.89,-28.38,-349.81,-114.86,6.09
4173,0.76,-787.74,-26.34,-175.38,-31.92,6.09
4174,0.40,-559.58,-28.42,-121.22,-37.80,6.09
4175,0.62,-135.05,-22.40,-49.61,-33.35,6.09
4176,0.54,-747.38,-30.48,-283.55,-273.45,6.09
4177,1.36,-577.00,-30.18,-137.30,-41.70,5.45
4178,0.85,-570.16,-32.36,-183.58,-38.89,5.45
4179,0.41,-233.01,-26.87,-85.42,-48.01,4.81
4180,0.50,-832.23,-29.07,-239.42,-34.06,4.81
4181,0.59,-431.20,-24.32,-91.59,-38.62,4.81
4182,0.38,-116.45,-19.55,-56.18,-39.56,5.45
4183,0.40,-550.79,-19.65,-104.01,-30.69,5.45
4184,0.34,-119.03,-30.35,-46.39,-34.70,5.13
4185,0.42,-579.02,-24.73,-113.81,-34.32,5.13
4186,0.39,-129.49,-22.55,-47.19,-35.64,5.13
4187,0.38,-135.23,-27.76,-74.37,-62.28,5.13
4188,0.72,-1021.38,-28.37,-208.28,-31.94,5.13
4189,0.61,-888.93,-21.66,-285.00,-115.66,5.13
4190,0.52,-802.89,-21.16,-145.10,-36.28,5.13
4191,0.32,-119.80,-31.92,-50.74,-37.89,4.17
4192,0.45,-130.79,-22.87,-46.94,-33.83,4.49
4193,0.52,-936.59,-26.52,-316.68,-32.96,4.17
4194,0.31,-349.55,-24.65,-122.65,-116.34,4.17
4195,0.97,-1832.84,-37.21,-585.67,-572.43,4.17
4196,0.35,-576.11,-28.42,-124.60,-34.98,4.17
4197,0.59,-860.05,-25.36,-204.51,-34.88,4.17
4198,0.47,-779.84,-31.01,-398.74,-543.21,4.17
4199,0.42,-126.66,-25.13,-50.32,-39.60,4.17
4200,0.42,-526.33,-25.36,-102.97,-32.35,4.49
4201,0.31,-118.89,-22.68,-45.19,-30.78,4.17
4202,0.61,-840.65,-22.57,-265.69,-37.70,4.81
4203,0.61,-1132.23,-24.90,-203.84,-35.35,4.81
4204,0.55,-834.62,-20.30,-228.59,-48.66,4.81
4205,0.43,-474.93,-26.36,-141.05,-35.20,4.81
4206,0.55,-887.39,-22.54,-410.11,-561.85,4.81
4207,0.38,-37.63,-23.65,-31.66,-31.28,4.81
4208,0.39,-596.54,-24.00,-117.07,-42.34,4.81
4209,0.53,-1041.46,-26.09,-289.34,-46.89,4.81
4210,0.30,-542.76,-28.24,-170.75,-133.28,4.81
4211,0.85,-895.59,-27.15,-232.06,-34.08,4.81
4212,0.38,-39.88,-26.99,-31.74,-30.62,4.81
4213,0.65,-646.19,-26.80,-373.21,-559.55,4.81
4214,0.39,-673.97,-30.97,-213.08,-34.54,4.81
4215,0.33,-146.11,-26.74,-47.71,-30.05,4.81
4216,0.50,-843.38,-26.47,-180.56,-40.20,5.77
4217,0.40,-602.99,-25.47,-131.66,-38.86,5.77
4218,0.35,-39.04,-28.68,-32.70,-31.76,5.77
4219,0.54,-40.34,-21.30,-29.80,-31.58,5.77
4220,0.59,-1021.10,-34.88,-275.88,-40.60,5.77
4221,0.70,-815.34,-24.82,-154.01,-32.98,5.77
4222,0.44,-339.59,-29.85,-92.50,-36.45,5.77
4223,0.41,-677.41,-28.95,-142.64,-41.02,5.77
4224,0.36,-570.93,-28.59,-110.74,-35.70,5.77
4225,0.56,-332.69,-25.88,-114.79,-39.17,5.77
4226,0.34,-572.57,-22.67,-175.94,-41.62,5.77
4227,0.58,-606.37,-20.67,-219.59,-132.18,5.77
4228,0.48,-604.91,-33.06,-142.85,-42.62,5.45
4229,0.37,-226.09,-27.47,-59.04,-30.76,5.45
4230,0.45,-578.30,-28.75,-111.47,-33.20,5.45
4231,0.35,-589.28,-29.18,-141.09,-33.89,5.45
4232,0.81,-339.45,-26.55,-107.06,-33.07,5.13
4233,0.38,-259.43,-28.25,-66.20,-34.41,5.13
4234,0.38,-118.57,-30.52,-49.32,-34.03,4.81
4235,0.53,-119.70,-23.53,-72.51,-53.94,5.13
4236,0.56,-876.87,-31.11,-167.23,-35.31,5.13
4237,0.34,-537.69,-25.93,-115.94,-33.02,5.13
4238,0.48,-831.53,-22.97,-244.98,-40.61,5.13
4239,0.42,-600.22,-30.35,-224.32,-56.49,5.13
4240,0.51,-795.28,-22.85,-137.72,-28.63,5.13
4241,0.90,-575.52,-26.14,-205.26,-40.22,5.13
4242,0.87,-1232.39,-27.47,-206.22,-37.53,5.13
4243,0.47,-903.73,-32.04,-234.76,-56.96,5.13
4244,0.48,-671.30,-22.80,-121.88,-34.05,3.85
4245,0.43,-893.37,-31.31,-197.79,-118.84,3.85
4246,0.42,-531.39,-27.73,-150.11,-35.83,3.85
4247,0.77,-1484.03,-35.32,-447.99,-363.13,3.85
4248,0.54,-943.18,-30.43,-240.78,-37.96,4.17
4249,0.51,-807.08,-29.18,-424.44,-584.88,4.17
4250,0.54,-588.03,-23.33,-244.13,-43.21,4.17
4251,0.46,-595.13,-22.44,-134.39,-35.20,4.17
4252,0.35,-122.94,-32.34,-51.53,-37.82,4.17
4253,0.42,-128.14,-23.44,-44.63,-32.92,4.17
4254,0.44,-597.78,-24.03,-196.63,-36.44,4.17
4255,0.45,-791.81,-24.45,-140.89,-34.38,4.17
4256,0.40,-570.05,-29.22,-162.63,-46.88,3.85
4257,0.39,-601.02,-32.31,-271.85,-276.35,3.85
4258,0.52,-1021.12,-24.81,-202.54,-39.77,3.85
4259,0.78,-763.46,-31.22,-314.92,-332.40,3.85
4260,0.40,-417.76,-26.71,-121.89,-38.50,3.85
4261,0.60,-994.80,-26.81,-261.46,-44.01,3.53
4262,0.42,-411.10,-32.74,-200.24,-118.83,3.53
4263,0.47,-783.91,-25.58,-180.44,-38.37,3.53
4264,0.49,-853.71,-35.51,-306.02,-145.62,3.53
4265,0.29,-583.10,-23.46,-132.25,-31.45,3.85
4266,0.64,-934.62,-30.28,-356.64,-43.28,3.85
4267,0.61,-616.31,-28.45,-205.34,-33.92,3.85
4268,0.30,-551.42,-26.68,-141.67,-32.64,3.85
4269,0.39,-141.45,-26.45,-48.14,-33.79,3.85
4270,1.41,-636.09,-23.69,-229.03,-115.73,3.85
4271,0.32,-266.49,-24.14,-74.90,-38.41,3.85
4272,0.36,-679.60,-14.60,-201.10,-33.16,4.17
4273,0.40,-644.67,-28.39,-292.36,-115.50,3.85
4274,0.65,-322.15,-25.98,-102.83,-34.90,3.21
4275,0.59,-862.83,-26.49,-225.80,-40.81,3.21
4276,0.54,-908.21,-26.99,-365.91,-281.41,3.21
4277,0.61,-605.34,-30.30,-357.65,-353.60,3.21
4278,0.49,-791.66,-27.55,-300.11,-61.64,4.17
4279,0.44,-161.78,-22.24,-87.26,-114.01,4.17
4280,0.43,-54.56,-23.92,-35.16,-34.36,4.17
4281,0.38,-563.29,-26.54,-136.63,-43.03,4.17
4282,0.32,-323.60,-23.89,-97.42,-49.51,4.17
4283,0.40,-575.03,-31.10,-112.53,-34.77,4.17
4284,0.40,-617.94,-27.22,-151.25,-49.71,4.17
4285,0.35,-120.87,-29.42,-71.63,-48.65,4.17
4286,0.47,-894.18,-25.20,-170.21,-35.03,4.17
4287,0.63,-876.53,-30.11,-341.07,-327.08,3.53
4288,1.04,-651.92,-26.46,-214.76,-115.34,3.85
4289,0.61,-1145.89,-29.98,-361.09,-135.74,3.85
4290,0.38,-625.42,-22.53,-113.86,-28.24,3.85
4291,0.46,-775.67,-33.70,-408.63,-575.74,3.85
4292,0.30,-602.88,-31.26,-154.49,-113.02,3.85
4293,0.71,-795.59,-29.80,-250.03,-139.62,3.85
4294,0.56,-973.10,-24.87,-165.40,-27.55,3.85
4295,0.45,-858.05,-32.55,-207.67,-47.65,3.85
4296,0.35,-114.78,-23.94,-43.95,-34.80,3.85
4297,0.36,-587.25,-36.00,-236.20,-138.80,3.85
4298,0.54,-376.57,-25.35,-160.64,-117.34,3.85
4299,0.70,-862.64,-26.71,-207.63,-34.24,3.85
4300,0.36,-663.04,-29.99,-206.43,-37.49,3.85
4301,0.44,-784.16,-26.86,-171.56,-36.91,3.85
4302,0.52,-851.07,-27.26,-289.97,-132.50,3.85
4303,0.67,-1167.09,-24.39,-422.73,-119.10,3.85
4304,0.60,-333.12,-23.51,-90.10,-44.06,3.53
4305,0.30,-609.13,-24.43,-218.17,-88.34,3.53
4306,0.61,-58.84,-29.22,-37.51,-34.12,5.45
4307,0.72,-781.15,-26.63,-271.03,-45.75,5.45
4308,0.55,-863.71,-26.80,-245.92,-36.38,5.45
4309,0.71,-984.00,-27.50,-369.79,-33.83,5.45
4310,0.61,-951.17,-26.39,-331.78,-79.71,5.45
4311,0.72,-574.94,-29.61,-161.94,-46.12,5.77
4312,0.38,-672.66,-22.20,-125.92,-30.09,5.77
4313,0.74,-621.37,-27.39,-229.79,-133.23,5.77
4314,0.36,-131.10,-29.91,-47.61,-30.54,5.77
4315,0.42,-42.39,-24.43,-31.41,-28.37,5.77
4316,0.47,-129.46,-22.34,-47.44,-34.68,5.77
4317,0.82,-1036.90,-25.64,-454.97,-538.28,4.81
4318,0.43,-619.66,-21.80,-188.56,-31.58,4.81
4319,0.38,-643.60,-25.63,-196.88,-33.12,4.81
4320,0.59,-979.59,-26.78,-243.33,-40.49,4.81
4321,0.42,-116.77,-20.67,-42.23,-31.02,4.81
4322,0.55,-945.36,-27.00,-333.08,-35.65,3.85
4323,0.30,-599.72,-29.18,-241.41,-134.67,3.85
4324,0.48,-853.00,-30.03,-226.47,-36.30,4.49
4325,0.51,-849.04,-19.31,-222.55,-33.07,4.49
4326,0.37,-517.67,-25.82,-152.80,-50.07,4.49
4327,0.51,-809.52,-29.51,-241.00,-38.20,4.49
4328,0.55,-867.29,-29.89,-253.43,-90.15,4.49
4329,0.32,-594.65,-27.35,-189.86,-39.80,4.17
4330,0.40,-585.08,-21.40,-135.54,-36.38,4.17
4331,0.37,-596.98,-28.40,-182.14,-48.79,4.17
4332,0.32,-326.70,-22.37,-73.22,-29.52,4.17
4333,0.48,-739.05,-31.60,-241.74,-41.22,4.17
4334,0.62,-1177.40,-27.92,-358.34,-52.47,4.17
4335,0.54,-867.82,-33.21,-267.90,-118.87,4.17
4336,0.70,-295.16,-21.60,-69.08,-28.71,4.17
4337,0.37,-661.95,-37.26,-160.57,-69.50,4.17
4338,0.45,-714.19,-31.19,-168.26,-39.60,4.49
4339,0.62,-669.29,-26.69,-146.73,-37.88,4.49
4340,0.58,-909.05,-27.52,-253.69,-37.34,4.49
4341,0.86,-749.11,-30.36,-344.13,-309.96,4.49
4342,0.33,-617.98,-32.14,-156.89,-39.35,4.49
4343,0.51,-954.81,-36.73,-283.96,-49.20,4.49
4344,0.44,-573.03,-21.59,-121.73,-32.06,4.49
4345,0.32,-561.04,-25.26,-125.43,-41.91,4.49
4346,0.38,-643.70,-27.42,-128.80,-33.72,4.49
4347,0.37,-343.81,-29.03,-88.39,-36.78,4.49
4348,0.39,-603.18,-29.75,-142.86,-42.81,4.49
4349,0.33,-45.94,-22.15,-32.61,-32.88,4.49
4350,0.64,-1102.06,-23.04,-379.15,-34.39,4.49
4351,0.44,-719.59,-28.56,-145.58,-35.43,4.49
4352,0.67,-905.68,-24.70,-174.32,-40.88,5.13
4353,0.33,-633.00,-25.54,-118.07,-32.97,5.13
4354,0.43,-658.36,-24.21,-176.40,-77.54,5.13
4355,0.40,-117.61,-20.16,-44.41,-30.56,5.13
4356,0.39,-285.78,-25.03,-80.74,-40.04,5.13
4357,0.54,-819.77,-28.73,-146.91,-34.86,5.45
4358,0.57,-841.27,-25.77,-232.73,-44.63,5.45
4359,0.49,-804.19,-20.92,-143.78,-35.88,5.45
4360,0.46,-790.82,-23.63,-257.67,-115.32,5.45
4361,0.39,-89.57,-19.49,-42.33,-34.30,5.45
4362,0.40,-304.52,-27.85,-85.40,-34.71,5.45
4363,0.58,-879.88,-24.29,-242.70,-42.82,5.45
4364,0.32,-344.00,-26.05,-115.83,-114.11,4.49
4365,0.42,-585.50,-20.32,-123.64,-33.87,4.49
4366,0.64,-882.01,-27.05,-407.69,-567.29,4.49
4367,0.32,-135.36,-23.97,-54.91,-27.87,4.49
4368,0.54,-910.49,-28.67,-171.39,-34.03,4.49
4369,0.38,-648.96,-21.16,-121.97,-35.97,4.49
4370,0.68,-1087.33,-22.46,-270.32,-41.49,5.45
4371,0.51,-46.38,-31.85,-38.82,-37.86,5.45
4372,0.37,-141.97,-19.66,-46.01,-30.82,5.45
4373,0.60,-937.76,-31.78,-177.80,-34.12,5.45
4374,0.41,-640.51,-20.61,-211.08,-35.76,5.45
4375,0.66,-645.74,-27.57,-192.72,-30.44,5.45
4376,0.47,-54.03,-24.96,-36.25,-34.62,5.45
4377,0.37,-572.24,-23.58,-180.26,-32.03,5.45
4378,0.48,-769.97,-33.87,-187.69,-36.66,5.45
4379,0.46,-659.81,-29.94,-215.30,-39.58,4.81
4380,0.79,-352.01,-25.83,-106.05,-46.23,4.81
4381,0.48,-583.26,-26.67,-232.07,-32.38,4.49
4382,0.31,-588.96,-26.04,-142.28,-44.46,4.49
4383,0.54,-817.04,-31.07,-258.54,-36.30,4.81
4384,0.91,-566.29,-29.45,-192.33,-35.93,4.81
4385,0.40,-122.21,-30.74,-66.92,-64.83,4.81
4386,0.39,-541.22,-28.03,-191.32,-38.42,4.81
4387,0.82,-313.42,-25.57,-85.57,-46.28,5.77
4388,0.69,-634.44,-24.29,-274.65,-37.84,5.77
4389,0.62,-888.90,-24.65,-177.64,-43.67,5.77
4390,0.62,-921.28,-33.32,-402.91,-51.97,5.13
4391,0.57,-335.10,-24.54,-108.40,-35.43,5.13
4392,0.50,-827.09,-27.70,-144.29,-30.81,5.13
4393,0.53,-924.61,-21.99,-265.08,-138.27,4.81
4394,0.61,-887.74,-26.15,-174.53,-41.82,4.81
4395,0.44,-541.46,-25.42,-108.30,-35.77,5.45
4396,0.41,-568.64,-25.92,-108.42,-31.34,5.13
4397,0.38,-373.12,-30.71,-88.04,-36.13,5.13
4398,0.41,-577.21,-27.94,-124.58,-38.32,5.13
4399,0.32,-583.73,-28.25,-132.29,-33.84,5.13
4400,0.45,-306.67,-26.34,-118.04,-124.44,5.13
4401,0.45,-337.89,-28.84,-92.50,-40.77,4.17
4402,0.58,-658.26,-27.64,-212.62,-35.83,4.17
4403,0.67,-221.14,-28.95,-76.71,-36.08,4.17
4404,0.48,-778.81,-25.45,-253.06,-114.13,4.17
4405,0.63,-1006.77,-27.80,-258.29,-31.55,4.17
4406,0.41,-115.21,-28.07,-58.95,-47.37,4.17
4407,0.37,-326.74,-27.98,-102.93,-43.93,4.17
4408,0.48,-740.29,-26.68,-310.80,-247.04,4.17
4409,0.70,-1081.47,-27.24,-553.88,-808.06,4.17
4410,0.60,-954.61,-22.37,-446.23,-567.63,4.17
4411,0.81,-1093.73,-25.20,-262.90,-36.48,4.17
4412,0.52,-805.87,-26.97,-298.57,-37.89,4.17
4413,0.46,-929.11,-25.97,-344.82,-204.75,4.17
4414,0.52,-902.59,-25.32,-280.69,-42.80,4.17
4415,0.47,-488.41,-21.53,-94.18,-29.54,4.17
4416,0.60,-827.66,-22.61,-231.32,-43.06,3.53
4417,0.46,-919.75,-25.94,-253.31,-36.11,4.49
4418,0.64,-873.99,-31.83,-279.39,-48.46,4.49
4419,0.49,-578.99,-30.06,-112.20,-34.00,4.49
4420,0.52,-774.30,-22.14,-226.11,-43.59,4.49
4421,0.46,-821.10,-25.92,-312.39,-92.42,4.17
4422,0.32,-584.66,-25.03,-186.82,-31.98,4.17
4423,0.38,-634.63,-25.99,-201.20,-32.00,4.17
4424,0.54,-587.82,-24.17,-151.51,-115.85,4.17
4425,0.44,-649.01,-28.07,-217.33,-38.21,4.17
4426,0.33,-117.84,-29.53,-45.81,-36.13,4.17
4427,0.48,-850.81,-22.28,-148.83,-31.52,4.17
4428,0.37,-556.95,-29.34,-146.09,-32.26,4.17
4429,0.46,-783.37,-32.74,-234.39,-39.30,4.81
4430,0.86,-968.81,-31.61,-305.55,-140.78,5.13
4431,0.84,-354.48,-24.03,-98.92,-31.32,5.13
4432,0.58,-1008.69,-26.36,-262.80,-51.03,5.13
4433,0.52,-905.22,-25.62,-163.89,-33.85,5.13
4434,0.50,-140.62,-26.25,-62.72,-34.35,5.13
4435,0.61,-363.71,-36.59,-121.69,-118.27,5.13
4436,0.77,-347.29,-35.64,-121.52,-116.81,5.13
4437,0.49,-886.70,-19.31,-352.47,-62.77,5.77
4438,0.51,-908.36,-21.80,-159.65,-37.73,5.77
4439,0.35,-564.40,-20.84,-253.99,-40.05,5.77
4440,0.53,-608.99,-27.31,-129.81,-37.40,5.77
4441,0.33,-132.21,-23.46,-63.17,-43.80,5.77
4442,0.38,-142.92,-24.91,-48.59,-35.23,5.77
4443,0.34,-38.04,-29.84,-33.21,-32.77,5.77
4444,0.32,-118.64,-25.73,-56.15,-34.59,5.77
4445,0.39,-475.70,-27.48,-119.47,-40.33,5.77
4446,0.39,-403.47,-24.82,-122.80,-37.93,5.77
4447,0.42,-180.06,-23.04,-53.74,-35.25,4.81
4448,0.33,-117.79,-22.50,-41.44,-31.34,4.81
4449,0.39,-564.13,-28.94,-119.69,-40.76,4.81
4450,0.33,-119.84,-25.06,-52.20,-30.26,4.81
4451,0.41,-509.52,-27.10,-229.98,-101.36,4.81
4452,0.37,-689.57,-22.48,-185.45,-37.87,5.77
4453,0.34,-40.37,-21.55,-31.44,-34.91,5.77
4454,0.38,-548.03,-26.32,-185.95,-39.10,5.77
4455,0.32,-572.88,-27.14,-196.08,-35.11,5.77
4456,0.55,-845.54,-29.52,-254.91,-46.66,4.17
4457,0.61,-812.73,-26.30,-367.93,-501.95,4.17
4458,0.53,-825.85,-24.04,-233.31,-32.12,4.17
4459,0.56,-959.59,-35.50,-303.37,-67.32,4.17
4460,0.42,-114.53,-30.25,-48.84,-36.38,4.17
4461,0.83,-378.54,-28.09,-157.31,-41.17,4.17
4462,0.48,-855.34,-29.32,-315.41,-116.40,4.17
4463,0.66,-635.01,-23.07,-144.92,-50.91,4.17
4464,0.59,-980.61,-28.81,-354.65,-119.09,4.17
4465,0.40,-246.16,-22.91,-62.75,-34.10,3.85
4466,0.70,-589.66,-32.40,-189.19,-37.38,3.85
4467,0.38,-423.79,-25.49,-87.33,-33.25,3.85
4468,0.34,-592.71,-26.81,-197.59,-129.69,3.85
4469,0.76,-1144.91,-24.96,-244.67,-43.45,4.49
4470,0.46,-162.89,-30.14,-77.96,-45.28,4.49
4471,0.41,-117.34,-28.27,-45.39,-35.66,4.81
4472,0.39,-37.82,-18.94,-29.51,-27.51,4.81
4473,0.42,-342.11,-23.01,-91.40,-39.50,4.49
4474,0.56,-999.42,-23.54,-336.61,-116.49,4.49
4475,0.33,-258.68,-25.18,-79.00,-32.56,4.49
4476,0.74,-41.98,-28.81,-33.15,-32.72,3.85
4477,0.62,-1006.29,-29.48,-405.12,-132.74,3.85
4478,0.53,-790.64,-22.82,-222.26,-43.58,3.85
4479,0.62,-1048.98,-29.04,-464.97,-552.05,4.49
4480,0.48,-888.39,-28.61,-157.71,-32.49,4.49
4481,0.55,-391.46,-30.94,-84.00,-33.03,4.49
4482,0.39,-676.97,-25.26,-169.17,-84.19,4.49
4483,0.48,-827.65,-25.85,-301.94,-129.58,4.49
4484,0.34,-647.68,-25.95,-359.68,-555.37,4.49
4485,0.39,-580.37,-26.12,-153.76,-93.88,4.49
4486,0.29,-559.12,-23.45,-223.41,-265.33,4.49
4487,0.55,-824.37,-29.22,-329.43,-34.63,4.17
4488,0.38,-631.92,-27.90,-158.85,-114.55,4.17
4489,0.31,-596.29,-28.73,-153.51,-39.50,4.17
4490,0.33,-576.91,-22.70,-236.09,-118.09,4.17
4491,0.51,-807.79,-26.96,-352.27,-395.77,4.17
4492,0.65,-1132.76,-22.94,-411.35,-478.44,4.17
4493,0.51,-334.45,-35.02,-108.11,-85.85,4.17
4494,0.57,-701.41,-27.07,-256.74,-80.78,4.49
4495,0.41,-654.13,-23.62,-214.51,-39.39,4.49
4496,1.25,-954.78,-31.03,-357.24,-137.32,4.49
4497,0.40,-822.19,-29.45,-263.11,-118.40,4.49
4498,0.37,-559.71,-27.73,-133.70,-41.09,4.49
4499,0.31,-570.99,-22.87,-143.15,-45.77,4.49
4500,0.50,-619.17,-28.30,-140.98,-38.37,4.81
4501,0.36,-328.51,-24.37,-81.59,-39.12,4.81
4502,0.37,-662.79,-23.98,-214.92,-46.42,4.81
4503,0.42,-117.67,-25.07,-43.35,-34.06,4.81
4504,0.55,-689.97,-25.61,-140.62,-42.04,5.13
4505,0.41,-47.99,-20.05,-34.48,-33.92,4.49
4506,0.73,-1228.25,-25.51,-311.25,-36.52,4.49
4507,0.42,-581.90,-26.32,-199.83,-43.14,4.49
4508,0.95,-682.29,-29.45,-151.04,-43.97,4.49
4509,0.40,-527.32,-30.98,-147.37,-35.65,4.49
4510,0.39,-690.70,-23.69,-153.84,-50.35,4.49
4511,0.79,-723.23,-29.40,-207.67,-39.05,4.49
4512,0.49,-861.76,-28.75,-158.67,-38.10,4.49
4513,0.36,-114.84,-24.75,-43.25,-34.76,5.45
4514,0.39,-47.83,-21.95,-34.24,-35.34,5.45
4515,0.33,-565.46,-25.26,-144.29,-30.69,5.45
4516,0.50,-67.84,-31.40,-41.33,-37.50,5.45
4517,0.37,-521.90,-30.18,-111.26,-33.09,5.77
4518,0.40,-41.51,-27.94,-34.15,-34.20,4.49
4519,0.38,-573.69,-26.51,-142.79,-93.02,4.49
4520,0.72,-994.77,-26.22,-252.87,-42.77,4.49
4521,0.44,-261.67,-23.20,-109.83,-136.00,5.77
4522,0.35,-541.39,-23.75,-117.33,-31.27,5.77
4523,0.79,-572.88,-23.08,-158.71,-31.78,3.85
4524,0.39,-560.54,-27.88,-160.44,-35.08,3.85
4525,0.67,-1160.49,-25.63,-303.87,-129.56,4.81
4526,0.38,-129.01,-27.99,-49.22,-35.89,5.13
4527,0.77,-1245.27,-23.21,-286.58,-39.38,4.17
4528,0.73,-927.50,-33.21,-264.89,-137.90,4.17
4529,0.52,-595.77,-21.45,-188.84,-38.29,4.81
4530,0.79,-843.91,-27.16,-375.32,-399.98,4.81
4531,0.54,-871.47,-26.50,-267.77,-36.00,4.17
4532,1.08,-871.22,-31.05,-193.44,-117.08,4.17
4533,0.47,-874.43,-31.28,-312.79,-113.65,4.17
4534,0.81,-1250.10,-26.62,-325.16,-135.57,3.85
4535,0.64,-1029.24,-29.81,-266.47,-38.24,3.85
4536,0.93,-1441.11,-21.95,-420.66,-210.83,3.85
4537,0.97,-1315.33,-40.66,-717.84,-873.83,3.85
4538,0.49,-906.24,-26.65,-302.16,-41.75,3.85
4539,0.73,-1100.06,-25.06,-330.12,-53.92,4.17
4540,0.36,-680.04,-30.94,-308.51,-116.78,4.49
4541,0.89,-917.17,-25.00,-380.47,-129.79,4.49
4542,0.96,-758.86,-38.10,-452.74,-580.54,4.49
4543,0.43,-792.34,-29.62,-306.99,-49.73,4.49
4544,0.56,-384.31,-30.04,-86.22,-37.82,4.81
4545,0.37,-670.79,-25.55,-215.47,-43.45,5.13
4546,0.39,-581.36,-26.96,-122.89,-31.74,4.17
4547,0.38,-552.84,-25.30,-197.11,-35.84,4.17
4548,0.35,-549.41,-25.70,-120.75,-39.11,5.45
4549,0.75,-1156.02,-28.41,-371.84,-30.51,5.45
4550,0.34,-167.50,-25.39,-55.48,-35.44,5.45
4551,0.69,-963.58,-26.77,-167.71,-32.93,5.45
4552,0.36,-562.18,-26.19,-123.53,-38.50,5.45
4553,0.70,-116.86,-24.52,-61.64,-45.32,5.45
4554,0.46,-600.05,-30.02,-207.55,-50.14,5.77
4555,0.52,-593.32,-30.12,-173.09,-46.91,5.77
4556,0.68,-899.84,-31.18,-190.01,-67.15,5.77
4557,0.47,-136.73,-26.18,-57.78,-34.02,5.77
4558,0.49,-592.48,-24.16,-191.61,-33.34,5.77
4559,0.49,-869.54,-19.67,-171.06,-44.02,5.77
4560,0.51,-585.53,-25.16,-125.68,-41.70,5.77
4561,0.54,-877.43,-33.66,-243.79,-45.82,5.77
4562,0.49,-842.67,-25.92,-183.57,-53.33,5.77
4563,0.57,-328.77,-33.87,-98.03,-45.32,6.73
4564,0.47,-136.27,-32.74,-66.28,-46.59,4.81
4565,0.47,-586.57,-32.03,-170.88,-57.82,4.81
4566,0.83,-576.63,-32.81,-160.90,-49.11,4.81
4567,0.74,-1078.22,-36.61,-276.15,-129.53,4.81
4568,0.48,-816.11,-26.45,-175.99,-54.26,4.81
4569,0.69,-610.02,-27.34,-225.47,-48.65,4.17
4570,0.51,-883.39,-23.13,-250.18,-59.91,4.17
4571,0.69,-993.51,-24.09,-295.45,-52.64,4.17
4572,0.52,-596.13,-21.58,-119.57,-41.45,5.13
4573,0.69,-51.68,-26.30,-40.21,-42.69,5.13
4574,0.68,-1132.82,-39.88,-351.68,-115.93,5.13
4575,0.57,-572.87,-26.53,-156.23,-53.47,4.49
4576,0.74,-61.64,-29.52,-44.96,-44.83,4.49
4577,0.55,-952.06,-15.75,-242.24,-30.06,4.49
4578,0.50,-472.53,-19.04,-107.65,-33.92,4.49
4579,0.58,-983.43,-24.05,-261.25,-54.97,4.49
4580,0.60,-591.01,-30.55,-144.78,-45.48,5.13
4581,0.49,-622.78,-18.69,-199.13,-54.25,5.13
4582,0.71,-1150.48,-29.82,-208.10,-45.71,5.13
4583,0.47,-570.30,-33.90,-143.48,-49.38,5.13
4584,0.43,-568.86,-23.19,-178.47,-38.96,5.13
4585,0.46,-536.23,-26.25,-125.20,-51.09,5.13
4586,0.54,-909.43,-41.91,-407.50,-354.92,4.81
4587,0.41,-432.59,-29.26,-119.09,-74.30,4.81
4588,0.50,-572.51,-29.74,-124.48,-48.59,4.81
4589,0.58,-912.34,-23.49,-261.62,-99.42,4.81
4590,0.88,-779.98,-25.35,-373.77,-554.33,4.81
4591,0.71,-721.32,-34.45,-230.66,-119.77,4.49
4592,0.58,-910.91,-31.03,-197.30,-36.54,4.81
4593,0.92,-280.36,-20.17,-71.34,-42.45,6.09
4594,0.62,-1044.66,-43.86,-332.60,-126.53,6.09
4595,0.72,-910.10,-17.73,-240.70,-46.59,6.09
4596,0.49,-65.24,-24.89,-38.53,-31.22,6.09
4597,0.56,-838.90,-31.26,-150.14,-35.67,6.09
4598,0.63,-941.89,-24.35,-354.34,-38.30,5.13
4599,0.53,-869.66,-26.12,-295.22,-141.48,5.13
4600,0.63,-889.86,-27.04,-220.80,-116.84,5.13
4601,0.73,-1104.74,-33.51,-234.66,-43.14,5.13
4602,0.51,-865.90,-30.83,-242.68,-53.31,6.09
4603,0.57,-520.02,-19.18,-103.74,-37.70,6.09
4604,0.67,-998.96,-38.86,-418.21,-136.72,6.09
4605,0.51,-824.13,-32.91,-216.56,-48.14,6.09
4606,0.53,-370.92,-22.85,-82.24,-39.46,6.09
4607,0.73,-121.05,-28.47,-55.82,-44.43,6.09
4608,0.73,-1028.52,-26.45,-258.93,-40.66,6.09
4609,0.39,-573.81,-35.48,-117.24,-38.27,6.09
4610,0.55,-276.76,-21.24,-75.28,-46.13,6.09
4611,0.56,-827.17,-34.21,-153.98,-41.67,6.09
4612,0.58,-848.01,-34.15,-172.69,-56.81,6.41
4613,0.47,-128.52,-24.29,-59.17,-38.68,6.41
4614,0.68,-135.20,-27.06,-59.66,-52.98,6.41
4615,1.06,-919.86,-21.01,-243.68,-47.01,7.37
4616,0.44,-125.37,-24.42,-50.55,-41.41,6.09
4617,0.68,-599.62,-27.62,-131.69,-46.19,7.69
4618,0.53,-356.01,-15.09,-101.06,-46.04,6.73
4619,0.51,-73.15,-14.94,-40.29,-35.07,6.73
4620,0.70,-180.38,-26.85,-61.36,-45.86,6.73
4621,0.95,-594.82,-31.86,-125.94,-46.70,6.73
4622,0.44,-46.31,-24.97,-35.50,-35.23,6.73
4623,0.70,-566.81,-27.81,-115.47,-33.15,6.73
4624,0.66,-945.64,-22.66,-176.11,-30.36,6.73
4625,0.86,-132.11,-32.61,-62.19,-41.82,6.73
4626,0.60,-854.39,-41.57,-259.50,-55.35,5.77
4627,0.48,-732.42,-29.25,-221.03,-51.42,5.77
4628,0.60,-137.20,-23.29,-66.22,-47.85,5.77
4629,0.52,-533.76,-26.56,-109.57,-41.07,5.77
4630,0.48,-593.80,-13.64,-177.00,-119.95,6.73
4631,0.46,-586.77,-37.81,-222.51,-106.25,5.45
4632,0.45,-290.32,-22.19,-104.13,-89.73,5.45
4633,0.45,-610.77,-20.73,-117.94,-34.62,5.45
4634,0.53,-964.68,-36.99,-347.93,-188.03,6.09
4635,0.49,-188.64,-28.83,-89.88,-75.15,6.09
4636,0.49,-120.88,-23.08,-46.20,-37.31,5.77
4637,0.79,-981.54,-26.61,-501.73,-687.77,5.77
4638,0.89,-822.23,-24.17,-166.04,-37.92,5.77
4639,0.57,-820.23,-32.34,-181.50,-62.32,5.77
4640,0.67,-967.88,-31.22,-322.21,-55.92,5.77
4641,0.47,-603.84,-26.52,-223.96,-45.39,5.77
4642,0.67,-1033.24,-20.26,-178.70,-41.67,5.77
4643,0.50,-567.85,-26.42,-126.36,-43.81,5.77
4644,0.64,-668.62,-26.79,-129.92,-39.96,5.77
4645,0.50,-578.47,-31.00,-121.41,-34.66,5.77
4646,0.43,-42.82,-19.40,-31.19,-34.80,5.77
4647,0.52,-797.69,-18.61,-257.35,-59.12,5.77
4648,0.46,-598.16,-33.69,-132.19,-40.29,5.77
4649,0.68,-787.32,-28.36,-245.84,-54.24,5.77
4650,0.64,-631.10,-27.98,-139.23,-42.61,5.77
4651,0.55,-580.14,-34.91,-127.64,-42.97,5.77
4652,0.78,-608.37,-24.59,-284.51,-142.48,5.13
4653,0.50,-240.78,-35.27,-101.19,-68.72,6.41
4654,0.74,-902.18,-35.14,-170.31,-49.43,6.41
4655,0.48,-841.29,-31.65,-165.08,-38.24,6.41
4656,0.50,-806.84,-25.55,-143.83,-34.84,6.41
4657,0.55,-592.79,-18.47,-156.07,-50.52,6.41
4658,0.48,-130.86,-23.65,-49.41,-36.26,6.41
4659,0.60,-897.32,-26.28,-177.98,-53.82,6.41
4660,1.06,-128.33,-21.78,-49.88,-37.25,6.41
4661,0.44,-652.35,-30.62,-214.20,-47.89,5.77
4662,0.53,-579.35,-26.78,-118.29,-41.52,5.77
4663,0.42,-594.18,-28.47,-126.85,-42.16,5.77
4664,0.73,-893.71,-35.27,-357.38,-47.50,6.41
4665,0.61,-127.45,-32.97,-65.35,-47.74,5.45
4666,0.47,-565.03,-22.86,-136.15,-44.10,6.09
4667,0.65,-880.80,-34.96,-322.80,-134.77,6.09
4668,0.41,-630.26,-27.92,-214.09,-41.76,5.77
4669,0.62,-53.28,-25.34,-39.22,-38.79,5.77
4670,0.48,-135.24,-28.30,-58.86,-49.50,5.77
4671,0.39,-588.39,-30.90,-195.05,-38.78,5.77
4672,0.46,-114.90,-26.85,-51.55,-38.90,5.77
4673,0.55,-638.99,-30.22,-220.83,-46.03,5.77
4674,0.58,-889.64,-26.35,-227.14,-40.39,5.13
4675,0.58,-270.99,-37.21,-87.24,-44.71,5.13
4676,0.68,-131.13,-20.20,-54.41,-36.86,5.13
4677,0.49,-50.41,-22.58,-38.13,-40.14,4.49
4678,0.93,-631.97,-36.63,-300.87,-175.53,4.49
4679,0.64,-1049.09,-26.70,-320.79,-126.33,4.49
4680,0.53,-136.84,-25.82,-50.46,-39.76,4.81
4681,0.38,-146.57,-34.23,-89.97,-117.11,4.81
4682,1.24,-487.27,-47.14,-139.36,-63.67,4.81
4683,0.48,-589.08,-20.91,-142.48,-33.19,4.81
4684,0.52,-72.61,-31.59,-46.28,-41.28,4.81
4685,0.70,-1013.48,-30.38,-206.31,-59.31,4.81
4686,0.53,-990.06,-21.75,-271.05,-77.30,4.81
4687,0.51,-848.41,-28.82,-218.81,-48.25,5.13
4688,0.66,-57.71,-25.59,-42.73,-40.62,5.13
4689,0.62,-598.50,-32.78,-142.67,-48.32,5.13
4690,0.53,-926.56,-18.67,-209.86,-55.37,5.13
4691,0.55,-356.48,-27.76,-91.33,-40.15,5.13
4692,0.61,-860.42,-33.96,-234.30,-72.31,5.13
4693,0.53,-739.42,-33.41,-366.68,-549.82,4.49
4694,0.47,-361.29,-33.75,-155.33,-113.70,4.49
4695,0.52,-368.74,-24.15,-89.91,-48.17,4.49
4696,0.91,-250.69,-18.13,-72.66,-52.17,4.49
4697,0.52,-793.18,-26.53,-230.02,-46.54,4.49
4698,0.46,-787.65,-28.19,-186.08,-41.13,4.17
4699,0.64,-351.20,-32.69,-105.45,-58.59,4.17
4700,0.48,-554.70,-32.91,-190.52,-57.87,4.17
4701,0.94,-1359.41,-49.25,-516.12,-599.79,3.85
4702,0.67,-589.82,-42.25,-225.37,-122.66,3.85
4703,0.56,-1031.10,-71.22,-364.34,-133.69,3.85
4704,0.40,-146.46,-48.31,-95.36,-115.73,3.85
4705,0.60,-902.74,-44.17,-430.98,-572.37,3.85
4706,0.47,-568.46,-43.39,-335.75,-516.60,3.85
4707,0.57,-922.07,-20.28,-313.80,-109.03,3.85
4708,0.67,-1008.07,-46.29,-331.29,-132.23,3.85
4709,0.78,-1308.68,-41.94,-321.14,-76.71,3.85
4710,0.33,-571.66,-37.86,-314.06,-193.90,3.85
4711,0.55,-772.84,-40.57,-240.09,-65.40,3.85
4712,0.49,-785.56,-43.71,-178.17,-72.42,3.85
4713,0.43,-604.35,-34.29,-201.29,-57.76,3.85
4714,0.76,-1065.06,-40.62,-392.17,-122.40,3.85
4715,0.87,-1021.66,-39.03,-220.62,-111.74,3.85
4716,0.70,-968.37,-46.47,-406.38,-533.33,3.85
4717,0.58,-892.93,-40.01,-191.26,-52.96,3.85
4718,0.62,-558.39,-47.29,-158.97,-112.22,3.53
4719,0.35,-611.12,-18.62,-292.34,-113.15,3.53
4720,0.45,-626.26,-56.43,-230.15,-128.91,3.53
4721,0.43,-140.09,-40.42,-82.97,-59.23,4.49
4722,0.66,-1120.19,-33.02,-224.21,-54.62,4.81
4723,0.55,-633.32,-41.19,-287.05,-78.75,4.81
4724,0.51,-567.42,-33.11,-136.23,-59.52,4.81
4725,0.50,-571.22,-32.49,-136.26,-65.68,4.81
4726,0.64,-585.67,-26.56,-204.78,-52.19,4.81
4727,0.64,-933.39,-47.46,-275.16,-113.24,5.13
4728,0.44,-616.68,-25.29,-210.93,-54.62,5.13
4729,0.50,-597.33,-37.93,-138.79,-56.03,5.13
4730,0.54,-556.92,-40.29,-133.08,-58.31,4.81
4731,0.45,-585.77,-35.81,-135.35,-49.54,4.81
4732,0.96,-562.80,-48.62,-195.46,-51.47,4.81
4733,0.49,-123.94,-25.40,-56.59,-46.22,4.17
4734,1.11,-210.06,-36.26,-96.39,-76.12,5.77
4735,0.64,-636.45,-33.65,-149.06,-72.35,5.77
4736,0.76,-115.07,-40.00,-68.14,-52.61,5.45
4737,0.48,-561.15,-47.72,-142.27,-63.46,5.45
4738,0.65,-988.97,-42.06,-182.36,-51.04,5.45
4739,0.55,-387.05,-45.43,-97.98,-49.37,5.45
4740,0.62,-599.61,-44.97,-227.55,-114.57,5.45
4741,1.01,-1568.07,-44.31,-523.90,-64.16,4.81
4742,0.74,-559.77,-34.09,-152.74,-65.49,4.81
4743,0.55,-136.13,-29.64,-54.06,-41.20,4.81
4744,0.65,-613.87,-37.88,-135.60,-51.93,4.81
4745,1.00,-915.94,-40.08,-218.82,-61.58,4.81
4746,0.59,-746.26,-56.90,-249.44,-121.23,4.81
4747,0.85,-1385.22,-56.68,-429.68,-157.66,4.81
4748,0.42,-556.80,-34.85,-206.10,-66.09,4.81
4749,0.75,-593.94,-45.78,-218.40,-73.36,5.13
4750,0.56,-74.28,-31.37,-55.35,-55.61,5.13
4751,0.48,-111.94,-36.47,-61.46,-48.23,5.13
4752,0.58,-585.08,-28.88,-123.08,-53.14,4.17
4753,0.53,-609.95,-48.47,-155.12,-83.27,4.17
4754,0.72,-608.90,-32.96,-207.04,-43.25,4.17
4755,0.51,-616.71,-44.65,-262.75,-136.78,4.17
4756,0.58,-824.67,-36.79,-184.60,-88.63,4.17
4757,0.61,-1112.86,-33.35,-356.85,-67.94,3.53
4758,0.67,-571.45,-55.27,-288.02,-235.26,3.53
4759,0.97,-447.11,-29.71,-127.96,-68.46,3.53
4760,0.58,-862.46,-50.56,-312.68,-121.31,3.53
4761,0.80,-698.05,-34.88,-232.71,-90.50,3.53
4762,0.46,-802.15,-45.16,-419.47,-529.23,3.53
4763,0.80,-848.87,-63.00,-206.36,-106.27,3.85
4764,0.53,-761.58,-35.56,-314.28,-92.80,3.85
4765,0.68,-603.18,-45.51,-156.63,-76.22,3.85
4766,0.44,-122.66,-56.36,-88.12,-75.15,3.85
4767,0.57,-605.07,-30.15,-140.44,-61.45,3.53
4768,0.65,-1156.54,-49.45,-320.10,-133.30,3.53
4769,0.39,-133.83,-35.34,-81.83,-62.68,3.53
4770,0.86,-826.32,-31.89,-262.14,-125.30,3.53
4771,0.36,-597.61,-49.52,-228.14,-120.94,5.45
4772,0.54,-621.22,-28.85,-124.70,-46.27,5.45
4773,0.73,-94.01,-43.75,-55.83,-46.10,5.45
4774,0.88,-1016.67,-39.20,-305.55,-49.36,5.45
4775,0.69,-937.88,-33.57,-212.69,-70.13,5.45
4776,0.54,-135.06,-32.97,-69.66,-56.80,5.45
4777,0.87,-571.84,-42.42,-123.51,-51.94,4.81
4778,0.68,-1125.69,-33.19,-202.23,-51.76,4.49
4779,0.42,-122.42,-32.22,-54.80,-45.49,4.49
4780,0.66,-878.91,-33.17,-203.15,-52.44,4.49
4781,0.81,-113.05,-19.58,-57.49,-56.43,4.49
4782,0.86,-912.77,-35.59,-263.57,-55.48,3.53
4783,0.66,-1167.71,-58.78,-387.12,-134.96,3.53
4784,0.66,-570.06,-49.04,-154.12,-74.95,4.49
4785,0.49,-716.13,-25.49,-163.58,-60.08,6.09
4786,0.64,-891.62,-37.57,-212.66,-53.40,5.77
4787,0.48,-570.73,-32.43,-146.27,-69.51,5.77
4788,0.58,-155.18,-32.29,-89.65,-104.06,5.77
4789,0.67,-741.49,-40.05,-297.24,-135.02,5.77
4790,0.66,-589.95,-31.26,-129.84,-46.66,5.77
4791,0.72,-690.85,-26.98,-230.89,-73.06,5.45
4792,0.46,-134.30,-30.88,-62.60,-60.53,5.45
4793,0.48,-331.24,-32.09,-108.91,-77.12,5.77
4794,0.65,-610.46,-48.39,-139.65,-53.37,5.77
4795,0.59,-373.78,-31.19,-151.23,-70.22,5.13
4796,0.65,-352.86,-39.06,-111.89,-51.68,5.13
4797,0.45,-112.26,-43.02,-56.89,-47.95,5.13
4798,0.62,-1031.21,-31.48,-262.97,-40.26,5.13
4799,0.38,-601.31,-32.33,-121.24,-42.70,5.13
4800,0.43,-621.99,-32.38,-134.61,-47.77,5.13
4801,0.85,-503.03,-29.20,-108.11,-36.88,5.13
4802,0.71,-1001.19,-23.78,-395.91,-42.27,5.13
4803,0.53,-140.95,-32.73,-51.50,-38.01,5.13
4804,0.45,-137.79,-32.61,-64.58,-38.71,5.13
4805,0.54,-738.55,-34.26,-239.96,-129.98,5.13
4806,0.41,-617.09,-38.07,-156.54,-76.35,5.13
4807,0.43,-561.46,-41.16,-155.87,-115.52,5.13
4808,0.64,-1151.63,-34.72,-286.03,-41.76,5.13
4809,0.33,-615.28,-30.63,-220.12,-109.85,5.77
4810,0.45,-55.05,-32.28,-42.36,-40.50,5.77
4811,2.96,-669.41,-26.64,-134.66,-45.67,5.45
4812,0.42,-563.37,-30.56,-113.38,-41.07,5.13
4813,0.45,-58.83,-35.60,-41.30,-38.02,5.13
4814,0.56,-909.00,-29.73,-244.84,-48.78,5.13
4815,0.39,-42.66,-28.79,-34.57,-34.60,5.13
4816,0.55,-597.75,-29.42,-165.54,-120.29,5.13
4817,0.52,-627.85,-31.88,-139.10,-46.39,5.13
4818,0.47,-601.92,-33.19,-137.40,-56.00,5.13
4819,0.37,-218.14,-29.60,-66.12,-40.95,4.17
4820,0.53,-875.78,-28.98,-180.71,-41.60,4.17
4821,0.33,-537.66,-36.46,-241.09,-38.91,4.17
4822,0.59,-835.48,-30.54,-166.86,-44.23,4.17
4823,0.36,-589.21,-41.45,-144.52,-50.00,4.17
4824,0.47,-762.62,-32.52,-176.72,-41.07,5.13
4825,0.49,-900.80,-35.01,-324.97,-137.82,5.13
4826,0.32,-538.80,-40.78,-125.20,-44.84,5.13
4827,0.56,-980.48,-30.14,-245.79,-39.19,4.17
4828,0.42,-557.27,-41.53,-224.74,-127.21,4.17
4829,0.33,-548.58,-33.53,-158.82,-116.80,4.17
4830,0.62,-793.74,-32.99,-323.39,-199.84,4.17
4831,0.51,-773.17,-37.89,-242.10,-50.96,4.17
4832,0.46,-803.35,-39.73,-178.45,-52.58,4.17
4833,0.42,-114.83,-37.38,-63.24,-44.38,4.17
4834,0.77,-1122.88,-39.93,-271.55,-113.71,3.85
4835,0.38,-635.90,-29.57,-291.07,-115.32,5.13
4836,0.47,-573.70,-24.35,-130.59,-49.91,5.13
4837,0.57,-814.39,-32.12,-239.85,-42.58,5.13
4838,0.41,-123.08,-37.04,-56.15,-48.20,5.13
4839,0.41,-141.07,-32.78,-55.90,-40.02,5.13
4840,0.50,-128.50,-34.82,-55.21,-40.52,5.13
4841,0.91,-1215.90,-30.55,-447.78,-41.88,5.13
4842,0.64,-941.05,-31.48,-249.94,-58.42,5.13
4843,0.33,-604.00,-30.86,-144.63,-42.56,5.13
4844,0.50,-590.79,-38.74,-137.72,-57.48,4.17
4845,0.46,-541.08,-28.99,-122.15,-41.22,4.17
4846,0.84,-471.20,-28.88,-100.38,-41.46,4.17
4847,0.42,-597.18,-36.07,-207.29,-52.88,4.17
4848,0.62,-995.61,-37.39,-286.18,-127.59,3.85
4849,0.62,-1023.04,-38.53,-219.43,-43.15,3.85
4850,0.32,-532.75,-33.41,-116.53,-41.76,3.85
4851,0.61,-1037.20,-38.72,-405.19,-125.07,3.85
4852,0.66,-1011.17,-36.21,-388.77,-129.65,4.49
4853,0.36,-550.08,-24.80,-113.14,-43.20,4.49
4854,0.56,-959.96,-34.86,-185.31,-53.56,4.49
4855,1.20,-589.35,-36.25,-196.24,-63.56,4.49
4856,0.35,-546.43,-33.18,-124.46,-41.76,5.13
4857,0.40,-98.60,-33.48,-48.73,-42.40,6.09
4858,0.42,-570.62,-28.74,-117.76,-45.22,5.45
4859,0.75,-1188.68,-32.81,-279.10,-45.00,5.77
4860,0.43,-672.55,-26.21,-123.49,-34.40,5.77
4861,0.44,-545.07,-34.06,-137.94,-50.14,5.77
4862,0.40,-604.12,-35.41,-209.83,-55.59,5.77
4863,0.52,-559.23,-38.19,-191.09,-51.67,5.77
4864,0.61,-1096.10,-22.57,-207.02,-48.77,4.81
4865,0.49,-714.70,-37.76,-208.07,-42.33,4.81
4866,0.64,-889.38,-37.58,-327.32,-112.64,4.81
4867,0.72,-1185.28,-31.79,-231.90,-54.49,3.53
4868,0.72,-611.15,-27.30,-181.18,-112.97,3.53
4869,0.89,-1334.34,-42.30,-680.31,-566.74,3.53
4870,0.69,-1253.57,-25.69,-380.07,-132.14,3.53
4871,0.67,-750.75,-30.45,-140.07,-39.11,4.17
4872,0.43,-605.40,-35.28,-129.53,-46.04,4.49
4873,0.85,-569.06,-36.60,-269.59,-131.68,4.49
4874,0.36,-569.03,-33.57,-188.60,-44.30,4.49
4875,0.54,-1018.16,-41.03,-270.73,-50.92,4.49
4876,0.48,-633.80,-37.47,-233.44,-109.46,3.85
4877,0.60,-970.84,-33.57,-188.86,-49.28,3.85
4878,0.72,-1122.33,-37.05,-740.98,-1011.63,3.85
4879,0.41,-605.53,-30.98,-126.85,-45.85,3.85
4880,0.80,-1028.18,-39.58,-342.89,-53.31,3.85
4881,0.80,-802.15,-23.47,-417.69,-571.62,3.85
4882,0.82,-788.95,-38.72,-274.85,-56.44,3.53
4883,0.53,-640.48,-36.98,-143.60,-48.60,3.53
4884,0.63,-626.17,-35.52,-283.45,-47.70,3.85
4885,0.60,-921.11,-34.24,-497.93,-624.10,3.53
4886,0.49,-772.42,-40.03,-288.62,-112.31,3.53
4887,0.45,-574.60,-29.03,-125.90,-49.89,3.53
4888,0.49,-828.45,-28.90,-287.39,-112.73,3.53
4889,0.40,-621.26,-21.33,-147.30,-45.92,3.85
4890,0.31,-43.30,-32.21,-37.56,-38.20,3.85
4891,0.60,-1218.28,-34.90,-334.03,-152.81,3.85
4892,0.47,-854.22,-27.59,-251.41,-106.16,3.85
4893,0.50,-584.35,-35.46,-210.37,-45.14,3.85
4894,1.14,-590.95,-33.57,-206.08,-60.55,3.85
4895,0.94,-512.32,-36.73,-226.87,-113.16,3.85
4896,0.32,-157.55,-29.43,-70.32,-44.53,3.85
4897,0.49,-485.98,-29.23,-110.33,-47.48,3.85
4898,0.44,-348.59,-26.92,-82.81,-39.69,3.85
4899,0.46,-134.68,-33.26,-76.79,-63.84,3.85
4900,0.35,-262.86,-25.86,-91.25,-57.58,4.49
4901,0.39,-176.10,-31.48,-68.32,-38.08,4.49
4902,0.70,-626.55,-39.62,-153.65,-62.77,5.13
4903,0.84,-1303.17,-31.51,-224.43,-44.81,5.13
4904,0.45,-612.00,-39.85,-211.53,-52.37,4.17
4905,0.29,-594.89,-32.75,-202.97,-114.05,4.17
4906,0.42,-586.67,-39.51,-177.99,-169.07,4.17
4907,0.72,-1195.02,-38.80,-378.58,-133.35,4.17
4908,0.60,-1182.85,-41.12,-395.49,-125.04,4.17
4909,0.32,-618.06,-35.02,-172.70,-115.48,4.17
4910,0.54,-965.42,-31.11,-290.32,-131.13,4.17
4911,0.77,-86.36,-36.02,-52.54,-49.10,4.17
4912,0.44,-570.83,-38.53,-140.18,-49.81,4.49
4913,0.48,-797.01,-36.51,-238.53,-44.48,5.45
4914,0.42,-620.77,-30.76,-132.51,-51.52,5.45
4915,0.36,-566.52,-30.07,-137.64,-45.88,5.77
4916,0.39,-574.53,-38.67,-204.91,-44.68,5.77
4917,0.40,-40.76,-31.67,-36.28,-36.21,5.45
4918,0.60,-1052.85,-37.71,-291.69,-112.54,5.45
4919,0.39,-583.52,-31.21,-131.73,-43.95,5.45
4920,0.39,-612.53,-36.05,-204.26,-46.02,4.81
4921,0.30,-619.28,-35.03,-157.56,-96.10,4.81
4922,0.42,-605.44,-27.05,-274.83,-45.74,5.77
4923,0.51,-460.77,-35.65,-126.34,-74.20,5.77
4924,0.57,-129.54,-30.98,-67.91,-52.60,5.13
4925,0.36,-135.06,-34.22,-68.13,-49.17,5.45
4926,0.68,-114.23,-35.62,-52.42,-44.66,5.45
4927,0.55,-49.25,-23.65,-39.36,-39.29,5.13
4928,0.48,-776.76,-31.78,-157.80,-41.81,5.13
4929,0.43,-622.13,-27.90,-134.18,-43.75,5.13
4930,0.59,-906.44,-31.97,-298.70,-56.33,4.49
4931,0.37,-588.31,-28.24,-187.10,-39.29,4.49
4932,0.58,-885.70,-44.11,-191.26,-67.39,4.49
4933,0.78,-1192.25,-34.34,-326.79,-41.22,4.49
4934,0.66,-63.70,-32.48,-46.93,-47.98,4.49
4935,0.51,-132.26,-33.64,-51.01,-40.26,4.81
4936,0.83,-579.91,-31.08,-138.91,-48.68,5.45
4937,0.67,-810.06,-34.53,-163.66,-44.68,5.45
4938,0.49,-111.93,-31.33,-55.09,-44.66,5.45
4939,0.42,-599.36,-39.28,-146.72,-54.63,5.45
4940,0.53,-918.65,-32.78,-274.43,-129.87,5.45
4941,0.40,-178.21,-32.79,-85.68,-47.76,5.45
4942,0.66,-1095.58,-22.79,-276.18,-47.28,5.45
4943,0.42,-578.70,-33.67,-194.31,-45.14,5.77
4944,0.42,-569.08,-35.01,-115.54,-39.79,5.13
4945,0.47,-52.43,-32.07,-42.07,-45.88,4.81
4946,0.53,-990.34,-33.48,-254.92,-47.10,4.81
4947,0.86,-713.85,-41.08,-160.48,-45.58,4.81
4948,0.33,-577.01,-39.28,-219.48,-134.53,4.81
4949,0.33,-600.76,-31.42,-128.02,-36.59,4.81
4950,0.64,-568.10,-35.12,-131.15,-48.69,4.49
4951,0.72,-1018.43,-34.12,-216.79,-41.04,4.49
4952,0.60,-613.69,-34.67,-226.63,-109.13,4.49
4953,0.41,-684.14,-27.06,-290.48,-48.82,4.49
4954,0.43,-635.12,-31.69,-207.79,-44.07,4.49
4955,0.47,-807.13,-31.35,-246.76,-46.91,4.49
4956,0.44,-62.01,-28.98,-42.45,-44.10,4.49
4957,0.56,-899.92,-28.03,-242.66,-43.83,4.49
4958,0.41,-637.79,-36.76,-217.80,-57.14,4.49
4959,0.42,-609.55,-27.05,-141.90,-46.77,4.49
4960,0.50,-801.67,-37.03,-242.65,-44.50,4.49
4961,0.95,-495.29,-38.40,-119.49,-53.19,4.49
4962,0.39,-615.45,-32.74,-273.42,-41.65,4.49
4963,0.40,-65.81,-31.45,-40.99,-36.72,4.49
4964,0.48,-826.53,-35.74,-165.67,-38.14,4.81
4965,0.69,-1074.23,-36.88,-211.57,-42.94,4.81
4966,0.50,-861.27,-33.82,-167.20,-43.94,4.49
4967,0.68,-729.27,-28.41,-217.65,-49.03,4.49
4968,0.42,-555.55,-37.75,-138.39,-47.51,4.49
4969,0.37,-607.83,-32.53,-284.88,-82.60,4.49
4970,0.32,-611.08,-38.40,-148.32,-56.67,4.49
4971,0.55,-880.12,-30.07,-322.18,-58.04,4.49
4972,0.40,-113.96,-24.90,-49.52,-40.32,4.49
4973,0.39,-602.52,-37.61,-145.93,-42.22,4.49
4974,0.55,-895.24,-38.99,-347.07,-145.77,4.49
4975,0.46,-811.23,-25.86,-384.89,-576.16,4.49
4976,0.47,-794.33,-34.61,-170.68,-46.36,4.81
4977,0.40,-614.88,-34.15,-299.22,-134.87,4.81
4978,0.56,-994.04,-37.47,-181.65,-44.89,4.81
4979,0.33,-578.33,-32.99,-135.41,-41.03,5.13
4980,0.74,-1086.04,-32.31,-247.03,-45.71,5.13
4981,0.43,-580.71,-29.93,-117.01,-40.18,5.45
4982,0.42,-181.37,-30.96,-58.26,-39.03,5.45
4983,0.43,-563.02,-37.23,-137.32,-44.45,5.45
4984,0.42,-611.78,-30.78,-131.74,-42.06,5.45
4985,0.41,-111.09,-32.41,-59.78,-43.18,5.45
4986,0.41,-760.31,-31.97,-223.55,-45.65,4.49
4987,0.41,-601.39,-33.54,-145.14,-46.90,4.49
4988,0.47,-562.34,-32.47,-114.01,-40.05,4.49
4989,0.52,-849.89,-38.32,-169.31,-44.00,4.49
4990,0.66,-1255.29,-33.12,-306.88,-43.04,4.49
4991,0.63,-792.70,-32.05,-146.77,-38.35,3.21
4992,0.29,-597.19,-41.86,-293.04,-146.83,3.21
4993,0.43,-546.67,-29.21,-146.54,-52.06,3.21
4994,0.55,-1039.37,-30.15,-288.51,-111.23,3.21
4995,0.36,-565.14,-33.85,-147.44,-112.96,4.49
4996,0.53,-799.86,-26.82,-239.62,-39.01,4.49
4997,0.43,-616.33,-34.69,-206.27,-54.54,4.49
4998,0.64,-1031.73,-29.68,-348.15,-114.84,4.49
4999,0.49,-839.60,-41.55,-248.15,-54.06,4.49
5000,0.62,-1081.16,-35.34,-189.68,-41.54,4.49
5001,0.45,-112.91,-34.19,-52.62,-42.35,4.49
5002,0.55,-203.19,-21.68,-68.22,-35.06,4.81
5003,0.44,-111.69,-34.86,-52.01,-44.36,5.13
5004,0.46,-614.60,-31.49,-122.38,-39.54,5.13
5005,0.49,-884.64,-40.19,-264.24,-111.81,5.13
5006,0.70,-601.84,-35.83,-210.49,-53.62,5.13
5007,0.65,-625.99,-35.49,-204.72,-49.39,5.13
5008,0.57,-1021.69,-33.46,-264.12,-39.69,5.13
5009,0.43,-51.67,-30.12,-38.74,-36.05,5.13
5010,0.33,-570.86,-34.44,-203.17,-44.67,5.13
5011,0.79,-1259.85,-28.91,-224.49,-40.74,5.13
5012,0.32,-573.13,-28.15,-122.56,-33.47,5.13
5013,0.33,-560.86,-35.53,-151.14,-58.53,5.13
5014,1.10,-97.74,-30.89,-52.69,-45.23,5.13
5015,0.37,-59.46,-33.35,-45.50,-41.19,5.13
5016,0.76,-716.25,-35.15,-250.38,-114.30,5.13
5017,0.73,-1244.32,-29.93,-246.87,-109.60,5.45
5018,0.38,-49.88,-28.80,-39.69,-40.27,5.77
5019,0.65,-1076.92,-39.24,-192.20,-45.18,5.77
5020,0.52,-45.90,-32.49,-38.44,-36.93,5.77
5021,0.45,-560.51,-35.06,-126.61,-44.08,5.77
5022,0.33,-111.18,-34.70,-58.82,-43.12,5.77
5023,0.43,-131.29,-33.86,-69.82,-59.36,5.77
5024,0.80,-1222.77,-36.36,-325.13,-45.34,5.45
5025,0.73,-1170.10,-34.65,-204.50,-45.36,5.45
5026,0.40,-116.25,-29.80,-48.59,-37.79,5.45
5027,0.40,-134.74,-25.69,-63.78,-43.94,6.09
5028,0.54,-136.43,-29.52,-67.85,-55.56,5.13
5029,0.44,-396.38,-31.19,-116.79,-57.23,5.13
5030,0.45,-166.99,-32.64,-57.54,-37.85,4.81
5031,0.42,-605.41,-26.94,-134.23,-57.14,4.81
5032,0.52,-590.18,-32.78,-127.54,-40.52,4.81
5033,0.51,-899.58,-30.09,-261.71,-112.68,4.81
5034,0.64,-874.09,-33.66,-232.09,-39.69,3.85
5035,0.52,-794.15,-31.05,-248.68,-112.32,3.85
5036,0.82,-1152.64,-35.23,-334.76,-141.12,3.85
5037,0.31,-633.67,-32.42,-367.58,-586.12,3.85
5038,0.31,-574.12,-32.05,-127.59,-36.59,3.85
5039,0.37,-619.37,-38.91,-211.71,-44.80,3.85
5040,0.43,-616.69,-37.20,-217.15,-56.30,3.85
5041,0.47,-790.79,-35.89,-305.10,-54.96,5.13
5042,0.70,-662.50,-34.26,-200.69,-47.33,4.81
5043,0.67,-597.73,-30.02,-122.48,-47.59,4.49
5044,0.72,-1121.87,-35.88,-208.44,-41.51,4.49
5045,0.35,-185.34,-35.54,-73.14,-42.94,4.49
5046,0.41,-130.80,-33.66,-52.02,-39.26,4.49
5047,0.34,-632.16,-30.18,-212.54,-43.49,4.49
5048,0.30,-596.48,-43.86,-314.04,-195.54,4.49
5049,0.79,-1366.09,-37.14,-399.22,-124.71,4.17
5050,0.80,-701.07,-32.99,-236.84,-46.36,4.17
5051,0.53,-901.27,-24.45,-182.42,-56.56,4.17
5052,0.77,-629.24,-34.62,-210.90,-77.08,4.17
5053,0.52,-575.89,-32.72,-265.99,-52.50,4.17
5054,0.40,-618.78,-36.49,-143.64,-49.87,4.17
5055,0.59,-552.21,-34.98,-125.87,-44.56,4.17
5056,0.48,-598.83,-36.72,-134.75,-47.89,4.17
5057,0.47,-610.38,-33.71,-270.66,-40.03,4.17
5058,0.57,-1020.71,-24.88,-366.43,-115.81,4.17
5059,0.83,-1464.12,-28.12,-338.61,-69.55,4.81
5060,0.72,-808.23,-25.02,-203.59,-40.21,4.81
5061,0.34,-113.33,-30.31,-47.74,-37.55,4.81
5062,0.42,-608.76,-31.61,-209.06,-53.85,4.81
5063,0.43,-636.75,-39.84,-153.05,-55.85,4.17
5064,0.69,-1169.77,-39.26,-279.70,-47.23,4.17
5065,0.52,-578.81,-25.59,-129.80,-43.20,4.17
5066,0.38,-612.32,-36.40,-285.19,-61.38,5.13
5067,0.56,-627.24,-28.80,-129.17,-42.02,4.49
5068,0.71,-1300.92,-27.84,-297.73,-46.48,4.49
5069,0.41,-111.14,-35.32,-51.05,-41.87,4.49
5070,1.15,-614.19,-38.05,-211.96,-112.88,4.49
5071,0.34,-623.54,-34.67,-156.66,-45.90,4.49
5072,0.41,-608.21,-32.66,-134.87,-49.80,4.49
5073,0.40,-577.81,-37.84,-193.40,-54.39,3.85
5074,0.77,-1495.52,-36.56,-365.60,-111.21,4.17
5075,0.84,-1453.76,-30.33,-455.46,-49.29,4.17
5076,0.32,-622.37,-34.56,-237.55,-125.51,4.17
5077,0.53,-965.25,-30.30,-268.64,-119.34,4.49
5078,0.42,-691.02,-32.65,-285.73,-63.35,4.81
5079,0.34,-587.03,-33.22,-205.38,-91.26,4.81
5080,0.37,-582.17,-37.54,-120.61,-42.10,5.13
5081,0.57,-128.13,-30.23,-53.03,-41.57,5.13
5082,0.32,-593.34,-35.09,-295.19,-123.86,5.13
5083,0.45,-608.95,-26.94,-222.71,-121.66,5.13
5084,0.54,-767.03,-25.71,-311.73,-118.01,5.13
5085,0.41,-625.90,-31.62,-151.29,-54.57,4.81
5086,0.81,-1412.30,-50.31,-600.03,-559.54,4.81
5087,0.67,-929.81,-34.24,-253.61,-47.61,4.81
5088,0.50,-903.72,-33.44,-406.74,-124.72,4.81
5089,0.35,-638.25,-32.23,-208.72,-42.45,4.81
5090,0.44,-582.18,-41.62,-200.49,-56.10,4.81
5091,1.04,-605.48,-32.25,-301.84,-129.02,4.81
5092,0.35,-646.55,-31.57,-159.24,-60.18,4.81
5093,0.45,-772.32,-42.54,-238.99,-46.03,4.81
5094,1.40,-588.23,-36.60,-197.40,-44.90,4.81
5095,0.49,-587.66,-36.51,-128.86,-40.86,5.13
5096,0.40,-592.33,-25.13,-128.44,-42.02,5.13
5097,0.68,-624.13,-34.46,-155.37,-46.74,6.09
5098,0.55,-119.15,-32.61,-51.54,-39.46,6.09
5099,0.38,-555.06,-29.89,-110.71,-35.32,5.45
5100,0.72,-728.91,-31.31,-148.30,-47.75,5.45
5101,0.37,-600.81,-26.95,-241.50,-127.69,5.45
5102,0.46,-596.13,-34.51,-132.23,-43.65,5.45
5103,0.75,-1432.98,-26.94,-252.35,-47.62,5.45
5104,0.50,-107.33,-34.05,-63.61,-49.46,5.45
5105,1.36,-641.78,-36.85,-289.14,-67.58,5.45
5106,0.46,-172.50,-34.40,-81.93,-50.81,5.45
5107,0.71,-1285.66,-29.75,-476.76,-176.20,5.45
5108,0.71,-591.44,-38.67,-136.07,-46.32,5.45
5109,0.66,-952.02,-36.84,-322.12,-131.74,4.81
5110,0.65,-909.05,-28.73,-248.16,-43.32,5.13
5111,0.61,-1019.92,-33.31,-393.22,-407.55,5.13
5112,0.42,-602.11,-26.43,-127.32,-37.74,5.13
5113,0.51,-889.00,-28.10,-236.94,-42.09,5.45
5114,0.52,-822.06,-30.30,-152.39,-37.35,5.45
5115,0.45,-550.47,-32.67,-136.36,-44.58,5.45
5116,0.43,-66.40,-29.87,-40.87,-34.16,5.45
5117,0.48,-538.76,-39.15,-114.00,-43.55,5.45
5118,0.39,-132.91,-33.25,-64.60,-42.69,5.45
5119,0.93,-755.01,-36.22,-194.21,-126.65,5.45
5120,0.72,-1220.58,-35.17,-304.61,-41.47,6.41
5121,0.34,-603.38,-35.15,-274.45,-50.41,6.41
5122,0.44,-119.56,-29.51,-51.87,-43.99,6.41
5123,0.49,-555.55,-33.17,-113.53,-37.58,6.41
5124,0.47,-575.91,-37.35,-133.13,-51.49,6.41
5125,0.40,-139.88,-37.55,-55.30,-40.47,6.41
5126,0.43,-56.76,-31.34,-44.05,-44.91,6.41
5127,0.51,-829.22,-30.12,-163.66,-46.90,6.41
5128,0.46,-606.85,-35.73,-199.90,-41.00,6.41
5129,0.39,-113.36,-37.35,-51.47,-43.37,6.41
5130,0.73,-534.30,-21.83,-140.61,-45.57,6.09
5131,0.61,-994.50,-35.99,-188.45,-47.21,6.09
5132,0.72,-600.06,-28.52,-207.82,-55.43,6.09
5133,0.60,-597.65,-39.71,-123.53,-45.26,6.41
5134,0.45,-615.06,-41.86,-157.81,-51.32,6.41
5135,0.47,-604.54,-31.04,-188.17,-41.76,6.41
5136,0.54,-929.72,-34.35,-260.99,-49.99,5.77
5137,0.72,-680.24,-35.33,-282.06,-48.32,5.77
5138,0.48,-594.79,-31.14,-195.33,-39.42,5.77
5139,0.47,-604.81,-32.53,-128.43,-49.91,5.77
5140,0.58,-330.69,-35.32,-102.99,-51.90,5.77
5141,0.34,-607.90,-38.89,-224.14,-101.54,5.77
5142,0.48,-53.77,-31.53,-41.75,-41.43,5.77
5143,0.46,-144.40,-30.25,-69.89,-49.24,5.77
5144,0.46,-767.77,-30.27,-170.55,-57.00,5.77
5145,0.81,-1054.90,-29.41,-267.39,-47.15,5.77
5146,0.40,-114.85,-30.96,-46.84,-36.22,5.77
5147,0.58,-107.78,-31.90,-53.37,-45.13,5.77
5148,0.56,-603.06,-36.15,-180.78,-46.11,5.77
5149,0.91,-1042.01,-26.92,-338.91,-47.40,5.77
5150,0.43,-557.32,-28.15,-199.70,-46.56,5.77
5151,0.41,-114.66,-31.26,-51.22,-43.55,5.77
5152,0.72,-1187.95,-35.50,-231.04,-49.05,5.77
5153,0.40,-95.95,-32.99,-52.55,-44.61,5.77
5154,0.56,-906.05,-33.73,-163.67,-38.78,5.77
5155,0.71,-658.54,-31.98,-126.76,-39.68,5.77
5156,0.37,-587.95,-36.47,-200.68,-43.47,5.77
5157,0.52,-811.80,-35.30,-250.14,-131.42,5.13
5158,0.65,-1146.37,-32.00,-416.01,-42.06,4.49
5159,0.44,-618.93,-31.07,-211.59,-39.34,4.49
5160,1.13,-1303.36,-34.88,-238.52,-52.66,4.81
5161,0.57,-1065.68,-29.89,-292.26,-40.44,4.81
5162,0.40,-616.51,-33.87,-200.92,-43.45,5.13
5163,0.86,-1400.93,-35.73,-250.85,-56.59,5.13
5164,0.39,-587.84,-30.01,-126.71,-40.02,4.81
5165,0.42,-131.81,-34.81,-54.47,-42.25,4.81
5166,0.52,-359.54,-33.05,-98.74,-41.88,4.81
5167,0.44,-114.13,-36.75,-55.16,-49.14,4.81
5168,0.59,-889.76,-25.58,-337.65,-54.46,5.13
5169,0.40,-572.90,-36.63,-116.37,-41.49,4.81
5170,1.35,-545.47,-30.13,-126.25,-46.59,4.81
5171,0.59,-113.33,-35.42,-54.84,-44.17,4.81
5172,0.74,-865.48,-29.92,-228.13,-42.47,5.45
5173,0.41,-616.96,-34.28,-147.86,-43.68,3.85
5174,0.52,-869.62,-49.84,-267.62,-107.01,3.85
5175,0.40,-129.09,-32.49,-55.14,-47.42,3.85
5176,0.76,-1213.85,-27.77,-345.79,-49.69,4.17
5177,0.63,-1210.88,-41.95,-376.12,-56.52,4.17
5178,0.44,-591.72,-30.01,-133.26,-41.03,4.17
5179,0.77,-816.71,-45.23,-341.12,-119.28,3.85
5180,0.38,-566.30,-39.90,-152.00,-121.44,3.85
5181,0.44,-789.83,-39.29,-259.62,-123.34,3.85
5182,0.55,-623.33,-40.54,-173.33,-119.64,3.85
5183,0.37,-576.94,-27.65,-136.81,-35.85,3.85
5184,0.41,-801.88,-30.60,-238.49,-37.32,3.85
5185,1.47,-1427.06,-51.15,-385.93,-110.39,3.85
5186,1.01,-1160.08,-43.88,-501.06,-456.25,3.85
5187,0.69,-877.27,-36.07,-290.97,-111.04,4.17
5188,0.52,-840.40,-29.64,-152.75,-37.61,4.17
5189,0.33,-630.96,-32.81,-287.45,-121.51,4.49
5190,0.47,-622.85,-34.37,-293.35,-115.12,4.17
5191,0.74,-1262.27,-31.52,-407.11,-141.33,4.17
5192,0.47,-591.60,-34.81,-202.72,-124.56,4.17
5193,0.36,-585.21,-30.24,-147.72,-109.09,4.81
5194,0.74,-974.67,-27.97,-311.86,-57.98,4.81
5195,0.31,-585.24,-29.58,-341.51,-551.20,4.81
5196,0.41,-611.07,-37.91,-224.18,-113.87,4.81
5197,0.42,-59.17,-35.85,-44.96,-41.52,4.81
5198,0.72,-634.39,-41.54,-138.38,-46.04,4.81
5199,0.41,-131.14,-34.38,-62.86,-40.12,4.49
5200,0.63,-1135.41,-32.67,-273.90,-46.51,4.49
5201,0.42,-594.90,-40.18,-193.99,-116.39,4.49
5202,0.40,-560.05,-37.62,-126.83,-46.54,4.49
5203,0.43,-122.90,-27.64,-61.05,-46.09,4.49
5204,0.43,-792.24,-32.83,-150.04,-40.33,4.49
5205,0.83,-1195.20,-37.32,-256.92,-126.25,4.49
5206,0.42,-185.18,-25.56,-70.24,-41.07,4.49
5207,0.81,-1205.11,-33.24,-329.81,-115.03,4.81
5208,0.58,-552.08,-41.06,-128.02,-50.88,4.81
5209,0.72,-578.10,-26.90,-128.55,-42.09,4.81
5210,0.29,-589.96,-33.21,-213.04,-80.91,4.81
5211,0.46,-124.92,-30.57,-56.55,-45.78,4.81
5212,0.66,-122.66,-25.30,-70.88,-53.24,4.81
5213,0.36,-113.25,-38.73,-72.59,-53.29,5.13
5214,0.34,-195.99,-29.38,-59.56,-35.30,4.81
5215,0.58,-547.77,-36.61,-126.83,-51.40,4.81
5216,0.72,-1223.75,-29.33,-217.73,-39.29,5.13
5217,0.42,-622.17,-25.08,-131.32,-47.18,4.49
5218,0.57,-993.34,-33.09,-264.01,-47.94,4.49
5219,0.78,-1333.71,-33.48,-263.56,-42.70,4.49
5220,0.34,-606.02,-36.93,-214.58,-49.13,4.49
5221,1.16,-544.79,-40.78,-149.25,-109.26,4.49
5222,0.53,-1008.76,-31.81,-278.33,-36.71,4.49
5223,0.39,-597.01,-26.54,-135.64,-52.30,4.49
5224,0.41,-552.77,-33.00,-113.28,-40.74,4.49
5225,0.83,-615.89,-39.86,-277.80,-42.13,4.49
5226,0.60,-855.88,-33.94,-179.69,-45.70,4.81
5227,0.43,-549.64,-37.82,-149.84,-102.11,4.81
5228,0.49,-112.31,-31.14,-50.99,-46.13,5.13
5229,0.47,-552.13,-31.19,-139.07,-44.34,5.13
5230,0.50,-863.87,-32.96,-228.78,-49.35,5.13
5231,0.41,-46.46,-22.17,-35.59,-36.87,5.13
5232,0.40,-176.65,-29.07,-57.92,-40.73,5.13
5233,0.63,-1171.68,-38.75,-215.13,-47.35,4.81
5234,0.38,-107.70,-30.80,-50.19,-43.78,4.81
5235,0.34,-624.20,-37.46,-207.72,-49.49,5.13
5236,0.54,-581.52,-33.47,-135.89,-45.89,5.13
5237,0.54,-979.56,-38.47,-227.92,-90.57,5.13
5238,0.43,-109.24,-36.00,-49.44,-39.37,5.13
5239,0.84,-125.89,-36.63,-55.43,-45.43,4.81
5240,0.62,-652.80,-43.68,-298.74,-109.83,4.81
5241,0.75,-1092.53,-34.06,-211.56,-39.60,4.81
5242,0.68,-798.91,-37.67,-237.63,-45.80,4.81
5243,0.45,-601.12,-37.53,-125.84,-50.37,4.81
5244,0.47,-817.89,-34.33,-150.86,-38.95,5.45
5245,0.69,-1100.67,-35.82,-280.25,-47.45,5.45
5246,0.88,-1025.45,-36.25,-370.75,-50.54,4.49
5247,0.88,-1485.01,-32.36,-416.51,-117.33,4.49
5248,0.62,-1124.95,-31.22,-217.71,-43.62,4.49
5249,0.43,-715.96,-37.03,-164.53,-50.05,4.49
5250,0.76,-1288.32,-31.45,-305.29,-49.41,6.09
5251,0.47,-648.39,-24.62,-206.85,-49.56,6.09
5252,0.70,-544.38,-34.42,-112.54,-38.56,6.09
5253,0.65,-123.94,-33.12,-52.88,-44.60,5.13
5254,0.36,-585.53,-44.07,-137.07,-48.63,5.13
5255,0.65,-1000.75,-32.50,-203.14,-45.19,5.13
5256,0.73,-924.34,-20.66,-259.95,-121.81,5.13
5257,0.61,-1085.85,-34.06,-192.88,-43.21,5.13
5258,0.43,-617.40,-38.09,-126.58,-43.49,5.13
5259,0.49,-588.04,-41.40,-134.09,-51.16,5.13
5260,0.84,-634.14,-33.43,-211.63,-43.69,5.45
5261,0.49,-862.52,-36.16,-166.21,-41.72,4.81
5262,0.66,-1191.56,-32.23,-301.00,-78.07,4.81
5263,0.43,-112.92,-33.70,-62.01,-53.69,4.81
5264,0.77,-627.74,-54.68,-247.61,-123.43,4.81
5265,0.42,-594.46,-25.49,-120.23,-40.41,4.81
5266,0.41,-617.82,-45.73,-232.35,-124.18,5.77
5267,0.59,-826.62,-36.07,-155.80,-44.48,5.77
5268,0.40,-575.97,-34.30,-144.27,-47.15,6.09
5269,0.58,-942.56,-33.66,-177.38,-44.49,5.13
5270,0.36,-131.36,-28.12,-73.06,-44.35,4.17
5271,0.29,-138.82,-29.35,-74.83,-47.36,4.17
5272,1.51,-1080.87,-40.73,-349.55,-57.09,4.49
5273,0.49,-836.32,-32.51,-200.46,-113.50,6.73
5274,0.42,-130.74,-38.10,-65.32,-42.67,6.73
5275,0.51,-44.77,-33.35,-40.20,-41.18,6.73
5276,0.65,-966.83,-28.55,-180.46,-38.83,6.73
5277,0.71,-46.93,-31.95,-40.69,-41.27,6.73
5278,0.33,-579.64,-29.14,-191.50,-38.18,6.73
5279,0.44,-624.49,-30.69,-135.37,-44.28,6.73
5280,0.65,-851.36,-34.87,-169.74,-40.86,5.45
5281,0.38,-620.04,-35.22,-208.89,-39.77,6.09
5282,0.43,-627.36,-33.87,-291.90,-118.25,6.09
5283,0.40,-566.92,-26.50,-115.83,-47.02,6.09
5284,0.58,-47.97,-30.24,-39.78,-40.93,6.09
5285,0.84,-1194.13,-37.11,-348.59,-135.32,6.73
5286,0.50,-675.34,-27.24,-218.98,-41.56,6.73
5287,0.41,-134.77,-32.20,-67.32,-45.41,6.73
5288,0.37,-600.72,-27.76,-190.38,-41.16,6.41
5289,0.64,-889.29,-34.84,-161.79,-39.78,6.41
5290,0.63,-936.39,-32.73,-189.43,-58.67,6.41
5291,0.54,-52.34,-29.44,-40.45,-42.03,6.41
5292,0.83,-478.02,-30.84,-103.91,-41.03,6.41
5293,0.45,-584.64,-27.96,-118.14,-45.18,5.77
5294,0.43,-590.04,-32.92,-120.11,-44.55,5.77
5295,0.33,-112.22,-32.64,-50.24,-34.78,5.77
5296,0.35,-635.77,-34.41,-234.58,-135.08,4.49
5297,0.56,-946.70,-38.97,-299.79,-140.79,4.49
5298,0.35,-114.22,-28.39,-49.00,-38.43,5.13
5299,0.75,-1059.37,-33.17,-232.49,-42.01,5.13
5300,0.58,-141.03,-37.34,-91.97,-114.43,5.13
5301,0.52,-768.90,-28.38,-145.96,-38.03,5.13
5302,0.45,-750.14,-34.53,-216.41,-36.87,5.13
5303,0.56,-45.75,-31.23,-39.64,-41.90,5.13
5304,0.44,-630.56,-27.41,-139.06,-56.41,5.13
5305,0.50,-962.20,-36.97,-268.70,-112.74,5.13
5306,0.64,-1227.31,-30.12,-217.96,-37.20,5.13
5307,0.35,-139.82,-32.03,-52.64,-38.60,5.13
5308,0.40,-202.57,-34.14,-70.56,-39.71,4.49
5309,0.50,-797.72,-31.41,-230.56,-41.79,4.49
5310,0.31,-631.28,-35.24,-289.49,-107.94,4.49
5311,0.55,-925.93,-29.78,-259.58,-49.73,4.49
5312,0.52,-977.12,-27.79,-195.26,-55.06,4.49
5313,0.39,-122.77,-35.00,-66.47,-44.27,4.81
5314,0.38,-624.50,-33.59,-195.28,-51.89,4.81
5315,0.42,-628.59,-40.88,-223.59,-121.97,4.81
5316,0.44,-556.92,-32.77,-112.73,-39.59,6.41
5317,0.38,-113.62,-35.98,-56.26,-48.10,6.41
5318,0.44,-51.19,-39.59,-43.63,-41.90,6.09
5319,0.53,-783.57,-24.25,-148.93,-48.19,6.09
5320,0.35,-627.01,-30.62,-286.40,-74.21,5.45
5321,0.79,-1149.51,-28.88,-204.72,-34.76,5.45
5322,0.55,-934.67,-25.30,-178.45,-41.44,5.45
5323,0.38,-562.45,-30.55,-135.72,-50.72,4.49
5324,0.81,-608.43,-43.57,-210.66,-112.02,4.49
5325,0.34,-640.81,-38.89,-220.42,-70.25,4.49
5326,0.69,-1020.07,-30.67,-371.40,-46.12,4.81
5327,0.45,-592.58,-32.00,-209.99,-60.06,5.13
5328,0.91,-1211.81,-39.10,-230.88,-51.38,5.13
5329,0.65,-1043.34,-34.57,-189.59,-46.49,4.81
5330,0.52,-815.46,-30.80,-256.16,-46.02,4.81
5331,1.12,-582.53,-29.80,-120.41,-42.95,5.45
5332,0.41,-636.80,-28.58,-205.15,-37.77,5.45
5333,0.70,-967.44,-31.96,-276.17,-60.41,5.45
5334,0.71,-858.46,-38.14,-242.34,-46.48,5.13
5335,0.61,-818.46,-29.77,-318.71,-38.20,5.13
5336,0.63,-881.36,-31.46,-321.13,-47.91,5.13
5337,0.58,-845.09,-40.09,-348.93,-46.58,5.13
5338,0.32,-133.27,-38.41,-79.52,-59.36,5.13
5339,0.58,-861.57,-38.07,-180.84,-42.87,5.13
5340,0.33,-566.25,-31.11,-207.39,-98.91,4.81
5341,0.36,-608.34,-39.37,-146.47,-48.78,4.81
5342,0.60,-1082.33,-35.34,-352.05,-44.99,4.81
5343,0.65,-584.54,-23.02,-131.45,-51.27,4.49
5344,0.59,-983.10,-39.09,-181.24,-42.37,4.49
5345,0.40,-211.88,-27.05,-92.85,-67.05,4.49
5346,0.37,-544.56,-33.47,-111.92,-41.69,4.49
5347,0.43,-769.81,-37.24,-301.98,-49.18,4.49
5348,0.48,-624.90,-41.71,-168.47,-115.05,4.49
5349,0.38,-607.36,-30.29,-150.32,-94.47,4.49
5350,0.53,-761.25,-33.04,-153.97,-40.75,4.49
5351,0.52,-875.64,-30.95,-231.46,-43.68,4.49
5352,0.62,-1016.16,-37.15,-276.46,-58.08,4.49
5353,0.46,-130.96,-37.47,-78.02,-42.91,4.49
5354,0.45,-822.65,-30.72,-299.10,-44.68,5.45
5355,0.61,-600.42,-25.64,-201.08,-54.41,5.45
5356,0.35,-363.44,-27.00,-98.13,-48.03,5.45
5357,0.41,-614.05,-36.44,-135.76,-42.06,5.45
5358,0.36,-140.09,-30.21,-66.11,-40.36,5.45
5359,0.32,-610.17,-31.18,-133.27,-39.14,5.45
5360,0.40,-113.97,-28.63,-61.62,-38.60,5.45
5361,0.68,-414.83,-36.86,-109.85,-53.29,4.81
5362,0.66,-1222.07,-36.86,-222.27,-42.33,5.13
5363,0.59,-607.00,-26.21,-140.83,-42.42,4.17
5364,0.61,-1078.35,-31.99,-279.62,-85.83,4.17
5365,0.37,-579.49,-31.18,-184.96,-40.89,4.17
5366,0.71,-874.66,-32.30,-170.56,-45.62,4.17
5367,0.42,-572.56,-32.73,-129.15,-41.17,4.17
5368,0.36,-618.34,-33.00,-213.07,-49.29,4.81
5369,0.45,-738.48,-32.98,-175.88,-113.32,4.81
5370,0.73,-583.08,-30.71,-170.21,-42.61,4.81
5371,0.94,-1318.55,-31.05,-233.83,-43.82,4.81
5372,0.45,-568.33,-33.61,-125.80,-43.97,4.81
5373,0.42,-655.34,-39.90,-177.97,-123.40,4.17
5374,0.58,-897.06,-45.91,-207.11,-95.60,4.17
5375,0.54,-1000.63,-39.75,-201.75,-44.77,4.17
5376,0.41,-593.64,-41.82,-196.66,-47.30,4.17
5377,0.73,-450.35,-30.29,-120.63,-54.35,4.49
5378,0.56,-959.76,-36.64,-198.70,-56.45,4.49
5379,0.45,-621.51,-31.37,-125.92,-46.07,4.17
5380,0.65,-985.43,-33.88,-303.50,-47.04,5.13
5381,0.50,-612.42,-29.18,-200.21,-47.92,5.13
5382,0.69,-1283.12,-31.49,-352.41,-131.74,5.13
5383,0.51,-798.04,-32.00,-233.20,-41.28,6.41
5384,0.34,-593.08,-30.16,-203.86,-42.00,5.45
5385,0.43,-623.04,-31.38,-143.04,-47.29,5.45
5386,0.32,-552.03,-28.72,-152.14,-45.46,4.49
5387,0.30,-591.12,-31.62,-204.58,-119.59,4.49
5388,0.37,-611.73,-38.56,-214.22,-50.62,4.49
5389,0.45,-603.31,-33.00,-204.33,-53.14,4.49
5390,0.33,-58.11,-26.37,-38.54,-37.27,5.13
5391,0.30,-614.54,-35.86,-158.29,-112.53,5.13
5392,0.63,-520.41,-33.09,-145.86,-112.61,5.13
5393,0.49,-624.04,-39.17,-221.57,-113.21,5.13
5394,0.50,-937.75,-32.34,-248.91,-50.33,5.13
5395,0.39,-115.57,-34.16,-62.53,-42.58,5.45
5396,0.50,-583.08,-40.36,-212.08,-48.02,5.45
5397,0.73,-605.42,-32.96,-210.58,-63.54,5.45
5398,0.48,-630.92,-36.64,-209.37,-57.02,5.45
5399,0.39,-612.94,-34.18,-224.28,-119.22,5.45
5400,0.60,-472.58,-31.58,-158.31,-44.18,5.45
5401,0.50,-852.17,-32.60,-185.77,-64.47,5.45
5402,0.43,-138.38,-31.11,-52.42,-34.90,4.17
5403,0.55,-940.97,-40.76,-271.87,-126.74,4.17
5404,0.30,-570.69,-28.71,-155.70,-113.09,5.77
5405,0.59,-996.11,-37.02,-338.98,-55.47,5.77
5406,0.48,-136.09,-35.79,-56.50,-46.59,5.77
5407,0.42,-45.91,-28.91,-38.06,-37.44,5.77
5408,0.65,-859.80,-34.77,-157.50,-41.35,5.77
5409,0.36,-129.69,-31.45,-62.77,-42.90,5.77
5410,0.42,-111.16,-36.91,-54.66,-43.80,5.77
5411,0.62,-875.29,-37.34,-277.55,-50.42,4.81
5412,0.38,-590.78,-34.08,-132.36,-42.62,4.81
5413,0.75,-828.43,-34.02,-200.33,-46.50,4.81
5414,0.91,-602.89,-35.74,-187.38,-42.72,4.81
5415,0.48,-788.56,-35.24,-244.88,-43.20,4.81
5416,0.77,-1158.27,-36.93,-623.55,-698.92,4.81
5417,0.42,-112.83,-39.95,-59.22,-44.42,4.81
5418,0.77,-862.63,-34.67,-367.76,-130.20,4.81
5419,0.77,-919.16,-32.55,-254.07,-49.44,4.81
5420,0.84,-1046.92,-35.34,-261.85,-48.48,4.81
5421,0.73,-1134.00,-35.55,-213.09,-52.02,4.81
5422,0.31,-595.84,-25.26,-204.13,-46.64,4.81
5423,0.39,-147.50,-34.56,-59.43,-42.09,4.81
5424,0.48,-857.30,-33.26,-159.97,-44.70,4.81
5425,0.63,-191.27,-25.94,-70.18,-41.63,4.81
5426,0.39,-114.07,-33.83,-65.69,-51.38,4.49
5427,0.44,-597.88,-28.91,-115.10,-35.90,4.49
5428,0.48,-812.07,-36.32,-246.32,-110.93,4.49
5429,0.58,-62.23,-31.56,-40.75,-37.48,4.49
5430,0.42,-71.16,-33.19,-49.40,-48.94,4.17
5431,0.68,-889.95,-30.11,-162.52,-46.40,4.17
5432,0.81,-1563.00,-33.12,-432.90,-37.43,4.17
5433,0.44,-629.94,-30.74,-223.87,-62.84,4.17
5434,0.60,-111.72,-37.42,-55.63,-43.19,4.17
5435,0.36,-623.49,-31.74,-137.90,-46.27,4.17
5436,0.30,-627.66,-32.30,-238.91,-134.37,3.85
5437,0.36,-414.81,-32.09,-104.79,-43.15,5.45
5438,0.37,-404.39,-35.79,-132.21,-113.68,5.45
5439,0.59,-810.18,-35.80,-194.64,-99.32,6.09
5440,0.49,-557.64,-36.10,-173.67,-39.19,6.09
5441,0.38,-589.97,-33.01,-119.67,-44.30,6.09
5442,0.43,-45.61,-31.99,-38.18,-37.92,6.09
5443,0.38,-116.04,-30.47,-53.75,-47.84,6.09
5444,0.39,-559.91,-33.28,-130.07,-39.21,6.09
5445,0.44,-572.51,-31.44,-125.55,-39.98,5.77
5446,1.08,-1224.95,-33.50,-307.85,-65.54,5.77
5447,0.49,-51.47,-33.45,-41.08,-39.68,5.77
5448,0.41,-429.98,-27.93,-92.87,-36.46,3.53
5449,0.34,-548.22,-31.89,-200.91,-80.75,3.53
5450,1.17,-849.20,-24.56,-393.46,-528.88,3.53
5451,0.43,-135.25,-30.57,-78.95,-52.72,3.53
5452,0.38,-179.22,-37.61,-98.40,-110.58,4.49
5453,0.67,-1133.10,-27.27,-449.26,-570.22,4.49
5454,0.44,-100.67,-25.60,-47.35,-39.03,4.81
5455,0.44,-571.36,-30.99,-187.66,-45.46,4.81
5456,0.55,-590.21,-36.84,-207.29,-49.11,4.81
5457,0.56,-573.84,-32.82,-119.37,-44.62,4.81
5458,0.50,-614.67,-32.17,-219.53,-63.06,4.81
5459,0.52,-954.52,-33.92,-199.37,-91.53,4.81
5460,0.82,-577.35,-31.47,-177.26,-46.21,4.81
5461,0.56,-961.89,-33.17,-258.68,-48.03,4.81
5462,0.48,-782.07,-41.77,-160.03,-50.23,4.81
5463,0.70,-1224.21,-34.27,-223.63,-44.44,4.81
5464,0.44,-54.67,-33.54,-42.45,-41.65,4.81
5465,0.50,-133.86,-33.41,-77.48,-52.43,4.49
5466,0.45,-177.56,-43.61,-96.74,-101.55,4.49
5467,0.83,-1101.41,-37.13,-391.21,-52.40,3.85
5468,0.98,-1253.86,-33.57,-304.08,-40.42,3.85
5469,0.38,-622.68,-35.22,-283.94,-48.94,3.85
5470,0.35,-134.83,-31.16,-52.96,-40.49,3.53
5471,0.29,-637.05,-37.83,-394.94,-598.83,3.53
5472,0.31,-628.38,-34.70,-228.25,-96.47,3.53
5473,0.37,-656.17,-38.24,-353.80,-549.91,3.85
5474,0.64,-856.93,-32.22,-328.38,-120.58,3.85
5475,0.54,-632.91,-36.02,-173.28,-112.86,3.85
5476,0.65,-1141.24,-34.35,-289.27,-49.43,3.85
5477,0.74,-631.98,-32.83,-231.74,-115.29,3.85
5478,0.39,-622.24,-33.13,-150.50,-64.31,4.17
5479,0.69,-1216.51,-29.80,-239.77,-94.54,4.17
5480,0.58,-583.69,-31.13,-137.60,-41.60,4.17
5481,0.39,-582.99,-34.19,-142.01,-51.08,4.17
5482,0.28,-616.88,-30.39,-373.63,-560.89,4.17
5483,0.39,-622.65,-42.02,-207.06,-85.60,4.17
5484,0.38,-579.49,-30.74,-214.31,-112.20,4.17
5485,0.74,-964.91,-38.22,-276.74,-113.92,4.17
5486,0.53,-862.80,-27.76,-228.81,-43.20,4.49
5487,0.48,-900.53,-36.50,-189.24,-52.97,4.49
5488,0.33,-624.84,-34.01,-159.97,-101.33,4.49
5489,0.65,-1264.12,-33.11,-332.38,-46.92,4.49
5490,0.61,-742.86,-45.95,-172.59,-52.90,4.17
5491,0.39,-41.39,-32.69,-37.77,-37.59,4.17
5492,0.59,-904.92,-33.41,-242.42,-41.46,4.17
5493,0.57,-902.26,-31.90,-245.18,-45.45,4.49
5494,0.68,-1227.08,-31.43,-383.21,-112.81,4.49
5495,0.34,-572.30,-34.49,-132.77,-53.30,4.17
5496,0.43,-747.21,-28.60,-389.40,-568.29,4.17
5497,0.67,-1183.85,-31.18,-283.11,-44.33,3.85
5498,1.14,-1376.84,-44.99,-471.72,-70.94,4.17
5499,0.64,-1199.66,-39.04,-303.50,-46.42,4.17
5500,0.61,-935.33,-27.88,-381.87,-136.47,4.17
5501,0.36,-146.85,-30.20,-74.04,-40.94,4.17
5502,0.63,-618.55,-31.51,-229.15,-123.92,4.17
5503,0.50,-798.56,-32.42,-243.59,-54.93,3.85
5504,0.46,-557.88,-30.67,-135.49,-47.02,3.85
5505,0.93,-594.59,-33.49,-184.98,-57.15,3.85
5506,0.55,-235.85,-33.77,-89.79,-51.66,4.81
5507,0.40,-580.88,-33.74,-124.88,-43.81,4.81
5508,0.37,-594.30,-33.21,-130.18,-40.86,4.81
5509,0.76,-590.93,-47.12,-284.44,-121.65,4.81
5510,0.72,-556.32,-38.20,-127.14,-47.38,4.81
5511,0.40,-175.56,-26.82,-82.81,-50.98,4.49
5512,0.97,-1219.44,-35.30,-499.22,-569.92,4.49
5513,0.42,-499.01,-32.91,-134.60,-51.96,4.49
5514,0.58,-1067.72,-32.51,-297.70,-134.82,4.81
5515,0.46,-124.11,-30.51,-50.06,-40.78,4.81
5516,0.41,-161.79,-29.93,-70.10,-39.90,4.81
5517,0.47,-58.32,-32.19,-41.11,-38.53,4.81
5518,0.73,-377.71,-35.87,-112.63,-44.63,5.77
5519,0.45,-46.13,-22.94,-34.28,-33.48,5.77
5520,0.38,-568.67,-39.97,-125.87,-53.29,4.49
5521,0.43,-741.72,-35.20,-175.15,-80.07,4.17
5522,0.50,-832.77,-35.58,-311.29,-47.44,4.17
5523,0.42,-142.93,-37.79,-71.93,-49.51,4.17
5524,0.46,-601.32,-26.99,-200.14,-44.94,4.81
5525,0.39,-653.66,-33.62,-139.45,-44.72,4.81
5526,0.63,-1192.45,-36.96,-360.95,-54.13,4.81
5527,0.40,-610.56,-31.09,-144.47,-53.77,4.81
5528,0.59,-837.04,-32.45,-173.15,-46.92,4.81
5529,0.43,-514.43,-26.90,-120.52,-49.28,5.45
5530,0.50,-115.87,-35.94,-62.59,-46.87,5.45
5531,0.39,-572.57,-34.77,-137.63,-37.74,5.45
5532,0.46,-122.50,-31.25,-63.46,-44.42,3.53
5533,0.76,-1188.73,-36.66,-314.30,-123.41,4.81
5534,1.84,-631.72,-37.28,-367.25,-554.38,4.81
5535,0.44,-609.68,-32.59,-151.69,-57.69,6.09
5536,0.41,-625.00,-26.29,-144.45,-40.87,6.09
5537,0.43,-47.48,-28.73,-39.81,-39.35,6.09
5538,0.35,-631.70,-32.21,-205.66,-48.02,6.09
5539,0.51,-782.94,-40.41,-241.61,-50.86,6.09
5540,0.43,-600.78,-41.92,-136.34,-47.06,6.09
5541,0.47,-93.94,-40.01,-53.23,-48.03,5.13
5542,0.44,-609.39,-31.40,-199.55,-50.09,5.13
5543,0.37,-183.88,-31.81,-88.21,-41.74,5.13
5544,0.71,-1147.16,-37.38,-305.34,-98.23,4.81
5545,0.41,-118.86,-36.49,-63.59,-47.96,4.81
5546,0.44,-64.37,-28.88,-45.41,-42.29,4.81
5547,0.75,-578.59,-24.03,-126.89,-43.23,4.81
5548,0.53,-607.36,-34.52,-280.15,-47.90,4.81
5549,0.62,-625.52,-29.99,-202.43,-42.39,3.85
5550,0.57,-874.89,-28.75,-184.61,-51.45,3.85
5551,0.40,-603.05,-31.82,-136.77,-51.29,5.13
5552,0.65,-1108.02,-33.06,-301.79,-102.69,4.81
5553,0.31,-590.81,-25.12,-130.57,-42.49,4.81
5554,0.47,-600.61,-41.29,-222.10,-68.02,4.81
5555,0.56,-707.73,-29.04,-147.08,-44.23,4.81
5556,0.48,-845.03,-28.09,-157.43,-45.21,4.81
5557,0.79,-589.16,-28.62,-130.40,-41.69,4.81
5558,0.79,-1003.40,-32.39,-195.60,-39.44,4.81
5559,0.37,-116.35,-25.61,-61.31,-41.90,4.81
5560,0.55,-939.05,-28.10,-179.90,-43.20,4.81
5561,0.48,-137.86,-39.53,-73.07,-61.08,4.81
5562,0.50,-590.13,-32.60,-212.29,-111.61,4.81
5563,0.67,-1190.93,-32.20,-222.32,-49.07,4.81
5564,0.62,-1131.42,-30.27,-322.89,-51.01,4.81
5565,0.34,-562.10,-26.53,-147.26,-113.27,4.81
5566,0.65,-999.89,-33.26,-209.92,-63.53,4.81
5567,0.33,-199.47,-30.30,-72.74,-36.63,4.49
5568,0.54,-1029.50,-27.49,-220.22,-62.83,4.49
5569,0.64,-826.75,-30.08,-237.01,-45.25,4.49
5570,0.77,-1139.50,-30.59,-449.94,-135.82,4.49
5571,0.37,-633.84,-32.11,-150.71,-54.54,4.49
5572,0.58,-183.20,-46.19,-104.21,-116.56,4.49
5573,1.09,-1207.00,-41.04,-530.80,-538.85,4.81
5574,0.52,-825.93,-41.57,-171.65,-49.14,4.81
5575,0.34,-562.76,-33.18,-187.38,-39.83,4.81
5576,0.74,-1173.77,-39.57,-227.30,-49.00,4.81
5577,0.49,-614.07,-45.94,-166.99,-129.68,4.17
5578,0.43,-527.39,-36.20,-121.48,-37.39,4.17
5579,0.87,-795.79,-30.07,-333.65,-52.03,4.17
5580,1.06,-998.10,-34.34,-304.50,-56.37,4.17
5581,0.58,-568.08,-31.42,-128.75,-39.72,3.85
5582,0.38,-612.74,-29.47,-142.11,-38.71,4.17
5583,0.46,-637.50,-30.76,-157.02,-112.02,4.17
5584,0.68,-866.60,-43.53,-293.95,-52.24,4.49
5585,0.49,-936.04,-32.94,-263.19,-44.15,4.49
5586,0.65,-844.75,-48.05,-262.10,-93.59,4.49
5587,0.42,-116.80,-34.60,-59.85,-36.99,4.49
5588,0.68,-207.07,-39.57,-80.84,-51.36,4.49
5589,0.41,-114.93,-37.96,-54.96,-46.84,4.49
5590,0.34,-619.60,-35.41,-215.12,-63.26,4.49
5591,0.42,-114.53,-33.84,-60.71,-47.46,4.49
5592,0.72,-855.40,-27.96,-226.22,-33.97,4.49
5593,0.56,-596.27,-39.55,-134.03,-43.96,4.49
5594,0.77,-1133.21,-37.26,-196.87,-41.20,4.49
5595,0.92,-551.52,-32.04,-189.35,-42.51,4.81
5596,0.35,-139.35,-33.99,-68.00,-47.03,4.81
5597,0.58,-927.61,-34.72,-323.27,-60.18,4.81
5598,0.73,-637.23,-36.62,-126.86,-40.12,4.81
5599,0.41,-605.31,-35.98,-199.54,-45.86,6.41
5600,0.57,-54.74,-33.38,-39.62,-38.12,6.41
5601,0.52,-123.42,-34.79,-61.57,-40.45,6.41
5602,0.93,-451.79,-35.70,-113.72,-46.23,6.41
5603,0.45,-50.54,-37.62,-43.41,-42.55,6.41
5604,0.52,-183.73,-31.18,-73.13,-36.89,6.41
5605,0.62,-822.05,-39.83,-242.36,-51.88,6.41
5606,0.46,-572.95,-23.95,-136.19,-51.94,6.41
5607,0.32,-636.40,-33.76,-146.03,-40.86,6.41
5608,0.43,-123.87,-26.69,-53.11,-37.97,5.77
5609,0.77,-414.86,-34.27,-96.61,-44.21,5.77
5610,0.46,-847.20,-33.14,-233.53,-38.82,5.77
5611,0.86,-613.31,-30.97,-300.90,-114.87,5.77
5612,0.42,-594.28,-30.14,-126.69,-36.26,5.77
5613,0.47,-113.39,-31.39,-52.85,-47.20,3.53
5614,0.39,-536.16,-31.98,-122.37,-48.89,3.53
5615,0.72,-1157.12,-34.98,-241.59,-122.87,3.53
5616,0.70,-1170.28,-29.72,-314.85,-129.46,3.53
5617,0.43,-798.59,-44.57,-197.88,-115.77,3.53
5618,0.67,-973.74,-36.99,-288.75,-133.69,3.53
5619,0.34,-247.16,-36.67,-106.09,-52.91,3.85
5620,0.28,-568.21,-34.35,-142.68,-101.23,3.85
5621,0.48,-640.27,-32.15,-126.25,-43.49,3.85
5622,0.51,-950.97,-38.40,-311.41,-132.36,3.85
5623,0.30,-548.72,-35.92,-149.96,-111.21,4.81
5624,0.44,-52.08,-31.50,-42.58,-44.82,4.81
5625,0.75,-118.80,-30.46,-53.54,-48.58,5.13
5626,0.72,-1209.84,-33.76,-299.26,-47.35,5.45
5627,0.61,-623.88,-31.11,-203.60,-40.81,5.45
5628,0.76,-601.87,-36.21,-201.62,-44.12,5.45
5629,0.32,-619.71,-33.24,-218.42,-43.98,5.45
5630,0.90,-591.79,-24.42,-173.74,-50.52,4.49
5631,0.72,-1177.27,-32.83,-350.74,-188.64,4.49
5632,0.49,-796.72,-38.13,-310.33,-42.93,3.85
5633,0.65,-1300.96,-32.99,-459.39,-113.68,3.85
5634,0.71,-1259.43,-46.49,-580.00,-625.63,3.85
5635,0.42,-770.48,-22.94,-168.04,-48.66,3.85
5636,0.34,-601.70,-35.20,-227.51,-133.66,4.49
5637,0.56,-867.11,-23.02,-282.83,-42.71,4.49
5638,0.44,-766.93,-42.54,-249.81,-106.34,4.49
5639,0.61,-983.24,-39.95,-566.96,-564.18,4.49
5640,0.86,-1060.27,-29.60,-421.97,-285.30,4.49
5641,0.52,-613.63,-30.23,-131.44,-35.86,4.49
5642,0.38,-47.26,-33.13,-40.60,-41.82,4.49
5643,0.44,-195.19,-28.71,-67.20,-41.29,3.53
5644,0.47,-801.56,-33.26,-161.76,-40.05,5.45
5645,0.39,-575.20,-30.42,-117.69,-43.28,5.45
5646,0.35,-349.46,-35.55,-114.54,-43.07,5.45
5647,0.46,-581.72,-35.41,-132.51,-47.66,5.45
5648,0.49,-855.26,-37.49,-233.63,-41.53,5.45
5649,0.68,-1007.32,-29.31,-176.48,-39.75,5.45
5650,0.46,-320.31,-31.60,-78.40,-37.09,5.45
5651,0.84,-501.53,-28.62,-114.77,-38.39,5.77
5652,0.39,-565.27,-29.75,-131.78,-52.40,5.77
5653,0.51,-125.95,-34.01,-52.76,-43.52,5.77
5654,0.38,-562.10,-33.52,-134.07,-58.01,4.81
5655,0.45,-331.08,-37.27,-100.81,-60.73,4.81
5656,0.71,-863.00,-32.05,-159.48,-41.13,5.13
5657,0.74,-771.85,-39.76,-394.19,-601.76,5.13
5658,0.47,-114.24,-33.00,-51.32,-41.24,5.13
5659,0.43,-136.89,-27.33,-64.97,-59.17,3.85
5660,0.46,-567.44,-33.75,-204.10,-118.89,3.85
5661,0.37,-578.51,-39.29,-154.19,-112.23,3.85
5662,0.59,-886.08,-38.45,-287.99,-48.35,3.85
5663,0.41,-593.64,-35.33,-219.05,-121.14,3.85
5664,0.44,-155.58,-33.25,-74.13,-65.27,5.77
5665,0.36,-548.16,-35.23,-193.78,-122.19,5.77
5666,0.36,-599.59,-33.12,-160.08,-44.01,5.45
5667,0.42,-425.36,-36.49,-100.46,-49.57,5.45
5668,0.42,-320.98,-40.80,-103.48,-48.62,5.45
5669,0.97,-1353.98,-27.19,-597.48,-589.57,5.45
5670,0.41,-333.18,-44.79,-131.49,-113.09,5.45
5671,0.57,-923.20,-34.21,-315.81,-48.55,5.45
5672,0.54,-860.78,-31.53,-240.08,-123.39,5.45
5673,0.45,-597.16,-37.72,-135.73,-45.88,5.45
5674,2.54,-1037.26,-37.43,-512.25,-564.49,5.45
5675,0.47,-778.44,-29.56,-288.61,-45.02,5.45
5676,0.47,-590.11,-32.95,-167.38,-55.89,5.45
5677,0.92,-932.46,-29.75,-220.86,-45.96,5.45
5678,0.84,-651.10,-30.16,-181.02,-44.73,5.45
5679,0.46,-573.88,-32.00,-130.36,-48.83,4.81
5680,0.68,-1032.86,-34.63,-396.65,-111.70,4.81
5681,0.41,-603.83,-36.97,-223.95,-113.43,4.17
5682,0.35,-620.74,-33.00,-139.91,-44.82,4.17
5683,0.68,-1387.87,-29.97,-314.15,-51.66,4.17
5684,0.60,-927.82,-40.36,-307.92,-43.92,4.17
5685,0.30,-619.10,-28.10,-157.17,-115.80,4.17
5686,0.63,-635.82,-30.76,-124.42,-38.51,4.17
5687,0.31,-124.94,-26.60,-65.38,-48.82,4.17
5688,0.76,-996.01,-38.92,-380.33,-183.88,4.17
5689,0.58,-1053.19,-35.84,-372.50,-44.39,4.17
5690,0.51,-618.25,-35.73,-233.96,-59.54,4.17
5691,0.40,-568.96,-36.16,-138.39,-72.46,4.17
5692,0.67,-1110.51,-39.64,-288.25,-87.21,4.17
5693,0.70,-1150.95,-45.11,-413.34,-416.78,4.17
5694,0.46,-845.11,-27.85,-237.31,-35.65,3.53
5695,0.56,-1026.14,-46.55,-342.70,-87.33,3.53
5696,0.41,-633.86,-40.38,-227.46,-111.00,3.53
5697,0.60,-979.91,-36.09,-297.68,-52.83,3.53
5698,0.41,-618.53,-42.27,-168.02,-113.93,3.53
5699,0.36,-618.78,-39.81,-232.63,-124.93,4.17
5700,0.78,-1014.71,-31.20,-177.66,-38.73,5.13
5701,0.51,-815.32,-41.52,-167.43,-58.26,5.13
5702,0.54,-115.23,-33.01,-61.14,-42.65,5.13
5703,0.65,-544.81,-36.72,-173.52,-46.60,5.45
5704,0.50,-806.52,-35.26,-226.87,-44.85,5.77
5705,0.40,-575.87,-37.77,-128.35,-44.95,5.77
5706,0.50,-604.36,-33.01,-129.83,-40.24,5.77
5707,0.50,-862.46,-31.67,-157.00,-40.03,5.77
5708,0.60,-948.64,-25.05,-165.14,-35.71,4.81
5709,0.42,-591.01,-34.28,-209.05,-57.90,4.49
5710,0.71,-1308.62,-30.45,-313.33,-39.24,4.49
5711,0.47,-752.70,-28.49,-222.56,-41.46,4.49
5712,0.59,-1057.90,-47.15,-302.16,-125.68,4.49
5713,0.62,-621.87,-33.45,-205.95,-56.12,4.49
5714,0.56,-890.12,-39.60,-185.95,-47.38,4.49
5715,0.46,-839.30,-25.45,-246.33,-36.60,4.81
5716,0.59,-446.10,-30.90,-98.33,-43.95,5.13
5717,0.33,-98.06,-25.43,-48.72,-42.38,5.13
5718,0.38,-563.73,-40.15,-189.41,-42.05,5.45
5719,0.44,-69.41,-27.91,-48.62,-49.56,5.45
5720,0.45,-119.52,-41.09,-58.84,-47.58,5.45
5721,0.43,-140.99,-25.90,-50.19,-36.27,5.45
5722,0.59,-52.44,-30.67,-42.88,-43.15,5.45
5723,0.41,-604.61,-32.42,-194.64,-41.93,5.45
5724,0.56,-850.40,-34.01,-157.13,-41.90,5.45
5725,0.75,-871.55,-33.15,-179.97,-49.23,5.45
5726,0.56,-594.87,-32.36,-134.04,-45.68,5.77
5727,0.53,-428.11,-33.01,-95.26,-41.28,5.77
5728,0.78,-611.02,-31.97,-197.83,-56.47,5.77
5729,0.67,-1025.60,-35.66,-300.92,-51.80,5.77
5730,0.42,-56.60,-32.11,-40.90,-40.06,5.13
5731,1.24,-659.61,-43.24,-146.15,-47.22,5.13
5732,0.38,-621.55,-31.47,-145.88,-48.27,6.73
5733,0.47,-271.92,-34.92,-86.22,-48.45,6.73
5734,0.93,-1164.44,-37.93,-372.12,-55.83,6.73
5735,0.82,-1068.98,-28.97,-227.97,-40.92,6.73
5736,0.46,-164.18,-30.84,-72.68,-48.47,6.73
5737,0.49,-53.92,-28.77,-41.06,-43.32,6.73
5738,0.40,-124.92,-35.33,-54.30,-37.20,6.73
5739,0.32,-610.81,-30.22,-286.30,-113.85,6.73
5740,0.71,-556.35,-29.51,-132.17,-40.97,6.73
5741,0.36,-592.42,-31.44,-119.27,-39.76,5.77
5742,0.74,-1286.84,-35.74,-322.02,-129.84,5.77
5743,0.42,-55.49,-29.88,-43.30,-43.84,5.77
5744,0.54,-339.96,-30.32,-81.24,-40.86,5.45
5745,0.41,-136.20,-25.46,-50.90,-40.29,5.45
5746,0.43,-124.67,-27.99,-49.07,-37.77,5.45
5747,0.32,-573.19,-30.27,-139.45,-72.54,5.13
5748,0.97,-1402.27,-30.59,-232.26,-38.56,5.13
5749,0.46,-170.72,-30.03,-58.55,-43.52,5.77
5750,0.60,-603.92,-34.94,-203.15,-47.39,5.13
5751,0.45,-608.65,-35.36,-124.25,-44.58,4.49
5752,0.60,-655.63,-31.82,-211.60,-41.67,5.13
5753,0.40,-592.81,-27.13,-121.48,-35.13,5.13
5754,0.41,-551.91,-34.06,-113.47,-39.79,5.13
5755,0.47,-123.42,-31.70,-61.05,-39.98,5.13
5756,0.41,-602.96,-31.23,-194.51,-43.10,5.13
5757,0.90,-910.20,-40.43,-312.03,-54.39,4.49
5758,0.49,-589.20,-37.62,-220.38,-111.97,4.49
5759,0.74,-570.04,-46.38,-165.50,-124.23,4.49
5760,0.30,-605.32,-35.08,-221.99,-128.39,4.49
5761,0.52,-888.22,-25.90,-240.43,-48.53,4.49
5762,0.48,-579.53,-33.86,-119.78,-44.12,4.49
5763,0.67,-370.87,-30.63,-122.61,-114.93,5.13
5764,0.85,-583.84,-30.95,-199.50,-44.71,5.13
5765,0.45,-142.34,-37.44,-81.68,-50.88,5.13
5766,0.68,-1030.85,-33.50,-261.62,-48.77,5.13
5767,0.41,-410.97,-24.26,-114.01,-43.80,5.13
5768,0.64,-540.43,-29.20,-230.99,-133.38,4.81
5769,0.48,-771.29,-32.38,-382.53,-565.55,4.81
5770,0.75,-1041.83,-58.73,-403.67,-185.52,4.81
5771,0.42,-576.99,-37.79,-197.23,-49.69,4.17
5772,0.45,-496.05,-34.20,-140.48,-67.45,4.17
5773,0.46,-591.32,-33.76,-202.47,-37.39,4.17
5774,0.41,-154.82,-36.10,-100.10,-133.66,4.49
5775,0.73,-942.24,-30.77,-243.84,-43.44,4.49
5776,0.53,-333.86,-28.54,-102.94,-43.36,3.53
5777,0.46,-134.93,-30.96,-66.65,-50.07,3.53
5778,0.68,-623.15,-33.62,-299.69,-158.50,3.53
5779,0.64,-1153.59,-38.04,-302.74,-76.71,3.53
5780,0.32,-581.16,-34.26,-274.34,-130.13,3.53
5781,0.33,-637.03,-36.14,-175.92,-126.03,4.81
5782,0.31,-579.80,-32.61,-145.18,-40.97,4.81
5783,0.68,-614.72,-37.14,-155.79,-113.26,4.81
5784,0.54,-140.33,-30.96,-62.27,-39.94,5.13
5785,0.39,-595.73,-34.75,-119.23,-38.37,3.21
5786,0.48,-915.75,-32.16,-420.07,-506.66,3.85
5787,0.36,-612.13,-30.49,-213.04,-55.31,3.53
5788,0.74,-1065.63,-41.11,-281.69,-146.45,3.53
5789,0.40,-629.50,-34.95,-148.89,-53.71,3.21
5790,0.31,-576.82,-30.52,-154.08,-118.25,3.21
5791,0.44,-766.89,-38.38,-341.18,-136.04,3.21
5792,0.60,-1241.33,-25.28,-597.78,-582.58,3.21
5793,0.34,-620.98,-40.36,-243.39,-124.00,3.21
5794,0.54,-890.19,-36.42,-337.64,-110.96,3.21
5795,0.64,-1150.65,-27.89,-436.09,-572.02,3.85
5796,0.31,-562.21,-28.64,-150.24,-38.00,3.85
5797,0.38,-647.02,-39.36,-308.39,-121.34,3.85
5798,0.73,-941.96,-25.03,-163.97,-36.19,3.85
5799,0.39,-629.47,-37.29,-244.13,-124.69,3.85
5800,0.45,-835.73,-37.65,-196.70,-111.75,3.85
5801,0.76,-1258.95,-28.61,-238.20,-50.15,3.85
5802,0.36,-124.85,-34.96,-64.03,-40.40,3.85
5803,0.40,-596.33,-26.78,-195.03,-42.20,3.85
5804,0.60,-113.96,-22.33,-50.64,-43.72,3.85
5805,0.58,-113.68,-37.49,-71.65,-54.48,3.85
5806,0.48,-130.05,-32.77,-65.40,-38.98,3.85
5807,0.74,-1365.28,-31.81,-313.66,-39.06,3.21
5808,0.44,-768.21,-41.82,-244.13,-117.82,3.21
5809,0.49,-603.65,-32.20,-208.48,-41.48,3.21
5810,0.34,-617.36,-40.88,-217.94,-44.99,4.17
5811,0.40,-129.63,-35.21,-56.34,-42.05,4.17
5812,0.33,-573.56,-27.58,-142.82,-47.56,4.81
5813,0.86,-608.82,-33.86,-187.94,-47.83,3.85
5814,0.94,-704.35,-35.32,-145.72,-38.40,3.85
5815,0.47,-871.24,-26.84,-210.30,-51.36,3.21
5816,0.69,-1045.75,-40.86,-427.26,-123.53,3.21
5817,1.50,-855.20,-39.06,-246.43,-71.32,4.17
5818,0.68,-1046.59,-36.75,-278.52,-67.34,3.53
5819,0.64,-950.91,-34.29,-379.42,-47.87,4.49
5820,0.66,-1051.09,-29.43,-303.03,-64.58,4.49
5821,0.36,-126.09,-44.03,-60.40,-46.37,4.49
5822,0.48,-594.61,-35.21,-215.21,-87.87,4.49
5823,0.41,-611.24,-37.43,-148.84,-75.53,4.49
5824,0.41,-193.15,-27.21,-75.67,-44.54,4.49
5825,0.50,-537.07,-32.79,-121.40,-41.70,4.49
5826,0.69,-619.31,-32.53,-346.99,-435.39,4.49
5827,0.65,-1050.34,-27.24,-344.68,-47.00,4.49
5828,0.69,-613.11,-39.22,-163.87,-48.82,4.49
5829,0.43,-137.49,-32.73,-58.55,-39.85,3.85
5830,0.49,-183.80,-33.00,-72.35,-39.32,3.85
5831,0.43,-602.10,-31.53,-164.33,-131.44,4.81
5832,0.50,-897.00,-37.82,-174.80,-43.48,4.81
5833,0.56,-558.02,-33.87,-125.05,-53.82,4.81
5834,2.35,-765.23,-31.23,-156.70,-45.72,4.81
5835,0.41,-605.85,-30.88,-271.16,-41.46,3.85
5836,0.43,-603.83,-29.02,-224.57,-54.51,3.85
5837,0.60,-607.42,-28.18,-273.16,-44.36,3.85
5838,0.61,-1124.49,-31.62,-220.74,-57.07,3.85
5839,0.65,-1212.53,-31.02,-296.82,-42.00,3.53
5840,0.59,-1057.63,-30.78,-358.26,-136.22,3.53
5841,0.52,-850.78,-41.20,-180.88,-58.90,3.85
5842,0.51,-590.75,-35.18,-194.82,-46.31,3.85
5843,0.75,-888.23,-32.98,-182.24,-55.68,3.85
5844,0.79,-1291.23,-36.73,-371.40,-38.48,3.85
5845,0.31,-134.15,-29.48,-74.53,-51.86,3.85
5846,0.46,-884.90,-39.59,-333.53,-116.53,3.85
5847,0.29,-571.14,-33.08,-283.66,-136.40,3.85
5848,0.56,-370.00,-33.69,-122.71,-113.91,3.85
5849,0.75,-665.91,-38.43,-155.60,-51.09,3.85
5850,0.69,-1317.42,-27.96,-362.72,-36.83,3.85
5851,0.56,-1029.63,-31.99,-386.16,-55.19,4.17
5852,0.35,-627.67,-36.12,-225.77,-100.55,4.49
5853,0.86,-601.12,-32.80,-151.68,-55.85,4.81
5854,0.51,-743.02,-34.22,-321.87,-46.08,4.17
5855,0.30,-640.84,-32.52,-211.35,-41.23,4.17
5856,0.33,-135.97,-30.86,-76.20,-47.20,4.17
5857,0.64,-119.52,-36.92,-75.84,-54.87,4.17
5858,0.77,-979.39,-32.64,-266.31,-42.59,4.17
5859,0.79,-1377.02,-37.14,-449.89,-115.13,4.17
5860,0.48,-619.71,-35.99,-149.46,-50.48,4.81
5861,0.63,-945.49,-28.14,-242.22,-43.15,4.81
5862,0.42,-584.10,-27.65,-128.37,-40.43,4.81
5863,0.53,-842.39,-35.76,-187.63,-46.33,4.81
5864,0.38,-620.83,-30.95,-200.22,-45.04,4.81
5865,0.59,-898.71,-35.87,-341.33,-147.42,4.81
5866,0.64,-1208.17,-37.45,-296.15,-54.01,4.81
5867,0.80,-1139.80,-32.68,-293.98,-55.69,4.81
5868,0.39,-133.98,-26.19,-62.76,-37.98,4.81
5869,0.31,-49.54,-27.67,-35.19,-33.17,4.81
5870,0.49,-555.46,-29.74,-170.59,-123.33,4.81
5871,0.49,-391.02,-40.38,-134.25,-128.56,4.81
5872,0.43,-647.61,-33.51,-139.65,-43.52,4.81
5873,0.60,-884.84,-31.27,-241.68,-40.31,4.81
5874,0.40,-137.72,-29.76,-60.16,-36.48,4.81
5875,0.79,-624.40,-43.49,-222.42,-54.82,4.81
5876,0.40,-593.31,-33.49,-209.82,-51.46,4.81
5877,0.45,-130.15,-33.27,-53.72,-41.41,4.81
5878,0.73,-651.27,-32.38,-163.72,-44.97,4.81
5879,0.81,-901.80,-31.98,-186.35,-38.77,4.81
5880,0.47,-600.16,-33.24,-130.58,-39.78,4.81
5881,0.36,-619.09,-31.81,-133.98,-43.96,4.81
5882,0.35,-153.50,-38.68,-75.00,-51.99,4.81
5883,0.47,-563.59,-36.70,-153.51,-125.42,4.81
5884,0.57,-934.12,-32.77,-182.58,-54.08,4.81
5885,0.32,-583.45,-32.42,-253.79,-149.52,4.81
5886,0.57,-608.45,-37.89,-125.44,-46.31,4.81
5887,0.95,-1055.46,-30.70,-364.87,-139.87,4.81
5888,0.31,-569.42,-31.28,-123.05,-35.56,4.81
5889,0.54,-974.18,-41.49,-210.02,-65.10,4.81
5890,0.49,-892.89,-34.91,-322.28,-50.23,4.81
5891,0.43,-66.55,-29.21,-45.13,-42.24,4.81
5892,2.41,-712.58,-30.17,-198.62,-48.03,3.85
5893,0.81,-790.25,-30.02,-439.82,-599.33,3.85
5894,0.45,-609.80,-33.86,-134.87,-46.81,7.05
5895,0.53,-64.65,-32.94,-46.20,-46.18,4.17
5896,0.56,-780.70,-31.68,-185.02,-123.33,4.17
5897,0.35,-188.98,-30.02,-80.83,-52.24,4.17
5898,0.64,-424.55,-37.46,-101.16,-44.98,6.41
5899,0.39,-609.16,-32.71,-129.00,-34.66,6.41
5900,0.38,-569.30,-27.17,-114.33,-40.15,6.41
5901,0.78,-650.72,-36.74,-209.47,-51.88,7.05
5902,0.42,-51.38,-28.35,-41.81,-43.36,7.05
5903,1.16,-592.67,-33.92,-206.76,-65.41,5.45
5904,0.59,-1153.85,-34.96,-209.61,-37.28,5.45
5905,0.80,-598.41,-34.39,-198.29,-124.75,5.77
5906,0.36,-605.07,-27.62,-195.63,-34.35,5.77
5907,0.32,-597.38,-31.81,-133.22,-45.24,5.77
5908,0.68,-1075.78,-30.34,-334.03,-112.18,5.77
5909,0.36,-581.94,-27.55,-131.05,-46.26,5.77
5910,0.47,-624.85,-36.27,-292.75,-139.50,5.77
5911,0.54,-112.05,-34.34,-63.74,-52.69,5.77
5912,0.50,-597.34,-33.45,-209.55,-56.36,5.77
5913,0.47,-785.60,-30.52,-245.36,-51.83,5.77
5914,0.38,-130.68,-36.88,-73.56,-45.84,5.77
5915,0.46,-175.38,-33.32,-58.05,-38.59,5.77
5916,0.92,-1486.32,-36.69,-284.29,-115.91,5.77
5917,0.48,-116.21,-32.08,-58.61,-42.41,5.77
5918,0.46,-161.61,-30.86,-56.13,-37.39,5.77
5919,0.43,-542.41,-36.23,-128.28,-47.72,5.77
5920,0.48,-561.67,-30.65,-113.31,-37.63,5.77
5921,0.48,-756.14,-28.71,-216.68,-38.46,5.45
5922,0.45,-113.24,-32.26,-48.92,-40.30,4.17
5923,0.47,-851.47,-28.45,-170.10,-53.88,4.81
5924,0.39,-129.34,-33.79,-55.39,-42.11,4.81
5925,0.38,-636.31,-30.42,-125.75,-40.99,4.81
5926,0.37,-593.71,-32.65,-214.46,-88.53,4.81
5927,0.76,-1104.29,-34.65,-287.09,-63.60,4.81
5928,0.42,-792.26,-40.84,-304.40,-125.96,4.81
5929,0.46,-853.21,-34.56,-392.31,-566.29,4.81
5930,0.53,-618.48,-32.85,-135.81,-43.40,4.81
5931,0.40,-133.07,-33.27,-73.38,-45.21,4.81
5932,0.92,-1203.52,-32.85,-461.58,-121.15,4.81
5933,0.61,-140.32,-36.83,-81.20,-58.40,4.81
5934,0.67,-1087.29,-34.99,-341.76,-130.50,4.81
5935,0.48,-619.69,-41.91,-147.22,-53.87,4.81
5936,0.56,-955.17,-30.86,-191.14,-48.57,4.81
5937,0.55,-161.22,-44.55,-88.46,-58.34,4.81
5938,0.73,-1209.88,-43.18,-383.57,-138.02,4.17
5939,0.77,-1386.88,-31.35,-334.71,-110.21,4.17
5940,0.65,-911.64,-37.32,-381.04,-385.05,4.17
5941,0.31,-615.06,-43.82,-357.64,-559.02,4.17
5942,0.89,-624.78,-45.61,-262.60,-126.00,4.17
5943,0.62,-1119.98,-36.65,-259.25,-42.15,4.17
5944,0.75,-629.87,-42.96,-390.92,-548.22,4.17
5945,0.29,-548.10,-31.67,-341.46,-537.52,4.17
5946,0.69,-1104.87,-36.88,-421.12,-422.12,4.17
5947,0.75,-1191.27,-40.59,-367.57,-51.74,4.17
5948,0.39,-615.45,-37.61,-174.30,-41.55,4.17
5949,0.73,-617.08,-29.93,-271.07,-141.87,5.45
5950,0.31,-620.51,-28.49,-292.14,-145.55,5.45
5951,0.30,-565.86,-27.84,-123.19,-35.06,5.45
5952,0.47,-827.87,-27.03,-303.83,-112.99,5.45
5953,0.33,-540.04,-26.05,-114.92,-32.33,4.81
5954,0.98,-1055.49,-17.82,-293.53,-32.95,4.81
5955,1.18,-698.23,-30.55,-226.68,-132.86,4.81
5956,0.79,-836.67,-35.30,-315.79,-209.43,3.85
5957,0.80,-439.20,-39.85,-147.03,-127.18,3.85
5958,0.71,-555.06,-37.22,-303.99,-243.41,3.85
5959,0.64,-890.26,-34.13,-273.69,-40.37,3.85
5960,0.53,-559.76,-29.90,-259.15,-153.67,3.85
5961,0.29,-581.30,-33.89,-282.57,-124.39,3.85
5962,0.73,-466.16,-32.85,-237.15,-165.56,3.85
5963,0.82,-547.52,-33.03,-218.26,-114.33,3.85
5964,0.37,-166.73,-38.81,-97.44,-112.42,3.85
5965,0.53,-529.97,-54.81,-169.03,-112.89,3.85
5966,0.29,-561.63,-30.57,-211.49,-128.61,3.85
5967,0.60,-600.21,-34.96,-373.52,-509.23,3.85
5968,0.67,-557.96,-28.17,-199.18,-68.56,3.85
5969,0.62,-597.82,-27.46,-398.24,-561.44,3.85
5970,0.46,-594.33,-31.65,-320.90,-297.74,3.85
5971,0.67,-503.08,-25.63,-298.18,-447.21,3.85
5972,0.93,-582.90,-34.83,-264.64,-184.55,3.85
5973,0.84,-605.99,-26.21,-148.52,-87.33,3.85
5974,0.50,-593.16,-32.13,-291.72,-135.56,3.85
5975,0.45,-409.43,-30.69,-169.06,-122.82,3.85
5976,0.54,-612.55,-32.43,-399.59,-555.14,3.85
5977,0.37,-575.66,-31.01,-206.72,-111.12,3.85
5978,0.66,-582.14,-31.83,-390.04,-521.48,3.85
5979,0.29,-605.60,-22.55,-228.27,-134.90,3.85
5980,0.81,-585.91,-27.87,-244.73,-126.54,3.85
5981,0.64,-573.65,-28.62,-248.74,-110.51,3.85
5982,0.50,-622.41,-24.01,-340.88,-221.34,3.85
5983,0.65,-546.23,-26.85,-184.61,-112.35,5.13
5984,0.69,-577.81,-23.39,-141.35,-38.00,5.13
5985,0.31,-667.16,-17.40,-145.15,-33.02,5.13
5986,0.61,-1065.60,-23.48,-230.91,-104.63,5.13
5987,0.99,-1006.08,-27.60,-366.47,-196.50,5.13
5988,0.37,-637.03,-23.60,-136.43,-37.88,5.13
5989,0.76,-1353.09,-23.57,-241.26,-55.00,5.13
5990,0.66,-602.80,-20.15,-183.00,-26.99,4.49
5991,1.10,-602.83,-17.51,-216.33,-111.23,4.49
5992,0.32,-134.76,-17.93,-78.58,-109.70,4.49
5993,1.41,-506.74,-25.61,-199.65,-134.82,5.13
5994,0.37,-610.70,-24.73,-115.95,-36.93,5.13
5995,0.98,-130.78,-19.63,-68.13,-44.41,5.13
5996,0.35,-613.06,-24.67,-290.68,-126.33,5.13
5997,0.32,-631.13,-17.30,-218.58,-103.04,5.13
5998,0.74,-232.90,-22.91,-71.82,-29.05,5.13
5999,0.34,-608.06,-25.51,-283.55,-138.16,5.13
6000,0.31,-581.80,-22.27,-184.29,-34.55,5.45
6001,0.32,-172.52,-17.35,-73.15,-23.97,5.77
6002,0.78,-46.37,-17.43,-27.30,-23.18,5.77
6003,0.34,-563.81,-22.04,-118.34,-32.16,4.81
6004,0.31,-176.31,-22.73,-66.88,-27.99,4.81
6005,0.61,-1111.45,-23.37,-433.48,-312.90,4.81
6006,0.33,-616.74,-14.83,-281.09,-104.49,4.81
6007,0.68,-1271.03,-20.96,-341.58,-110.45,4.81
6008,0.72,-1252.73,-21.92,-496.78,-613.57,4.81
6009,1.30,-584.05,-23.88,-106.38,-26.29,4.81
6010,0.36,-462.59,-15.08,-118.88,-35.97,4.81
6011,0.35,-579.53,-14.81,-197.63,-44.27,4.81
6012,1.18,-629.00,-37.75,-168.61,-100.25,4.81
6013,1.04,-911.82,-25.62,-312.83,-106.30,4.81
6014,0.99,-622.93,-25.07,-208.34,-57.18,4.81
6015,0.85,-54.46,-30.13,-45.48,-45.82,4.81
6016,0.44,-135.07,-23.57,-58.68,-30.52,5.13
6017,1.44,-594.77,-19.55,-158.67,-53.65,5.13
6018,0.68,-624.03,-22.12,-222.42,-114.25,5.13
6019,1.19,-1109.81,-30.31,-274.45,-45.50,5.13
6020,1.14,-893.90,-23.98,-350.82,-152.25,5.13
6021,0.95,-613.87,-6.70,-228.92,-130.81,5.13
6022,0.56,-613.33,-36.74,-233.15,-129.43,5.13
6023,0.66,-603.25,-17.30,-122.94,-38.78,5.13
6024,0.72,-656.00,-11.58,-146.25,-42.56,4.81
6025,0.89,-612.39,-13.01,-300.25,-318.52,4.81
6026,0.60,-334.27,-21.22,-83.06,-32.03,5.13
6027,0.42,-634.25,-13.78,-228.32,-131.19,5.13
6028,0.47,-594.95,-44.07,-213.27,-138.97,5.13
6029,1.56,-848.47,-10.52,-158.84,-35.94,5.13
6030,0.68,-1035.44,-22.38,-338.38,-112.80,5.77
6031,1.46,-601.73,-28.87,-265.81,-50.34,5.77
6032,0.89,-531.75,-12.27,-113.98,-34.44,5.13
6033,0.74,-632.72,-10.49,-232.59,-36.30,5.13
6034,1.15,-523.24,-17.02,-148.05,-108.27,5.13
6035,1.04,-600.69,-16.07,-229.58,-123.69,5.45
6036,0.90,-629.43,-21.52,-142.23,-33.06,5.13
6037,0.78,-565.82,-45.17,-246.86,-130.35,5.13
6038,0.62,-1088.20,-22.25,-400.96,-141.99,5.13
6039,1.58,-828.41,-32.46,-277.87,-47.89,5.13
6040,0.99,-604.21,-6.95,-202.13,-31.85,4.49
6041,0.82,-523.46,-22.48,-172.50,-43.08,4.49
6042,0.82,-1312.14,-29.66,-396.98,-59.01,4.49
6043,0.98,-139.90,-29.38,-74.83,-34.75,4.49
6044,0.59,-956.69,-15.50,-238.00,-40.61,4.49
6045,0.87,-813.23,-18.33,-224.58,-45.45,4.49
6046,0.56,-628.09,-28.78,-149.85,-49.50,4.49
6047,1.32,-1081.25,-33.06,-244.66,-100.41,4.49
6048,0.68,-891.00,-33.07,-423.62,-610.48,4.49
6049,0.58,-620.32,-25.89,-214.82,-49.27,4.49
6050,0.45,-796.36,-38.70,-245.50,-116.28,4.49
6051,0.80,-564.15,-29.60,-237.48,-111.82,3.85
6052,1.94,-736.69,-33.32,-356.73,-284.70,3.85
6053,0.35,-230.30,-30.56,-112.99,-121.56,3.85
6054,1.82,-712.82,-33.44,-148.61,-41.95,3.85
6055,0.60,-610.19,-43.51,-242.54,-123.61,3.85
6056,0.51,-850.45,-36.17,-177.34,-47.23,4.17
6057,0.62,-1023.87,-41.86,-203.80,-46.37,4.17
6058,0.34,-622.50,-36.75,-197.68,-45.67,4.17
6059,2.13,-1990.71,-35.80,-437.10,-46.25,4.17
6060,0.39,-733.48,-36.09,-226.97,-51.53,4.17
6061,0.30,-155.01,-39.42,-88.65,-84.87,4.17
6062,0.30,-151.75,-41.00,-70.27,-43.46,4.49
6063,0.75,-152.29,-38.06,-58.24,-43.26,4.49
6064,0.30,-621.43,-36.21,-135.89,-46.28,4.49
6065,0.38,-569.14,-37.60,-120.27,-46.05,4.49
6066,0.75,-620.52,-42.56,-206.19,-48.19,4.49
6067,0.52,-885.72,-44.60,-386.58,-136.40,4.49
6068,0.88,-606.92,-40.72,-126.26,-46.28,4.49
6069,0.48,-639.59,-40.42,-222.48,-72.87,4.49
6070,1.17,-920.34,-40.75,-193.77,-51.37,3.21
6071,0.99,-1401.54,-38.17,-314.61,-45.21,3.21
6072,0.57,-796.71,-41.84,-247.66,-47.70,3.53
6073,0.59,-883.23,-38.38,-197.29,-114.94,3.53
6074,2.41,-2596.43,-46.21,-810.30,-334.56,3.85
6075,0.46,-626.65,-44.41,-170.73,-48.43,3.85
6076,0.32,-607.46,-34.82,-245.81,-117.12,3.85
6077,0.57,-744.34,-44.46,-235.29,-52.19,3.85
6078,1.99,-2000.75,-40.95,-728.85,-123.55,3.85
6079,1.91,-2750.07,-38.72,-440.77,-45.94,3.85
6080,0.42,-127.21,-37.51,-66.76,-45.74,3.85
6081,0.91,-1345.58,-36.49,-482.74,-435.77,3.85
6082,0.36,-601.87,-33.82,-120.21,-36.89,3.53
6083,0.29,-154.98,-36.77,-89.90,-99.12,3.53
6084,0.40,-627.01,-37.87,-222.28,-134.62,3.53
6085,0.46,-374.42,-29.40,-128.89,-47.93,4.17
6086,1.35,-1049.45,-33.08,-229.52,-50.00,4.17
6087,0.77,-123.80,-35.63,-63.80,-45.39,4.17
6088,0.32,-610.68,-42.43,-242.84,-131.50,3.85
6089,0.48,-239.33,-35.25,-95.25,-49.35,3.85
6090,0.70,-989.40,-40.84,-385.61,-260.35,3.85
6091,0.57,-612.12,-40.47,-225.75,-56.81,3.85
6092,0.30,-603.59,-40.70,-137.62,-45.48,3.85
6093,0.29,-113.22,-41.28,-64.55,-48.76,3.85
6094,0.83,-1094.94,-38.04,-214.64,-46.99,3.85
6095,0.42,-208.14,-31.19,-76.92,-45.12,4.17
6096,1.18,-1456.48,-39.21,-347.56,-131.73,4.17
6097,0.72,-1024.56,-44.09,-386.87,-306.02,4.49
6098,1.71,-2436.20,-41.37,-405.77,-49.02,4.49
6099,0.44,-128.21,-39.22,-54.21,-41.61,3.85
6100,0.60,-936.03,-40.04,-269.71,-116.06,4.49
6101,1.27,-2092.44,-35.45,-358.37,-47.04,4.49
6102,0.41,-288.04,-37.41,-104.50,-66.93,4.49
6103,1.65,-1855.12,-46.44,-548.06,-214.12,4.49
6104,0.34,-639.05,-35.66,-269.50,-114.37,4.49
6105,0.49,-859.39,-37.24,-182.79,-47.52,4.49
6106,0.95,-314.56,-35.17,-128.62,-44.84,4.17
6107,2.05,-2345.00,-41.01,-702.93,-121.85,4.17
6108,0.39,-623.55,-35.95,-255.53,-125.02,4.17
6109,1.23,-1913.88,-43.80,-557.16,-176.56,4.17
6110,0.33,-596.43,-40.42,-148.74,-61.06,4.81
6111,0.58,-1025.76,-32.60,-200.69,-35.07,4.81
6112,0.54,-138.54,-47.32,-94.31,-118.18,4.81
6113,0.55,-222.37,-39.25,-68.09,-42.39,4.81
6114,0.33,-617.11,-39.46,-229.76,-130.26,4.81
6115,0.40,-606.46,-35.53,-122.81,-43.09,4.81
6116,0.61,-120.07,-40.17,-54.74,-42.18,4.81
6117,0.58,-231.45,-34.87,-72.01,-43.54,4.17
6118,0.48,-301.36,-36.47,-112.68,-114.71,4.17
6119,1.10,-1885.85,-37.48,-318.73,-44.11,3.53
6120,0.46,-601.30,-37.20,-136.71,-46.36,4.17
6121,0.54,-115.59,-35.32,-71.56,-42.45,3.85
6122,0.31,-170.14,-33.61,-89.28,-106.52,4.17
6123,1.16,-1635.26,-43.74,-358.50,-129.41,4.17
6124,1.81,-1996.03,-35.72,-470.07,-238.68,4.17
6125,0.72,-631.00,-40.72,-291.07,-45.57,4.17
6126,0.89,-45.41,-34.22,-39.68,-39.76,4.17
6127,0.69,-948.69,-37.83,-305.67,-112.30,4.17
6128,0.73,-976.91,-34.04,-197.25,-45.21,4.17
6129,1.88,-605.57,-33.54,-189.27,-119.63,4.17
6130,0.99,-627.25,-35.59,-239.38,-132.15,4.17
6131,0.56,-635.92,-29.85,-248.99,-110.39,4.17
6132,0.54,-623.99,-33.07,-178.27,-88.50,4.81
6133,0.95,-50.29,-36.06,-40.49,-39.27,4.81
6134,0.60,-826.29,-33.28,-244.81,-35.72,4.49
6135,0.48,-359.05,-42.71,-117.49,-48.45,4.49
6136,0.34,-186.85,-35.03,-82.16,-41.09,4.49
6137,0.37,-44.89,-27.62,-37.37,-38.27,4.49
6138,0.89,-1350.81,-33.05,-417.65,-46.78,4.49
6139,0.71,-470.36,-38.20,-151.44,-42.73,4.81
6140,0.66,-634.62,-37.92,-129.54,-46.51,4.81
6141,0.32,-539.67,-33.43,-129.07,-51.63,4.81
6142,0.58,-870.60,-31.14,-156.47,-38.47,4.81
6143,0.41,-115.16,-42.06,-63.11,-48.01,4.49
6144,0.45,-130.23,-30.73,-62.51,-41.73,4.17
6145,0.90,-889.64,-37.78,-356.76,-137.95,4.17
6146,0.46,-316.21,-31.05,-104.55,-48.10,4.17
6147,0.67,-611.04,-33.80,-185.30,-45.10,5.13
6148,0.35,-610.44,-36.16,-150.33,-70.17,5.13
6149,0.35,-614.67,-28.97,-131.63,-41.60,5.13
6150,0.49,-856.80,-36.92,-155.23,-37.40,5.13
6151,1.56,-2184.96,-39.81,-459.08,-43.42,4.49
6152,1.18,-633.16,-35.25,-189.83,-37.24,4.49
6153,0.32,-592.60,-32.52,-141.01,-43.69,4.49
6154,0.40,-314.80,-33.16,-78.60,-39.71,3.85
6155,0.39,-623.20,-32.85,-183.40,-46.39,3.85
6156,0.29,-174.78,-37.34,-106.43,-128.86,3.85
6157,0.65,-522.94,-35.30,-150.27,-53.58,3.85
6158,1.84,-1701.02,-32.90,-386.13,-138.04,3.85
6159,0.56,-973.67,-32.16,-189.62,-45.19,3.53
6160,0.34,-629.84,-32.98,-165.55,-111.29,3.53
6161,1.19,-629.26,-43.77,-176.51,-72.47,3.53
6162,0.50,-815.96,-36.35,-256.21,-123.91,3.53
6163,1.49,-641.18,-31.95,-145.54,-38.36,3.53
6164,0.64,-764.09,-36.77,-155.61,-44.83,3.53
6165,1.79,-1842.73,-38.08,-863.60,-805.70,3.53
6166,0.80,-544.77,-38.11,-144.37,-101.91,3.53
6167,0.69,-590.21,-39.95,-145.60,-47.24,3.53
6168,0.37,-602.13,-37.25,-174.06,-45.41,3.53
6169,1.56,-1153.39,-33.65,-344.72,-119.85,3.53
6170,0.31,-639.06,-37.02,-234.19,-119.70,4.17
6171,0.64,-891.31,-27.47,-307.85,-174.02,4.49
6172,0.58,-881.10,-37.27,-174.35,-40.25,4.49
6173,0.68,-1076.08,-37.06,-271.64,-45.55,4.49
6174,0.76,-637.57,-35.09,-130.66,-48.63,4.49
6175,0.52,-802.19,-25.52,-247.06,-46.74,4.49
6176,0.88,-620.56,-33.35,-258.67,-43.36,4.49
6177,0.54,-620.40,-39.38,-226.72,-113.45,3.53
6178,0.79,-601.45,-37.66,-131.36,-41.31,3.53
6179,1.11,-634.50,-35.68,-220.32,-124.75,4.49
6180,0.62,-625.32,-28.92,-133.44,-38.15,4.49
6181,0.75,-581.61,-30.88,-128.55,-39.60,3.21
6182,0.84,-1252.37,-35.90,-281.54,-115.58,3.21
6183,0.70,-1021.09,-30.31,-300.09,-119.40,4.17
6184,1.01,-608.42,-24.30,-134.15,-42.37,4.17
6185,0.56,-551.97,-31.72,-173.13,-44.11,4.17
6186,0.79,-884.10,-41.13,-174.16,-45.64,4.17
6187,0.59,-624.29,-28.07,-210.36,-40.32,3.85
6188,0.45,-604.16,-32.25,-198.47,-42.62,3.85
6189,0.68,-973.35,-28.60,-328.33,-135.29,4.49
6190,1.27,-625.86,-41.87,-168.18,-78.95,4.17
6191,0.74,-835.61,-41.05,-238.33,-46.96,4.17
6192,1.62,-228.68,-34.94,-96.97,-41.72,4.17
6193,0.49,-631.92,-35.07,-157.04,-45.55,4.17
6194,0.65,-794.42,-39.51,-261.01,-114.43,4.17
6195,0.53,-444.29,-29.09,-136.91,-97.59,4.17
6196,0.85,-818.80,-38.61,-408.53,-605.81,4.17
6197,1.62,-786.56,-39.99,-363.97,-208.40,3.21
6198,0.47,-609.08,-27.14,-119.87,-39.54,3.21
6199,0.37,-324.00,-29.93,-100.94,-73.57,3.53
6200,0.64,-629.96,-40.53,-303.19,-126.16,3.53
6201,0.51,-826.91,-35.19,-249.94,-48.54,3.53
6202,0.88,-1221.16,-38.77,-231.27,-49.09,3.53
6203,0.67,-564.06,-39.53,-225.46,-123.49,5.45
6204,0.99,-592.50,-34.79,-121.27,-44.65,5.13
6205,0.64,-629.32,-27.70,-201.63,-42.87,5.13
6206,0.51,-133.63,-28.92,-61.74,-42.03,5.13
6207,0.59,-924.58,-37.35,-294.29,-97.42,5.13
6208,0.64,-160.34,-35.89,-60.15,-43.78,5.13
6209,1.11,-1396.12,-34.37,-317.26,-44.78,5.13
6210,0.32,-124.45,-34.32,-73.48,-48.21,5.13
6211,0.83,-619.06,-33.97,-211.74,-43.51,5.13
6212,1.47,-1942.80,-32.37,-402.49,-37.19,5.13
6213,0.57,-754.39,-35.31,-179.24,-40.01,4.49
6214,0.94,-838.24,-31.66,-175.99,-45.91,4.49
6215,1.02,-771.37,-34.39,-163.15,-42.32,4.49
6216,0.51,-765.36,-26.99,-331.03,-136.32,4.81
6217,0.33,-598.60,-34.84,-219.71,-116.69,4.81
6218,0.74,-1116.76,-35.45,-369.03,-117.39,4.81
6219,0.39,-134.65,-36.60,-64.07,-40.77,4.81
6220,0.74,-622.85,-34.05,-147.48,-44.99,3.21
6221,1.40,-613.38,-41.30,-251.37,-129.44,3.21
6222,0.53,-792.07,-37.67,-203.11,-125.96,3.21
6223,0.60,-814.54,-30.94,-271.51,-122.41,3.21
6224,0.66,-203.38,-34.22,-65.49,-41.46,3.21
6225,0.94,-945.46,-38.36,-248.36,-114.40,3.21
6226,0.53,-840.74,-31.32,-324.53,-179.55,3.21
6227,0.55,-329.23,-37.10,-140.66,-114.41,3.21
6228,0.45,-603.30,-35.82,-146.79,-65.49,3.21
6229,0.99,-622.57,-38.25,-135.46,-45.70,5.13
6230,0.42,-602.71,-30.91,-127.88,-42.63,5.13
6231,0.76,-391.39,-31.11,-103.35,-42.35,5.13
6232,1.85,-284.00,-35.90,-85.73,-42.05,5.77
6233,0.73,-136.10,-30.90,-63.47,-40.73,5.77
6234,0.91,-1290.04,-38.95,-305.35,-134.36,5.77
6235,1.70,-1726.00,-38.45,-281.16,-39.16,5.77
6236,1.02,-116.37,-35.67,-54.79,-46.99,5.77
6237,1.57,-1635.71,-35.28,-278.95,-42.63,3.53
6238,0.61,-252.83,-37.25,-100.35,-43.35,5.13
6239,0.29,-46.26,-36.30,-41.78,-42.85,4.49
6240,0.41,-158.96,-41.94,-77.57,-49.46,4.17
6241,0.33,-611.23,-36.84,-193.09,-124.38,4.17
6242,0.62,-813.35,-41.71,-180.07,-46.42,4.17
6243,1.20,-1522.38,-33.48,-548.67,-527.63,4.17
6244,0.38,-637.85,-31.66,-285.23,-119.58,3.85
6245,1.28,-359.17,-31.67,-121.50,-42.04,3.53
6246,1.25,-1242.84,-31.12,-335.37,-138.31,4.81
6247,0.64,-870.83,-34.41,-159.43,-42.64,4.81
6248,0.91,-135.84,-32.18,-54.28,-44.28,4.81
6249,0.61,-635.69,-42.55,-293.52,-48.28,4.81
6250,0.49,-834.71,-45.36,-332.42,-182.35,4.81
6251,0.33,-139.93,-32.23,-66.87,-42.15,4.81
6252,1.04,-114.18,-36.65,-59.57,-39.35,4.81
6253,1.08,-116.43,-32.27,-49.19,-40.76,4.81
6254,0.92,-1634.04,-36.07,-356.05,-45.24,3.85
6255,0.48,-551.09,-31.10,-172.01,-41.38,4.49
6256,0.46,-536.30,-29.82,-143.14,-116.32,4.49
6257,0.54,-602.91,-34.63,-222.34,-57.11,4.49
6258,2.18,-588.55,-33.18,-164.01,-43.49,4.49
6259,1.10,-1705.76,-32.56,-296.07,-64.07,4.49
6260,0.92,-836.82,-31.99,-187.29,-52.06,4.49
6261,0.86,-857.01,-38.02,-277.08,-129.16,4.49
6262,0.95,-123.12,-29.39,-71.62,-46.65,4.49
6263,1.56,-1596.34,-37.78,-438.08,-113.43,4.49
6264,0.75,-913.83,-35.89,-199.84,-43.53,4.49
6265,1.00,-1096.83,-37.19,-383.97,-130.60,4.49
6266,1.28,-1806.50,-36.44,-476.61,-44.10,4.17
6267,0.35,-125.15,-30.75,-60.76,-38.00,3.85
6268,1.24,-1871.77,-40.66,-465.17,-195.35,3.85
6269,1.15,-1600.00,-35.12,-508.03,-594.74,3.85
6270,0.63,-422.97,-40.49,-116.08,-52.25,4.17
6271,0.45,-652.61,-28.08,-204.85,-37.65,4.17
6272,1.31,-1750.55,-26.53,-322.94,-39.69,4.17
6273,0.43,-429.41,-33.94,-108.25,-42.43,4.17
6274,1.06,-970.82,-34.60,-181.63,-40.86,4.17
6275,0.82,-49.64,-37.77,-42.43,-41.75,4.17
6276,0.69,-612.31,-33.79,-161.58,-42.97,4.17
6277,0.60,-866.12,-33.74,-242.71,-39.53,4.17
6278,0.95,-410.66,-33.51,-144.52,-42.85,4.17
6279,0.54,-136.84,-34.43,-65.43,-44.31,4.17
6280,0.38,-130.05,-30.21,-50.72,-37.53,4.17
6281,0.94,-591.36,-30.20,-153.30,-43.29,4.49
6282,0.52,-182.37,-41.08,-86.88,-49.46,4.17
6283,0.97,-1408.09,-34.74,-323.08,-45.54,4.17
6284,1.04,-1413.47,-30.37,-315.38,-41.69,4.17
6285,1.64,-627.14,-35.85,-227.29,-43.90,4.17
6286,1.03,-1310.63,-34.96,-415.28,-123.99,3.85
6287,1.02,-274.48,-36.32,-113.52,-49.12,3.85
6288,0.52,-764.01,-35.25,-250.39,-117.03,3.85
6289,0.56,-977.83,-31.46,-216.86,-103.19,3.85
6290,0.79,-623.73,-31.04,-177.65,-43.23,3.85
6291,0.38,-265.14,-36.76,-114.65,-128.44,3.85
6292,0.84,-1139.79,-37.26,-275.98,-133.94,3.85
6293,0.32,-506.77,-30.67,-151.16,-117.58,3.85
6294,0.62,-724.50,-39.24,-315.94,-295.45,3.85
6295,0.70,-996.33,-35.62,-240.75,-43.13,4.17
6296,0.50,-772.56,-30.43,-166.14,-42.15,4.17
6297,0.57,-617.67,-34.41,-266.23,-41.69,4.17
6298,0.38,-603.09,-34.33,-140.35,-40.38,4.17
6299,0.67,-1181.49,-39.33,-323.84,-46.37,4.17
6300,1.27,-1912.99,-35.73,-319.15,-44.46,3.85
6301,0.71,-578.28,-36.81,-140.51,-41.96,4.17
6302,0.44,-535.06,-40.81,-137.18,-51.17,4.17
6303,0.66,-557.12,-26.20,-128.52,-45.03,3.85
6304,0.69,-941.17,-32.75,-181.21,-40.41,3.85
6305,1.08,-1724.58,-38.02,-365.72,-47.05,3.85
6306,0.70,-542.71,-34.02,-215.64,-156.28,3.85
6307,0.88,-1582.86,-36.70,-351.03,-48.11,3.85
6308,0.54,-145.11,-30.81,-77.75,-39.32,3.85
6309,0.44,-737.93,-26.32,-236.04,-115.45,3.85
6310,0.62,-281.13,-34.86,-101.96,-48.42,4.81
6311,0.65,-760.28,-33.78,-302.78,-44.40,4.81
6312,0.75,-286.26,-37.32,-96.96,-45.35,4.81
6313,0.42,-192.62,-35.77,-73.74,-43.34,4.17
6314,0.58,-588.07,-34.20,-196.30,-117.88,4.17
6315,1.97,-1440.61,-43.73,-500.71,-574.19,4.17
6316,0.78,-294.11,-42.37,-99.86,-45.24,4.49
6317,0.40,-590.50,-36.72,-175.63,-46.36,4.49
6318,0.55,-737.75,-35.95,-153.75,-43.95,4.49
6319,0.65,-535.82,-31.28,-208.17,-120.06,4.49
6320,1.54,-1758.75,-33.57,-413.64,-116.49,4.49
6321,0.45,-799.04,-27.23,-170.28,-45.27,4.49
6322,1.10,-1493.45,-31.80,-354.61,-113.79,4.49
6323,0.48,-285.31,-39.52,-100.08,-41.71,4.49
6324,0.67,-932.88,-28.41,-261.94,-45.50,4.49
6325,0.65,-613.43,-34.47,-243.88,-41.19,3.85
6326,1.07,-1693.52,-40.15,-512.43,-187.89,3.85
6327,0.81,-930.01,-33.23,-437.63,-396.58,3.85
6328,1.03,-645.84,-35.83,-221.15,-38.87,3.85
6329,2.32,-851.75,-36.87,-324.88,-135.02,3.85
6330,0.58,-612.21,-32.24,-216.82,-44.50,3.85
6331,0.57,-607.62,-35.77,-199.96,-43.83,3.53
6332,0.92,-1305.45,-46.74,-401.55,-248.79,3.53
6333,0.93,-1351.85,-35.76,-582.71,-623.98,3.53
6334,1.15,-627.28,-42.46,-137.13,-43.90,5.13
6335,1.12,-47.43,-33.67,-39.72,-38.40,3.53
6336,0.46,-635.17,-37.56,-305.42,-114.39,3.53
6337,0.49,-126.69,-33.75,-62.98,-40.71,3.53
6338,0.51,-839.78,-39.12,-229.53,-115.60,3.53
6339,0.29,-370.41,-34.47,-133.15,-117.41,3.53
6340,1.53,-358.55,-33.35,-113.61,-54.54,3.53
6341,0.54,-855.66,-43.74,-267.33,-117.15,3.53
6342,1.09,-1458.87,-48.18,-522.72,-130.79,3.53
6343,0.58,-770.94,-39.25,-296.41,-343.12,3.85
6344,0.55,-832.51,-38.08,-189.31,-115.82,3.85
6345,0.69,-1155.37,-43.95,-285.88,-169.52,3.85
6346,0.65,-808.90,-39.13,-201.29,-47.41,3.85
6347,1.14,-1408.17,-37.65,-261.76,-43.59,3.85
6348,0.60,-730.03,-35.08,-173.39,-116.07,3.85
6349,0.56,-237.17,-35.99,-107.59,-112.89,3.85
6350,0.57,-741.09,-36.77,-230.17,-44.77,3.53
6351,1.44,-1794.43,-39.16,-327.87,-115.27,3.53
6352,1.55,-579.50,-34.66,-215.50,-130.32,3.53
6353,1.13,-1502.80,-37.47,-306.14,-121.53,3.53
6354,0.52,-611.30,-39.85,-180.91,-44.00,3.53
6355,0.79,-616.36,-37.88,-171.38,-44.82,3.53
6356,0.51,-126.26,-36.54,-67.47,-46.99,3.53
6357,0.32,-618.39,-29.26,-126.30,-41.15,3.53
6358,2.16,-621.92,-35.09,-207.82,-114.50,3.53
6359,2.40,-567.60,-32.65,-240.94,-115.88,3.53
6360,1.70,-2239.77,-35.24,-522.69,-116.53,3.53
6361,1.19,-1776.49,-38.95,-548.84,-514.31,3.53
6362,0.78,-156.56,-35.30,-97.36,-114.26,3.53
6363,1.67,-1720.18,-38.73,-306.34,-57.17,4.17
6364,1.03,-167.08,-28.77,-81.36,-43.12,4.17
6365,0.74,-766.23,-30.67,-232.74,-43.97,4.49
6366,1.56,-883.72,-31.76,-196.45,-69.36,4.49
6367,1.08,-831.87,-34.85,-151.98,-37.94,4.17
6368,1.63,-619.21,-32.74,-128.37,-44.49,4.17
6369,0.95,-621.76,-21.63,-141.03,-39.75,4.17
6370,0.95,-589.61,-33.98,-175.65,-46.70,4.17
6371,2.09,-2722.13,-35.83,-474.75,-47.63,4.49
6372,1.21,-1756.57,-37.06,-376.14,-135.67,4.49
6373,1.37,-619.30,-34.35,-199.71,-38.59,4.49
6374,0.69,-898.39,-28.42,-162.03,-39.47,3.53
6375,0.77,-961.57,-30.34,-380.06,-229.93,4.17
6376,1.14,-1614.72,-33.77,-734.48,-827.47,4.17
6377,0.63,-606.70,-34.84,-291.86,-124.39,4.17
6378,1.86,-1657.79,-34.48,-363.24,-47.15,3.53
6379,1.53,-1048.77,-36.69,-227.85,-115.82,3.53
6380,0.53,-560.57,-36.72,-144.98,-113.26,4.49
6381,0.76,-606.63,-30.18,-218.60,-119.22,4.49
6382,1.03,-558.31,-28.73,-160.00,-40.47,3.85
6383,1.56,-1969.42,-27.22,-589.71,-341.49,3.85
6384,1.67,-603.22,-27.53,-139.43,-43.02,4.17
6385,0.57,-287.31,-31.71,-108.02,-105.72,3.85
6386,2.49,-831.51,-34.14,-324.48,-328.51,3.85
6387,1.10,-1697.28,-28.59,-411.25,-58.73,3.85
6388,0.70,-185.26,-28.91,-71.90,-43.07,3.85
6389,1.03,-1291.17,-30.31,-252.13,-42.74,3.85
6390,2.04,-1595.74,-39.01,-286.72,-50.85,4.81
6391,1.40,-1656.38,-23.37,-280.63,-37.81,4.81
6392,0.90,-112.49,-30.98,-51.62,-43.13,4.81
6393,1.12,-1400.22,-32.77,-326.63,-124.33,4.81
6394,0.64,-233.71,-29.04,-110.28,-136.52,4.49
6395,0.57,-600.03,-31.54,-160.73,-125.52,4.49
6396,0.79,-614.87,-25.08,-119.04,-39.71,5.13
6397,1.04,-1264.58,-27.49,-227.88,-39.19,5.13
6398,1.32,-122.60,-27.36,-50.08,-40.43,5.13
6399,0.83,-162.83,-35.60,-95.15,-123.97,5.13
6400,1.41,-1870.55,-20.08,-299.49,-42.38,5.13
6401,0.80,-621.48,-35.51,-266.11,-42.53,5.13
6402,1.42,-1839.50,-31.41,-495.36,-42.90,5.13
6403,1.39,-774.81,-41.40,-174.36,-50.75,3.85
6404,0.55,-287.99,-40.65,-99.42,-44.46,3.85
6405,1.58,-1108.47,-34.04,-213.82,-50.40,3.85
6406,1.64,-2093.30,-43.40,-377.34,-115.15,3.85
6407,1.17,-1670.84,-47.64,-633.82,-607.83,4.49
6408,1.80,-620.61,-33.54,-213.71,-45.82,4.49
6409,1.02,-1260.12,-28.35,-226.72,-47.22,3.85
6410,0.63,-132.17,-38.01,-80.15,-53.76,3.85
6411,0.81,-609.11,-32.32,-135.45,-45.24,3.85
6412,1.36,-610.49,-26.56,-122.54,-40.24,3.85
6413,2.05,-1977.83,-26.31,-409.95,-36.73,4.49
6414,0.92,-176.46,-44.64,-88.43,-57.14,4.49
6415,0.72,-607.20,-39.06,-147.33,-43.09,4.49
6416,0.63,-618.73,-27.35,-131.28,-35.60,4.49
6417,1.07,-119.37,-35.65,-55.31,-44.04,4.49
6418,0.69,-661.07,-32.95,-134.68,-36.38,4.49
6419,1.51,-1537.99,-35.03,-471.50,-46.13,4.49
6420,0.92,-134.10,-24.75,-49.06,-38.10,4.49
6421,1.14,-129.29,-33.57,-60.45,-45.32,4.49
6422,0.42,-627.61,-29.64,-272.52,-130.53,4.49
6423,0.82,-619.67,-23.91,-117.08,-36.76,3.85
6424,0.71,-274.20,-31.86,-85.29,-37.53,3.85
6425,1.40,-1144.62,-29.01,-241.55,-126.65,3.85
6426,1.35,-1111.54,-38.63,-291.91,-47.61,3.85
6427,0.46,-115.24,-40.66,-93.53,-111.64,3.85
6428,1.44,-1805.33,-41.85,-402.63,-151.46,3.85
6429,0.85,-603.79,-32.50,-191.02,-119.77,3.85
6430,0.61,-130.99,-33.53,-62.61,-42.29,3.85
6431,0.93,-772.99,-36.09,-318.60,-264.66,3.85
6432,0.84,-835.08,-27.70,-253.49,-40.75,3.53
6433,1.57,-1787.53,-32.91,-424.39,-51.62,3.53
6434,1.15,-1802.74,-37.26,-473.31,-129.87,3.53
6435,1.65,-2423.57,-37.05,-782.60,-122.75,3.53
6436,2.15,-1814.16,-36.58,-328.45,-117.66,4.49
6437,1.22,-640.87,-36.69,-157.94,-44.32,4.49
6438,1.58,-177.75,-39.93,-85.15,-49.93,4.81
6439,1.59,-235.40,-33.13,-87.48,-50.79,4.81
6440,0.55,-762.36,-35.31,-295.43,-123.55,4.81
6441,0.63,-627.33,-29.15,-286.52,-176.77,4.81
6442,1.12,-1732.06,-34.67,-385.59,-120.04,4.81
6443,1.36,-124.00,-33.60,-68.76,-40.33,4.81
6444,0.74,-357.90,-35.89,-105.27,-39.72,5.13
6445,0.68,-120.09,-33.26,-50.62,-41.76,5.13
6446,1.61,-1346.02,-31.57,-364.03,-117.83,5.13
6447,0.87,-770.50,-24.45,-151.46,-34.63,3.21
6448,0.89,-1108.56,-25.70,-293.29,-115.94,3.85
6449,0.93,-849.16,-38.64,-255.59,-48.09,3.85
6450,0.66,-456.18,-25.74,-112.67,-35.24,3.53
6451,2.28,-950.54,-35.22,-355.00,-116.47,3.53
6452,0.77,-626.24,-41.76,-223.83,-121.06,3.53
6453,0.77,-924.06,-28.55,-297.86,-114.32,3.53
6454,2.24,-2851.78,-28.98,-516.45,-39.07,3.53
6455,1.15,-1498.11,-36.50,-456.98,-53.85,4.49
6456,0.71,-888.29,-29.29,-369.42,-111.88,4.49
6457,1.15,-903.76,-23.83,-260.49,-47.82,4.49
6458,0.99,-635.08,-36.71,-147.28,-42.02,4.49
6459,1.21,-590.77,-31.73,-141.65,-43.37,4.81
6460,0.76,-973.11,-29.98,-277.81,-54.86,4.81
6461,2.07,-2292.66,-34.73,-396.66,-41.99,4.81
6462,0.75,-616.80,-30.92,-140.60,-39.83,4.17
6463,1.02,-622.78,-39.58,-183.89,-71.68,4.17
6464,1.08,-622.85,-32.98,-157.34,-39.27,4.17
6465,1.01,-566.86,-30.39,-172.17,-39.00,4.17
6466,0.58,-499.32,-34.71,-181.31,-114.84,4.17
6467,0.51,-554.93,-28.08,-188.86,-129.20,4.49
6468,1.35,-1443.07,-28.90,-291.40,-43.38,4.49
6469,1.33,-170.23,-37.70,-72.02,-39.39,4.49
6470,2.10,-266.87,-27.17,-70.22,-38.76,4.49
6471,2.01,-2781.41,-30.10,-617.59,-135.29,4.49
6472,1.54,-834.08,-37.56,-171.53,-40.36,4.49
6473,1.51,-2030.75,-32.34,-605.28,-134.03,3.85
6474,0.95,-936.31,-26.79,-180.79,-42.77,3.85
6475,0.42,-173.79,-39.21,-93.38,-114.35,3.21
6476,2.12,-432.11,-45.89,-219.23,-132.11,3.21
6477,1.56,-1064.91,-32.29,-421.59,-298.74,3.21
6478,1.18,-365.84,-38.95,-136.13,-126.02,3.21
6479,1.39,-756.35,-44.96,-209.07,-118.80,3.21
6480,1.18,-824.30,-26.92,-299.09,-366.52,3.85
6481,0.71,-998.52,-27.38,-204.58,-42.32,3.85
6482,1.72,-841.19,-35.96,-380.57,-140.00,3.53
6483,2.22,-2430.02,-27.15,-449.61,-51.60,3.53
6484,1.14,-1329.42,-37.78,-296.47,-45.33,3.53
6485,1.58,-1805.93,-26.82,-403.46,-116.42,3.53
6486,1.41,-1658.10,-37.26,-582.41,-407.30,3.53
6487,1.63,-1181.11,-42.56,-417.39,-63.35,3.53
6488,1.26,-848.29,-31.07,-215.49,-44.27,3.53
6489,1.67,-898.72,-38.27,-310.15,-82.17,5.13
6490,0.69,-630.52,-21.10,-121.21,-38.81,5.13
6491,0.38,-58.19,-24.05,-33.56,-29.60,5.13
6492,0.96,-938.93,-33.21,-356.69,-135.42,5.13
6493,1.22,-116.52,-28.03,-44.32,-32.37,5.13
6494,1.72,-240.86,-35.08,-110.62,-110.70,5.13
6495,1.17,-258.01,-25.96,-65.00,-34.19,5.13
6496,0.85,-751.37,-22.74,-232.36,-40.22,4.17
6497,0.68,-608.48,-28.39,-152.48,-39.42,4.17
6498,1.04,-802.42,-30.82,-217.03,-130.87,4.17
6499,0.82,-1089.31,-30.05,-223.96,-40.47,4.17
6500,0.41,-276.83,-37.50,-94.90,-42.24,4.17
6501,0.75,-761.02,-34.52,-222.73,-39.24,4.17
6502,1.66,-2314.43,-31.07,-470.81,-128.60,4.17
6503,0.29,-640.94,-37.27,-218.92,-44.76,3.85
6504,1.91,-619.18,-41.72,-286.16,-162.93,3.85
6505,2.46,-2571.86,-24.25,-741.33,-127.23,3.85
6506,1.84,-603.29,-33.40,-218.89,-131.47,3.85
6507,0.55,-946.86,-26.66,-246.31,-40.03,4.17
6508,2.83,-706.24,-35.68,-159.09,-41.09,4.17
6509,0.29,-582.40,-31.75,-264.48,-40.51,4.81
6510,0.44,-823.91,-34.74,-251.24,-111.24,4.81
6511,0.31,-609.71,-28.96,-130.85,-35.31,4.81
6512,0.38,-117.62,-37.13,-71.38,-42.96,4.81
6513,0.42,-759.17,-38.98,-253.89,-108.49,4.81
6514,0.84,-649.01,-29.93,-254.76,-39.37,4.81
6515,0.32,-41.62,-30.22,-35.77,-35.70,4.81
6516,0.52,-71.69,-29.28,-41.52,-34.67,4.81
6517,0.62,-346.12,-28.75,-108.62,-42.95,4.17
6518,0.77,-1392.54,-31.90,-322.86,-47.15,3.53
6519,0.56,-1047.74,-30.62,-351.85,-90.78,3.53
6520,0.33,-619.08,-42.05,-297.57,-132.98,4.17
6521,0.57,-909.76,-31.97,-171.15,-35.90,4.17
6522,0.29,-111.64,-40.76,-83.25,-98.41,4.17
6523,0.68,-1290.80,-29.43,-478.54,-607.00,4.17
6524,0.49,-897.71,-27.03,-156.05,-32.14,3.85
6525,0.50,-853.96,-31.70,-207.01,-125.09,3.85
6526,0.30,-171.47,-35.03,-73.42,-47.29,3.85
6527,0.39,-576.34,-37.83,-165.20,-123.89,3.85
6528,0.86,-1307.82,-32.03,-415.66,-124.56,3.85
6529,0.47,-893.29,-28.54,-260.29,-114.15,3.85
6530,0.29,-424.98,-30.37,-118.33,-42.60,3.85
6531,0.64,-648.51,-36.19,-167.32,-126.92,3.85
6532,0.76,-1043.29,-33.63,-387.22,-105.82,3.21
6533,0.63,-852.47,-41.53,-446.28,-534.85,3.21
6534,0.55,-1033.48,-32.76,-446.20,-541.87,3.21
6535,0.46,-839.14,-35.87,-267.95,-112.32,3.53
6536,0.82,-1130.68,-34.61,-299.25,-87.07,3.53
6537,0.56,-950.39,-38.34,-393.80,-150.22,3.53
6538,0.63,-833.59,-31.00,-206.10,-74.42,3.53
6539,0.38,-724.12,-37.20,-235.29,-123.83,3.53
6540,0.31,-576.75,-29.40,-261.92,-130.81,3.53
6541,0.29,-597.71,-25.18,-150.96,-117.81,3.85
6542,0.50,-860.43,-34.43,-157.28,-40.86,4.17
6543,0.34,-587.45,-28.01,-130.44,-42.97,4.17
6544,0.35,-622.57,-35.58,-197.52,-44.74,4.17
6545,2.56,-1345.41,-38.06,-479.10,-407.97,4.17
6546,0.65,-993.21,-30.79,-181.15,-32.63,4.49
6547,0.42,-777.72,-27.72,-242.34,-46.68,4.49
6548,0.60,-1006.55,-29.64,-220.32,-112.73,4.49
6549,1.31,-1210.78,-34.85,-371.23,-45.93,4.49
6550,0.50,-814.51,-31.26,-218.31,-36.56,4.49
6551,0.31,-602.90,-30.20,-127.43,-35.66,4.49
6552,0.33,-550.62,-31.06,-127.35,-32.54,4.17
6553,0.88,-1415.87,-26.22,-375.14,-51.44,4.17
6554,0.44,-447.81,-32.97,-124.09,-39.65,4.17
6555,0.79,-944.72,-26.23,-173.05,-31.43,4.17
6556,0.28,-591.88,-27.11,-149.97,-85.93,5.45
6557,0.32,-599.05,-32.46,-196.29,-35.82,5.45
6558,0.39,-557.21,-28.81,-136.55,-42.94,5.45
6559,0.65,-1160.70,-33.90,-206.90,-51.23,5.45
6560,0.42,-564.11,-40.96,-136.40,-57.89,5.45
6561,0.47,-836.40,-45.88,-253.81,-89.89,5.45
6562,0.64,-1072.32,-42.32,-425.63,-164.11,5.45
6563,0.49,-853.77,-43.51,-188.53,-71.26,5.45
6564,0.87,-627.88,-39.27,-226.61,-70.96,4.49
6565,0.63,-868.69,-33.73,-349.07,-50.48,4.49
6566,0.79,-1200.57,-39.61,-383.56,-133.32,4.49
6567,0.85,-1077.22,-54.16,-389.36,-88.58,4.49
6568,0.54,-51.13,-43.65,-46.79,-44.50,4.49
6569,0.64,-1028.55,-30.43,-245.35,-37.78,4.49
6570,0.56,-111.34,-31.29,-64.31,-60.95,3.85
6571,0.63,-1135.03,-36.95,-353.25,-116.18,3.85
6572,0.40,-628.32,-37.03,-151.18,-59.16,4.81
6573,0.43,-570.52,-27.99,-116.09,-36.59,4.81
6574,0.71,-1223.33,-33.13,-298.74,-46.22,4.81
6575,0.75,-886.20,-36.40,-256.41,-40.03,4.17
6576,1.07,-1516.13,-34.94,-459.02,-168.93,4.17
6577,0.30,-637.12,-28.61,-196.63,-39.24,4.17
6578,0.56,-968.90,-34.09,-169.97,-37.12,4.17
6579,0.49,-777.57,-33.17,-326.80,-111.64,4.49
6580,0.30,-125.81,-30.33,-60.71,-40.09,4.49
6581,0.30,-629.78,-29.33,-159.16,-109.84,4.49
6582,0.30,-198.96,-36.39,-81.13,-42.96,4.49
6583,0.28,-137.00,-34.59,-63.20,-40.35,4.49
6584,0.56,-822.05,-33.96,-240.88,-42.28,3.21
6585,0.45,-817.46,-32.75,-307.35,-50.68,3.21
6586,0.57,-1018.51,-30.24,-326.32,-162.07,3.21
6587,0.64,-983.18,-34.72,-488.82,-561.31,3.21
6588,0.30,-599.49,-41.73,-225.41,-113.63,3.21
6589,0.55,-1014.55,-32.45,-346.86,-38.79,3.21
6590,0.56,-1068.23,-28.90,-278.73,-45.98,3.21
6591,0.56,-848.59,-31.66,-385.58,-502.04,3.21
6592,2.31,-920.71,-35.21,-420.39,-464.43,3.21
6593,0.30,-633.67,-37.03,-353.41,-543.19,3.21
6594,0.57,-870.85,-38.66,-362.88,-109.87,3.85
6595,0.97,-1006.16,-34.96,-350.45,-96.82,2.88
6596,0.29,-604.98,-29.92,-155.69,-113.64,2.88
6597,0.30,-627.42,-37.58,-239.07,-125.36,4.17
6598,0.59,-581.54,-30.44,-233.36,-111.34,4.17
6599,0.77,-602.94,-27.60,-131.22,-47.69,4.17
6600,0.34,-615.39,-30.10,-220.49,-44.73,4.17
6601,0.57,-991.98,-27.68,-383.35,-120.94,4.17
6602,0.31,-98.44,-32.79,-46.07,-36.26,4.17
6603,0.35,-599.33,-27.32,-206.86,-41.84,3.53
6604,0.28,-627.20,-30.63,-215.59,-80.80,3.53
6605,0.42,-846.72,-29.43,-193.95,-45.24,3.53
6606,0.53,-374.32,-37.60,-113.51,-69.60,3.53
6607,0.30,-583.69,-35.73,-211.98,-117.34,3.53
6608,0.55,-135.81,-31.05,-72.92,-42.71,3.21
6609,0.33,-527.30,-39.34,-126.54,-47.64,3.21
6610,0.29,-585.40,-44.62,-161.17,-111.07,3.21
6611,0.55,-602.13,-31.35,-273.10,-113.34,3.21
6612,0.71,-1086.96,-35.26,-311.00,-59.57,3.21
6613,0.29,-580.87,-24.43,-125.41,-38.91,3.21
6614,0.38,-586.71,-42.67,-230.97,-126.28,3.21
6615,0.55,-738.57,-34.57,-236.70,-108.58,3.21
6616,0.67,-1319.32,-36.55,-241.67,-42.66,3.21
6617,0.37,-591.82,-34.86,-195.27,-39.13,3.53
6618,0.69,-1131.97,-25.29,-387.21,-149.35,3.53
6619,0.30,-624.24,-29.34,-232.42,-112.16,3.53
6620,0.29,-585.11,-28.67,-147.13,-106.12,4.17
6621,0.55,-831.38,-42.28,-237.36,-48.62,4.17
6622,0.50,-934.95,-39.69,-272.67,-62.15,3.53
6623,0.48,-925.04,-29.03,-188.16,-39.45,4.17
6624,0.77,-1125.81,-31.93,-387.05,-137.62,4.17
6625,0.35,-604.73,-34.44,-142.52,-54.75,4.17
6626,0.63,-1312.83,-25.79,-234.96,-49.17,2.88
6627,0.46,-620.38,-35.73,-247.72,-110.46,2.88
6628,0.80,-1104.12,-32.55,-303.83,-125.97,2.88
6629,0.62,-1181.40,-34.05,-286.34,-128.36,3.53
6630,0.29,-604.19,-33.25,-227.93,-127.77,3.85
6631,0.35,-622.57,-23.91,-195.35,-41.61,3.85
6632,0.39,-600.83,-33.41,-142.14,-46.56,3.85
6633,0.37,-126.62,-25.54,-48.69,-39.59,3.21
6634,0.32,-615.12,-28.13,-212.44,-102.79,3.21
6635,0.51,-970.20,-31.43,-375.94,-127.28,3.21
6636,0.38,-618.96,-27.67,-137.81,-41.93,3.21
6637,0.78,-605.22,-32.33,-140.47,-64.88,3.21
6638,0.46,-785.97,-37.34,-173.78,-51.31,3.21
6639,0.63,-1042.52,-25.85,-183.67,-36.16,3.21
6640,0.79,-620.35,-29.98,-200.74,-43.13,3.85
6641,0.70,-1264.58,-31.03,-316.16,-101.83,3.21
6642,0.66,-1355.61,-37.69,-398.11,-114.22,3.53
6643,0.42,-554.60,-35.09,-131.02,-40.06,3.85
6644,1.31,-656.96,-32.07,-158.94,-103.49,3.85
6645,0.29,-634.48,-32.75,-156.87,-111.59,3.85
6646,0.53,-873.52,-34.43,-313.17,-46.39,3.85
6647,0.60,-1192.02,-27.78,-260.28,-36.38,3.85
6648,0.63,-1006.48,-28.31,-357.14,-135.79,3.85
6649,0.72,-673.12,-35.34,-189.19,-50.18,4.81
6650,0.33,-52.23,-31.25,-40.94,-37.41,4.81
6651,0.48,-779.35,-34.60,-180.41,-111.72,4.81
6652,0.50,-875.13,-34.46,-212.78,-39.11,4.81
6653,0.38,-513.16,-34.92,-171.87,-39.31,4.81
6654,0.47,-111.91,-29.63,-46.31,-34.91,3.21
6655,0.30,-345.98,-35.21,-100.64,-42.50,3.21
6656,2.14,-1881.78,-37.68,-458.76,-110.14,3.21
6657,0.50,-889.16,-29.77,-396.92,-40.44,3.21
6658,0.39,-715.38,-33.59,-147.19,-40.64,3.85
6659,1.02,-905.51,-32.36,-244.07,-38.39,3.85
6660,0.83,-359.86,-35.64,-112.67,-43.36,3.85
6661,0.29,-124.10,-28.63,-58.93,-38.60,4.17
6662,3.14,-44.45,-32.49,-37.15,-36.75,4.17
6663,0.54,-37.32,-31.86,-35.23,-36.12,4.17
6664,0.53,-949.70,-34.88,-337.51,-36.48,3.53
6665,0.68,-1142.04,-36.74,-482.37,-497.90,3.53
6666,0.74,-1018.53,-34.56,-196.60,-42.48,4.81
6667,0.64,-937.49,-31.91,-376.90,-40.37,4.17
6668,0.34,-142.16,-33.45,-52.20,-38.98,3.53
6669,1.12,-1795.92,-30.87,-322.79,-41.17,3.53
6670,0.31,-609.70,-32.90,-139.17,-35.24,3.85
6671,0.32,-611.18,-38.18,-291.70,-130.70,3.85
6672,0.33,-629.78,-32.99,-293.67,-163.44,3.85
6673,0.41,-762.16,-38.42,-226.15,-97.46,3.85
6674,0.50,-926.81,-39.81,-270.84,-112.86,3.85
6675,0.43,-539.45,-38.20,-213.26,-116.92,3.85
6676,0.84,-582.31,-32.57,-202.81,-111.08,3.85
6677,0.85,-848.24,-32.91,-363.78,-126.98,3.85
6678,0.57,-622.38,-35.39,-228.79,-125.19,3.85
6679,0.31,-459.24,-37.53,-223.24,-112.70,3.85
6680,0.36,-442.38,-35.58,-110.42,-46.68,3.85
6681,0.28,-583.30,-30.42,-139.98,-72.49,3.85
6682,0.73,-932.94,-36.50,-361.19,-40.48,3.85
6683,0.94,-1260.69,-35.15,-301.03,-40.68,3.85
6684,0.50,-940.56,-27.46,-435.46,-560.06,3.85
6685,0.86,-713.41,-33.42,-308.64,-63.11,3.85
6686,0.29,-116.09,-33.65,-63.46,-43.34,4.17
6687,0.60,-934.44,-34.75,-357.17,-158.05,4.17
6688,0.51,-841.70,-33.76,-260.57,-132.99,4.17
6689,0.41,-591.39,-36.39,-222.30,-122.42,3.85
6690,0.28,-599.86,-30.70,-230.94,-112.93,4.81
6691,0.30,-601.02,-35.23,-270.98,-46.56,4.81
6692,0.69,-1050.23,-34.85,-258.88,-39.58,3.85
6693,0.77,-1249.82,-36.37,-224.40,-40.20,3.21
6694,0.56,-782.82,-29.08,-145.69,-41.88,3.21
6695,0.54,-1035.08,-28.66,-417.99,-508.13,3.21
6696,0.78,-1393.07,-32.34,-376.76,-118.13,3.21
6697,0.28,-596.02,-34.86,-266.37,-156.25,3.21
6698,0.62,-1145.15,-32.02,-436.93,-571.79,3.21
6699,0.29,-622.15,-37.12,-242.60,-125.34,3.21
6700,0.27,-604.65,-32.62,-345.27,-451.00,4.17
6701,0.61,-836.05,-31.42,-281.81,-38.82,3.85
6702,0.60,-961.63,-30.79,-285.00,-41.77,3.85
6703,0.34,-111.32,-29.92,-45.51,-34.38,3.85
6704,0.29,-164.30,-31.96,-65.69,-38.00,3.53
6705,0.64,-1198.26,-33.80,-368.24,-126.96,3.53
6706,0.83,-1453.82,-27.09,-347.73,-39.97,3.53
6707,0.29,-413.89,-31.55,-120.57,-39.81,3.53
6708,0.89,-596.96,-33.07,-206.15,-44.15,3.53
6709,0.29,-541.86,-35.33,-201.40,-136.76,3.53
6710,0.66,-422.59,-36.02,-182.21,-110.46,3.53
6711,0.58,-860.31,-43.98,-391.35,-113.50,4.81
6712,0.47,-775.96,-33.01,-254.96,-134.37,4.81
6713,0.30,-140.60,-31.00,-49.62,-34.71,4.81
6714,0.58,-979.16,-28.83,-193.04,-38.98,4.81
6715,0.87,-892.47,-18.84,-254.30,-101.38,4.17
6716,0.70,-1016.49,-34.86,-348.70,-144.77,4.17
6717,0.61,-1110.42,-25.77,-291.15,-112.41,4.17
6718,3.30,-1178.78,-35.37,-302.08,-42.81,4.17
6719,0.73,-572.33,-25.53,-198.10,-42.81,4.17
6720,0.55,-933.25,-31.98,-314.35,-109.79,4.17
6721,0.29,-202.06,-32.54,-86.16,-44.44,4.17
6722,0.34,-621.99,-32.14,-196.99,-39.24,4.17
6723,2.79,-2171.17,-31.44,-446.55,-126.09,4.17
6724,0.29,-617.52,-35.48,-215.43,-112.74,4.17
6725,0.52,-980.59,-32.73,-412.97,-572.21,5.13
6726,0.36,-570.63,-32.85,-129.62,-36.25,4.17
6727,0.30,-139.77,-35.13,-76.06,-53.48,4.17
6728,0.47,-735.15,-36.24,-283.31,-39.29,4.17
6729,0.29,-594.83,-25.91,-267.84,-35.67,4.17
6730,0.63,-1176.63,-31.82,-222.67,-36.68,4.17
6731,0.80,-1004.09,-28.68,-252.01,-40.09,4.17
6732,1.07,-1407.11,-32.84,-411.39,-111.80,4.17
6733,0.80,-572.56,-32.12,-189.97,-57.79,4.17
6734,0.48,-590.84,-30.10,-140.54,-40.81,4.49
6735,0.32,-603.95,-37.12,-146.20,-40.08,4.49
6736,0.54,-938.78,-30.87,-432.03,-612.52,4.49
6737,0.77,-1201.52,-29.53,-296.02,-44.75,4.49
6738,0.41,-624.30,-31.53,-232.48,-125.35,4.49
6739,0.63,-1121.41,-30.50,-202.86,-37.60,4.49
6740,0.30,-131.10,-22.43,-48.39,-36.86,4.49
6741,0.38,-606.02,-31.92,-212.21,-40.29,4.49
6742,0.63,-1010.69,-37.59,-191.22,-39.02,4.49
6743,0.31,-602.04,-30.45,-138.28,-39.13,4.49
6744,0.67,-1263.02,-29.45,-313.56,-129.30,5.13
6745,0.65,-586.57,-35.18,-210.20,-94.84,5.13
6746,0.67,-853.77,-30.32,-269.79,-43.38,5.13
6747,0.36,-125.31,-33.31,-50.04,-35.33,5.13
6748,0.29,-333.97,-24.98,-104.72,-37.11,5.13
6749,0.33,-606.91,-25.12,-176.28,-29.81,5.13
6750,0.49,-858.87,-19.96,-213.42,-47.31,5.13
6751,0.73,-1268.42,-24.10,-254.45,-110.67,4.17
6752,0.32,-532.32,-24.61,-114.03,-29.54,4.17
6753,0.33,-607.90,-27.12,-132.29,-32.05,4.17
6754,0.41,-531.40,-21.51,-158.92,-28.32,4.17
6755,0.50,-792.54,-28.61,-243.97,-97.01,4.17
6756,1.58,-610.24,-24.22,-213.94,-111.42,4.17
6757,0.29,-275.09,-30.18,-94.60,-68.24,4.17
6758,0.61,-1084.60,-25.51,-277.37,-29.59,4.17
6759,0.85,-1214.44,-27.54,-227.92,-32.80,4.17
6760,2.61,-1019.45,-27.60,-349.32,-188.10,4.17
6761,0.43,-763.52,-27.96,-302.42,-111.23,4.17
6762,3.46,-183.17,-26.87,-106.97,-122.65,4.17
6763,0.69,-1223.32,-24.48,-214.16,-30.78,4.17
6764,0.35,-555.80,-24.42,-190.42,-108.68,4.17
6765,0.84,-1368.63,-21.42,-636.90,-894.60,4.17
6766,0.35,-656.13,-26.94,-146.97,-59.24,4.17
6767,0.31,-103.36,-22.46,-38.95,-29.14,4.17
6768,1.48,-839.24,-23.27,-224.15,-31.53,4.17
6769,0.30,-138.12,-25.59,-55.46,-28.08,4.17
6770,0.69,-1131.76,-29.37,-286.84,-40.76,4.17
6771,0.30,-134.83,-25.22,-68.46,-29.21,4.17
6772,0.29,-612.31,-23.06,-177.77,-100.36,4.17
6773,0.42,-377.75,-23.69,-93.13,-30.45,4.17
6774,0.47,-597.30,-23.51,-158.76,-116.72,4.17
6775,0.32,-611.92,-27.23,-123.98,-28.97,3.21
6776,0.82,-1283.59,-26.73,-649.62,-651.62,3.21
6777,0.31,-597.32,-23.29,-231.70,-132.01,3.21
6778,0.36,-631.84,-26.49,-239.45,-162.18,3.21
6779,0.48,-657.46,-23.59,-246.03,-104.56,3.21
6780,0.59,-1167.81,-23.41,-297.11,-129.34,3.21
6781,1.56,-1172.85,-29.60,-379.28,-139.40,3.21
6782,2.69,-938.88,-27.83,-314.73,-176.72,3.85
6783,0.37,-624.38,-26.39,-206.46,-72.63,3.85
6784,0.32,-627.02,-22.79,-397.66,-477.38,3.85
6785,0.34,-622.94,-25.51,-241.24,-128.70,3.85
6786,0.41,-600.01,-26.48,-172.33,-131.84,3.85
6787,0.68,-1230.56,-25.45,-441.48,-121.60,3.85
6788,0.34,-135.52,-15.82,-56.52,-31.20,3.85
6789,0.45,-819.48,-25.95,-253.37,-129.29,3.85
6790,0.60,-563.66,-29.16,-282.76,-322.59,3.85
6791,0.55,-862.29,-24.67,-239.13,-38.71,3.85
6792,0.40,-609.60,-21.39,-272.05,-48.97,3.85
6793,0.48,-356.98,-22.46,-99.44,-25.20,3.85
6794,0.73,-565.69,-23.39,-165.14,-109.48,3.85
6795,0.51,-859.34,-23.32,-235.19,-33.15,3.85
6796,0.57,-1026.83,-21.00,-259.72,-110.94,3.85
6797,0.30,-145.67,-17.73,-50.75,-29.53,3.85
6798,0.84,-1376.69,-23.25,-448.75,-492.52,3.85
6799,0.58,-1036.86,-20.24,-333.53,-114.56,4.17
6800,0.55,-886.17,-28.15,-217.85,-34.88,4.17
6801,0.35,-223.24,-22.08,-69.06,-32.44,4.49
6802,0.35,-32.10,-21.44,-27.16,-27.56,4.49
6803,0.87,-689.21,-25.61,-240.30,-128.50,4.49
6804,0.62,-672.61,-19.52,-150.96,-36.77,4.49
6805,0.60,-613.86,-24.94,-271.93,-135.09,4.49
6806,0.74,-1159.96,-23.44,-279.02,-40.89,4.49
6807,0.75,-662.17,-25.68,-279.60,-32.21,4.49
6808,0.91,-1246.20,-21.28,-377.58,-109.93,4.49
6809,0.36,-585.70,-23.49,-122.30,-26.20,3.85
6810,0.30,-533.94,-24.36,-136.99,-94.61,3.85
6811,0.69,-1168.19,-18.55,-236.54,-84.47,3.85
6812,0.58,-1085.54,-24.93,-289.73,-28.58,4.49
6813,0.31,-615.47,-22.33,-170.19,-27.54,4.49
6814,0.31,-132.88,-23.41,-55.06,-26.88,4.49
6815,0.31,-133.18,-19.71,-49.88,-26.60,4.49
6816,0.34,-139.18,-25.10,-72.57,-39.98,4.49
6817,0.48,-889.97,-24.04,-308.92,-40.39,4.49
6818,0.49,-590.00,-23.96,-235.62,-144.76,4.49
6819,0.31,-629.82,-26.78,-283.36,-126.34,4.49
6820,0.40,-606.55,-23.27,-133.01,-33.06,5.13
6821,0.32,-566.04,-22.90,-113.73,-27.56,5.13
6822,0.43,-827.95,-24.76,-155.18,-32.33,5.45
6823,0.80,-585.56,-26.08,-163.43,-31.61,5.45
6824,0.34,-646.17,-25.20,-210.28,-29.38,5.45
6825,0.61,-962.71,-23.11,-292.17,-112.52,5.45
6826,1.03,-1371.86,-20.06,-243.13,-29.31,5.45
6827,0.82,-1339.04,-26.41,-329.08,-133.00,5.45
6828,0.32,-626.47,-25.88,-128.64,-29.44,5.13
6829,0.34,-590.50,-26.60,-202.60,-38.70,5.13
6830,0.36,-32.94,-25.26,-28.10,-28.04,5.13
6831,0.31,-630.49,-23.28,-256.86,-132.96,5.13
6832,0.35,-591.13,-27.35,-154.00,-111.27,5.13
6833,0.34,-126.95,-25.08,-42.82,-30.54,3.21
6834,0.31,-551.97,-27.75,-192.27,-121.27,3.21
6835,0.29,-252.80,-22.66,-97.61,-80.13,3.21
6836,0.52,-831.31,-27.39,-395.44,-424.81,3.21
6837,0.35,-615.65,-23.69,-153.61,-89.04,3.21
6838,1.24,-637.39,-25.12,-234.68,-112.60,3.21
6839,1.01,-614.96,-26.45,-367.27,-469.58,3.21
6840,0.41,-631.63,-25.96,-250.87,-126.29,3.21
6841,0.31,-561.80,-27.78,-221.95,-140.08,3.85
6842,0.43,-538.18,-24.98,-193.73,-110.23,4.49
6843,0.71,-1289.68,-28.07,-400.86,-126.05,4.49
6844,0.73,-1315.06,-25.61,-333.37,-125.67,4.49
6845,0.32,-609.78,-24.07,-142.43,-70.73,4.49
6846,0.32,-632.35,-28.58,-243.08,-110.57,4.49
6847,0.35,-125.55,-22.92,-42.43,-30.10,3.53
6848,0.46,-858.47,-32.76,-253.80,-111.78,3.53
6849,1.00,-1996.30,-23.70,-453.36,-126.92,3.53
6850,2.96,-3242.29,-26.68,-664.33,-160.19,4.17
6851,0.38,-198.48,-24.84,-106.10,-120.83,4.17
6852,1.01,-1251.72,-23.31,-477.95,-157.11,4.17
6853,1.40,-1153.11,-26.35,-317.62,-96.38,4.17
6854,0.50,-856.61,-27.04,-336.14,-282.11,4.17
6855,0.72,-656.67,-25.06,-182.13,-30.20,4.17
6856,2.52,-524.61,-23.90,-151.35,-124.73,4.81
6857,0.29,-135.44,-25.93,-96.01,-111.70,4.49
6858,0.35,-518.97,-26.01,-192.82,-104.09,4.49
6859,0.55,-943.81,-26.43,-359.71,-111.34,4.49
6860,0.37,-583.43,-26.18,-255.83,-72.95,4.49
6861,0.41,-487.07,-27.29,-190.82,-124.63,4.49
6862,0.52,-790.06,-26.94,-285.09,-41.15,4.49
6863,0.33,-122.40,-19.30,-50.41,-31.04,4.49
6864,0.53,-481.42,-27.02,-108.41,-33.52,4.49
6865,0.63,-1160.62,-25.67,-201.35,-27.21,4.49
6866,0.70,-1342.12,-21.85,-310.92,-33.09,4.49
6867,0.31,-114.62,-18.81,-50.90,-34.81,5.13
6868,0.49,-395.15,-23.93,-94.42,-35.22,5.13
6869,0.37,-130.01,-18.67,-42.19,-29.36,5.13
6870,0.96,-696.39,-22.46,-289.55,-135.88,4.81
6871,0.33,-551.12,-24.52,-128.50,-26.45,4.81
6872,0.31,-588.78,-20.45,-195.30,-32.96,4.81
6873,0.57,-1002.26,-25.78,-257.49,-35.82,4.81
6874,0.36,-111.89,-22.73,-53.54,-34.15,4.81
6875,0.29,-598.71,-21.57,-127.95,-24.57,4.81
6876,0.85,-1185.14,-20.67,-423.37,-554.44,4.81
6877,0.51,-852.45,-19.35,-248.92,-134.48,4.81
6878,0.28,-169.34,-21.87,-85.31,-95.98,4.81
6879,1.18,-476.29,-23.18,-152.07,-30.78,4.17
6880,0.55,-964.28,-32.36,-456.07,-513.73,4.17
6881,0.78,-652.89,-24.93,-279.43,-43.20,5.45
6882,0.55,-37.28,-23.07,-27.98,-26.32,5.45
6883,0.33,-595.65,-25.31,-125.31,-30.07,5.45
6884,0.34,-570.14,-23.63,-120.38,-33.34,5.45
6885,0.62,-876.23,-23.88,-228.81,-31.69,5.45
6886,1.16,-1126.18,-20.06,-321.81,-121.67,4.81
6887,0.32,-533.59,-30.00,-138.58,-84.81,5.45
6888,0.57,-996.79,-20.60,-242.60,-34.45,5.45
6889,0.70,-629.37,-27.10,-124.18,-29.67,5.45
6890,0.31,-581.36,-23.32,-152.76,-126.95,5.13
6891,0.32,-588.78,-28.44,-341.37,-557.94,5.45
6892,0.54,-1075.46,-22.78,-271.40,-28.44,5.45
6893,0.67,-750.32,-24.12,-238.42,-41.26,4.81
6894,0.30,-125.53,-26.38,-79.22,-108.65,4.81
6895,0.68,-950.25,-25.38,-238.15,-26.75,4.81
6896,0.65,-1141.76,-23.10,-266.65,-25.67,4.81
6897,0.33,-580.39,-23.81,-134.69,-38.47,5.77
6898,1.05,-562.06,-21.94,-104.27,-28.77,5.77
6899,0.69,-592.36,-20.42,-114.41,-28.30,5.77
6900,0.33,-129.99,-24.47,-41.55,-27.35,5.77
6901,0.57,-974.19,-34.32,-213.18,-114.37,3.53
6902,0.30,-131.87,-21.43,-76.19,-107.08,4.81
6903,0.30,-108.96,-17.88,-37.19,-27.03,4.81
6904,0.81,-921.57,-19.49,-250.43,-33.84,4.81
6905,0.53,-625.30,-23.39,-179.34,-29.04,4.81
6906,0.53,-893.62,-23.18,-253.65,-36.82,4.81
6907,0.32,-551.62,-27.90,-132.99,-33.02,4.49
6908,0.54,-919.20,-24.88,-154.41,-26.37,5.45
6909,0.32,-130.63,-23.89,-68.86,-32.30,5.45
6910,0.66,-542.92,-17.08,-100.49,-28.16,5.45
6911,0.31,-270.23,-13.00,-58.70,-25.75,5.45
6912,0.40,-589.73,-22.95,-122.46,-38.46,5.45
6913,0.31,-609.54,-23.81,-188.79,-29.95,5.45
6914,0.83,-1060.33,-20.78,-413.01,-24.70,5.45
6915,0.30,-625.44,-21.77,-279.48,-110.50,5.45
6916,0.53,-842.76,-19.76,-143.25,-27.05,5.45
6917,0.46,-598.89,-18.19,-142.95,-33.87,3.85
6918,0.34,-146.14,-21.94,-55.98,-27.24,3.85
6919,0.85,-898.02,-19.75,-263.42,-116.01,4.17
6920,0.30,-586.78,-19.03,-142.94,-110.60,4.81
6921,0.63,-967.17,-26.61,-175.98,-33.57,4.81
6922,0.69,-1252.17,-19.18,-327.22,-44.07,4.81
6923,0.61,-807.50,-20.86,-154.92,-30.24,5.13
6924,0.32,-65.82,-21.63,-31.20,-26.96,5.13
6925,0.32,-464.16,-20.75,-136.92,-111.07,5.13
6926,0.50,-824.97,-20.50,-269.93,-28.00,5.13
6927,0.31,-114.16,-18.93,-57.06,-41.67,5.13
6928,0.72,-586.24,-22.91,-109.30,-31.54,5.13
6929,0.87,-1195.61,-25.11,-206.06,-27.48,5.13
6930,0.37,-40.46,-20.98,-28.79,-26.03,5.13
6931,0.63,-1174.39,-22.75,-402.47,-120.71,5.13
6932,0.32,-112.89,-23.48,-40.25,-28.85,4.81
6933,0.52,-790.69,-23.34,-278.66,-33.79,4.81
6934,0.32,-573.12,-25.15,-125.17,-31.00,4.81
6935,0.56,-859.07,-18.31,-245.69,-44.09,4.81
6936,0.31,-577.63,-21.15,-105.98,-28.30,4.49
6937,1.25,-564.97,-23.72,-135.19,-29.22,4.81
6938,0.63,-900.39,-18.35,-188.35,-26.89,4.81
6939,0.40,-628.53,-25.53,-144.67,-31.52,4.81
6940,0.52,-1025.30,-18.95,-276.30,-30.76,4.81
6941,0.29,-552.43,-21.76,-119.29,-31.60,4.49
6942,0.53,-877.54,-19.06,-175.54,-31.40,4.49
6943,0.29,-571.13,-20.93,-137.76,-33.76,4.49
6944,2.29,-589.40,-29.65,-150.34,-113.49,3.21
6945,0.30,-578.74,-28.01,-276.88,-149.08,3.21
6946,0.59,-1115.37,-26.53,-487.30,-551.04,3.21
6947,0.48,-824.02,-27.44,-325.72,-191.06,3.21
6948,0.91,-1251.29,-28.33,-323.20,-82.64,3.85
6949,0.60,-963.45,-19.39,-264.86,-78.19,4.81
6950,0.35,-143.95,-25.17,-46.68,-32.63,4.81
6951,0.52,-601.14,-19.85,-194.67,-35.90,4.81
6952,0.59,-1063.81,-28.29,-399.42,-136.70,4.81
6953,0.35,-582.41,-26.25,-121.22,-28.50,4.81
6954,0.32,-131.61,-21.10,-54.44,-25.96,4.81
6955,0.31,-32.59,-19.91,-25.47,-23.00,4.81
6956,0.42,-683.11,-22.95,-121.02,-26.87,4.49
6957,1.03,-1401.63,-19.37,-314.57,-34.60,5.13
6958,0.34,-498.44,-22.86,-109.78,-32.23,5.13
6959,0.44,-598.31,-21.29,-109.19,-27.99,5.13
6960,0.34,-570.04,-24.50,-119.28,-27.51,5.13
6961,0.74,-923.65,-16.88,-220.04,-110.96,5.77
6962,0.46,-801.94,-20.66,-151.74,-32.26,5.77
6963,0.37,-118.17,-22.25,-50.32,-30.81,5.77
6964,0.40,-539.02,-21.31,-100.30,-28.83,5.77
6965,0.33,-557.07,-26.35,-127.41,-29.84,5.77
6966,0.30,-547.36,-26.85,-162.04,-112.55,5.77
6967,0.36,-578.59,-22.86,-104.37,-25.59,5.77
6968,0.82,-1077.07,-25.60,-312.41,-93.58,4.49
6969,0.58,-1082.64,-22.54,-306.47,-219.42,4.49
6970,0.36,-142.21,-23.46,-56.16,-29.05,4.49
6971,0.61,-901.29,-22.08,-239.32,-35.56,4.49
6972,0.53,-903.12,-20.72,-324.91,-135.29,4.49
6973,0.39,-617.68,-22.99,-243.59,-137.69,4.49
6974,0.74,-1236.22,-22.80,-432.37,-96.22,4.49
6975,0.31,-585.00,-20.22,-316.80,-408.37,4.49
6976,1.22,-620.01,-25.77,-276.03,-115.35,4.49
6977,0.76,-492.18,-22.50,-118.41,-26.25,4.49
6978,0.66,-1069.01,-25.99,-306.20,-33.44,4.17
6979,0.82,-1255.56,-22.77,-204.42,-25.86,4.81
6980,0.82,-884.88,-22.60,-387.49,-521.18,4.81
6981,0.52,-935.40,-20.57,-188.19,-72.91,4.81
6982,0.52,-839.65,-18.43,-218.28,-24.66,5.45
6983,0.36,-584.30,-25.20,-184.02,-27.06,4.81
6984,0.38,-567.99,-21.57,-121.53,-32.47,4.81
6985,0.32,-599.77,-25.01,-166.72,-38.15,3.53
6986,0.66,-1115.04,-26.65,-235.35,-110.65,3.53
6987,0.54,-939.96,-23.33,-175.83,-29.85,3.53
6988,0.57,-656.75,-23.44,-194.19,-27.78,3.53
6989,2.27,-907.88,-23.10,-350.24,-127.53,3.53
6990,1.12,-612.35,-24.64,-135.02,-27.90,3.53
6991,0.48,-816.07,-22.76,-301.48,-33.47,3.53
6992,0.51,-793.50,-30.61,-264.33,-127.23,3.53
6993,0.66,-863.89,-25.61,-256.97,-111.43,3.53
6994,2.11,-600.99,-23.32,-165.88,-39.40,3.53
6995,0.30,-137.36,-19.12,-70.00,-26.36,3.53
6996,0.80,-1333.19,-23.58,-406.06,-115.52,3.53
6997,0.27,-142.32,-21.48,-74.11,-44.52,3.53
6998,0.35,-627.45,-29.15,-242.15,-174.68,3.53
6999,0.31,-116.51,-27.69,-55.35,-32.88,4.49
7000,0.31,-631.33,-27.21,-233.95,-128.46,4.17
7001,0.71,-1100.36,-30.22,-479.20,-132.54,4.17
7002,0.33,-556.20,-30.10,-191.99,-109.12,4.49
7003,0.85,-1091.42,-26.53,-292.66,-29.92,4.17
7004,2.17,-617.06,-24.35,-145.97,-29.93,4.17
7005,0.72,-870.19,-24.26,-251.07,-112.93,4.17
7006,1.03,-1388.85,-30.14,-291.09,-114.91,4.17
7007,0.35,-257.63,-23.30,-62.34,-27.95,4.17
7008,0.32,-584.57,-25.37,-190.13,-32.29,4.49
7009,0.69,-1120.51,-23.41,-341.17,-32.08,4.49
7010,0.62,-1078.11,-22.08,-186.24,-31.86,4.49
7011,0.67,-545.89,-30.43,-140.50,-111.53,4.81
7012,0.55,-910.19,-27.11,-298.72,-111.68,4.81
7013,0.30,-603.31,-28.55,-142.31,-69.51,4.81
7014,0.42,-598.33,-27.40,-224.97,-131.02,4.17
7015,0.52,-944.29,-26.92,-254.60,-127.98,4.17
7016,0.66,-1103.94,-23.62,-343.31,-138.37,4.17
7017,0.31,-588.92,-25.02,-109.31,-30.59,4.17
7018,1.33,-644.99,-26.95,-172.59,-31.61,4.17
7019,2.61,-440.97,-24.20,-100.87,-32.04,4.17
7020,0.50,-869.91,-30.83,-244.99,-117.68,4.17
7021,0.29,-416.20,-22.04,-117.99,-111.24,4.17
7022,1.73,-613.65,-23.77,-151.99,-30.40,4.17
7023,0.39,-660.32,-17.36,-376.67,-562.42,4.17
7024,0.67,-945.06,-23.78,-313.89,-227.90,4.17
7025,0.31,-616.47,-22.15,-163.23,-109.00,4.17
7026,0.61,-878.36,-20.39,-243.86,-129.46,4.17
7027,1.86,-732.99,-31.08,-289.60,-166.36,4.17
7028,2.88,-565.89,-30.91,-169.42,-112.28,4.17
7029,0.34,-589.89,-23.53,-300.49,-339.01,4.17
7030,0.35,-622.29,-28.26,-199.04,-33.60,4.17
7031,0.68,-1323.09,-27.22,-286.09,-135.42,4.17
7032,0.72,-1295.71,-25.95,-376.18,-113.51,3.85
7033,0.31,-599.61,-26.71,-161.58,-28.93,3.85
7034,2.10,-998.07,-22.61,-347.45,-215.75,3.85
7035,0.37,-448.30,-25.53,-166.88,-123.10,3.53
7036,0.45,-508.78,-23.25,-151.42,-29.10,4.17
7037,0.37,-639.90,-22.57,-188.91,-35.35,4.81
7038,0.46,-864.10,-23.40,-240.99,-56.09,4.17
7039,1.35,-2459.99,-26.51,-567.90,-29.97,4.17
7040,0.77,-1417.31,-25.89,-240.37,-29.41,4.17
7041,0.35,-625.63,-21.60,-276.14,-185.52,4.17
7042,0.29,-110.33,-24.53,-39.13,-25.75,4.17
7043,0.43,-613.05,-28.01,-138.58,-32.50,4.17
7044,0.76,-1345.52,-23.45,-342.52,-125.34,3.85
7045,0.84,-1224.20,-27.18,-376.78,-136.12,3.85
7046,0.32,-611.80,-25.26,-328.16,-372.88,3.85
7047,0.49,-820.50,-24.35,-351.14,-466.19,3.85
7048,0.53,-990.51,-24.91,-319.65,-108.29,3.53
7049,0.30,-129.70,-23.07,-41.70,-26.86,3.53
7050,0.38,-614.85,-28.32,-160.64,-59.03,3.53
7051,0.62,-367.07,-30.79,-175.54,-124.42,3.53
7052,0.69,-1115.07,-29.72,-331.94,-123.04,3.53
7053,0.28,-136.74,-23.35,-69.73,-44.91,3.53
7054,0.86,-1424.34,-24.27,-393.97,-140.25,3.53
7055,1.80,-647.28,-29.31,-260.74,-133.75,3.53
7056,0.29,-609.33,-27.73,-185.99,-74.20,3.53
7057,0.43,-463.83,-29.22,-126.85,-87.58,3.53
7058,3.09,-669.12,-24.53,-160.54,-109.79,3.85
7059,0.61,-1134.00,-24.23,-362.11,-134.71,4.81
7060,0.42,-572.26,-27.04,-129.45,-33.34,4.81
7061,0.90,-1289.41,-27.52,-522.48,-124.28,4.81
7062,0.72,-813.26,-23.65,-259.57,-34.48,5.13
7063,2.17,-2919.77,-31.66,-830.80,-693.31,5.13
7064,0.34,-335.09,-23.75,-85.29,-31.47,5.13
7065,0.31,-162.43,-25.31,-49.94,-31.04,5.13
7066,0.49,-587.04,-25.50,-142.53,-32.89,5.13
7067,0.31,-613.15,-26.46,-124.71,-31.91,5.13
7068,0.74,-1356.62,-26.16,-270.20,-33.16,5.13
7069,0.37,-539.17,-29.62,-145.25,-33.69,5.13
7070,0.44,-491.70,-29.67,-120.49,-33.98,5.13
7071,0.33,-424.76,-24.55,-111.20,-31.09,5.13
7072,0.32,-609.64,-26.01,-127.05,-31.40,5.13
7073,1.07,-1461.13,-23.42,-521.26,-31.60,5.13
7074,0.65,-920.22,-26.99,-380.68,-80.14,5.13
7075,0.38,-660.17,-24.44,-185.26,-37.46,5.13
7076,0.39,-114.03,-23.24,-62.86,-34.56,5.13
7077,0.83,-1376.02,-23.85,-423.25,-34.75,4.81
7078,0.37,-663.31,-25.90,-251.14,-111.72,4.81
7079,0.38,-494.79,-24.08,-168.58,-40.25,4.81
7080,0.33,-149.95,-25.56,-76.26,-32.34,4.81
7081,0.32,-626.66,-28.18,-210.95,-32.53,4.81
7082,0.44,-509.36,-23.24,-125.38,-29.91,4.81
7083,0.32,-91.41,-25.25,-39.48,-30.04,5.13
7084,0.39,-650.08,-28.45,-177.16,-33.27,5.13
7085,0.31,-612.47,-26.64,-161.32,-35.33,5.13
7086,0.36,-659.63,-25.45,-169.56,-29.98,5.13
7087,0.37,-659.13,-26.63,-151.18,-57.41,3.85
7088,0.42,-152.77,-23.05,-68.98,-27.36,4.49
7089,0.29,-99.93,-24.30,-38.36,-27.83,4.49
7090,0.37,-603.22,-23.00,-123.30,-32.68,4.49
7091,0.31,-65.54,-25.05,-37.57,-29.92,4.81
7092,0.64,-868.29,-22.56,-233.22,-32.16,4.81
7093,0.38,-635.56,-22.56,-187.54,-32.40,3.85
7094,0.48,-851.32,-29.16,-171.50,-32.59,3.85
7095,0.39,-608.72,-28.85,-287.68,-111.65,3.85
7096,0.68,-1320.98,-30.65,-443.91,-136.01,3.85
7097,0.30,-612.87,-29.24,-191.24,-109.88,3.85
7098,0.55,-1012.68,-30.48,-465.52,-595.38,4.49
7099,0.30,-626.47,-20.36,-231.00,-141.28,4.49
7100,0.70,-1149.84,-26.12,-344.45,-121.46,4.49
7101,0.35,-135.96,-28.03,-57.07,-31.12,4.49
7102,0.99,-1081.02,-27.94,-355.73,-34.01,4.49
7103,0.32,-111.35,-22.52,-40.80,-31.51,4.49
7104,0.52,-878.87,-28.21,-177.01,-31.28,4.49
7105,0.30,-125.91,-25.04,-64.80,-33.31,4.49
7106,0.38,-620.32,-25.52,-235.46,-30.40,4.49
7107,0.66,-1268.40,-26.90,-244.09,-33.01,4.49
7108,0.77,-593.44,-23.00,-120.47,-29.75,4.49
7109,0.30,-616.62,-23.94,-212.47,-111.36,4.49
7110,0.62,-923.94,-25.92,-324.13,-113.98,4.17
7111,0.30,-623.35,-22.19,-111.34,-27.10,4.17
7112,1.26,-659.48,-26.65,-310.42,-159.88,4.17
7113,0.70,-1061.38,-22.65,-606.76,-973.62,4.49
7114,1.62,-181.25,-20.91,-82.09,-31.17,4.49
7115,0.38,-594.03,-25.45,-133.93,-31.10,4.49
7116,2.48,-598.09,-21.64,-297.28,-352.63,4.49
7117,0.53,-975.32,-24.28,-161.39,-25.71,4.49
7118,0.49,-771.22,-20.66,-208.35,-29.02,4.49
7119,0.35,-595.24,-25.59,-200.01,-33.35,4.49
7120,0.49,-858.67,-21.11,-262.89,-27.19,5.77
7121,0.36,-110.83,-21.63,-52.01,-31.14,5.77
7122,0.58,-948.68,-17.95,-245.80,-29.28,5.77
7123,1.84,-300.97,-18.51,-82.58,-28.93,4.81
7124,0.47,-844.85,-25.49,-278.03,-115.08,4.81
7125,0.31,-643.20,-21.07,-195.08,-63.47,4.81
7126,2.26,-1478.48,-24.64,-494.58,-618.55,4.81
7127,0.46,-288.49,-23.05,-62.07,-24.35,4.81
7128,0.65,-802.95,-26.15,-352.10,-142.69,4.81
7129,0.61,-169.90,-20.18,-61.03,-25.93,4.81
7130,3.25,-619.92,-27.21,-335.33,-467.63,4.81
7131,0.36,-580.56,-24.16,-118.45,-26.96,4.81
7132,0.30,-179.82,-23.26,-62.75,-26.21,4.81
7133,0.60,-1125.74,-20.65,-251.81,-30.06,4.49
7134,0.29,-616.85,-29.50,-185.02,-134.63,4.49
7135,1.00,-651.77,-20.49,-291.17,-29.96,4.49
7136,0.29,-525.44,-21.03,-110.14,-26.29,4.49
7137,0.38,-640.09,-27.67,-287.11,-110.94,4.49
7138,0.34,-624.40,-21.86,-138.46,-33.15,4.49
7139,0.65,-938.38,-21.80,-312.79,-29.90,4.49
7140,0.30,-611.53,-18.39,-136.47,-32.34,4.49
7141,0.34,-125.51,-24.91,-54.35,-29.72,4.81
7142,0.31,-607.75,-18.41,-230.74,-126.06,4.81
7143,0.62,-1104.63,-25.86,-271.70,-28.40,4.81
7144,0.92,-502.38,-23.04,-107.32,-28.77,4.81
7145,0.65,-1266.21,-23.28,-217.30,-28.91,4.81
7146,0.34,-619.13,-25.59,-197.51,-34.48,4.81
7147,0.46,-433.12,-24.95,-86.05,-28.74,4.81
7148,0.29,-582.21,-21.15,-120.84,-26.75,4.81
7149,1.03,-1848.44,-22.96,-394.41,-123.29,4.81
7150,0.31,-607.21,-26.80,-165.14,-111.08,4.81
7151,0.48,-931.19,-25.25,-338.73,-123.63,4.81
7152,0.39,-632.42,-22.32,-195.69,-27.41,3.85
7153,0.55,-983.59,-24.47,-282.04,-115.50,3.85
7154,0.64,-1146.59,-28.45,-403.20,-151.12,3.85
7155,0.43,-814.14,-20.98,-238.30,-33.41,4.49
7156,0.27,-134.73,-25.68,-79.61,-84.68,4.49
7157,0.57,-1120.01,-22.26,-276.93,-113.58,4.49
7158,0.35,-123.95,-20.26,-52.37,-26.88,4.81
7159,0.66,-1026.62,-20.51,-423.62,-363.63,4.17
7160,0.85,-1283.76,-20.54,-493.70,-615.40,4.17
7161,0.51,-999.67,-26.62,-358.28,-223.49,4.17
7162,0.60,-956.77,-22.15,-280.08,-31.79,4.17
7163,0.52,-888.26,-23.46,-330.16,-123.61,4.17
7164,0.31,-619.56,-25.32,-199.21,-34.45,4.17
7165,0.29,-614.88,-21.42,-125.49,-28.14,4.17
7166,0.75,-1136.69,-23.74,-453.23,-619.18,4.17
7167,0.73,-1282.10,-20.90,-289.73,-28.71,4.17
7168,0.38,-623.57,-23.38,-178.82,-29.41,4.17
7169,0.42,-498.93,-21.14,-94.05,-28.75,4.81
7170,0.30,-109.27,-22.30,-41.55,-26.66,4.81
7171,0.78,-1294.24,-21.26,-289.03,-29.23,4.81
7172,0.81,-1565.12,-21.24,-374.07,-31.65,4.81
7173,1.49,-612.75,-20.23,-276.74,-114.65,4.81
7174,0.30,-127.20,-22.62,-47.30,-27.10,4.81
7175,0.34,-607.36,-25.09,-282.14,-133.37,4.81
7176,0.50,-815.32,-20.23,-220.40,-24.26,4.81
7177,0.66,-1197.92,-37.16,-520.42,-527.78,4.81
7178,0.42,-153.84,-26.68,-67.56,-30.23,4.81
7179,1.76,-577.96,-25.91,-132.32,-31.01,4.81
7180,0.53,-921.77,-26.23,-300.50,-113.99,4.81
7181,0.62,-958.70,-20.22,-277.63,-107.83,4.81
7182,1.71,-720.38,-21.68,-210.60,-30.23,4.81
7183,0.42,-637.57,-22.74,-200.57,-28.67,4.49
7184,0.52,-971.31,-22.50,-347.66,-132.89,3.85
7185,0.54,-962.59,-22.90,-193.79,-29.27,3.85
7186,0.30,-131.04,-21.98,-54.55,-25.83,3.85
7187,0.29,-136.48,-26.45,-69.06,-31.48,3.85
7188,0.37,-129.36,-19.81,-67.58,-35.74,3.21
7189,0.42,-784.56,-28.97,-286.21,-152.67,4.17
7190,0.80,-1320.50,-21.08,-515.71,-390.68,4.17
7191,0.58,-937.47,-17.93,-198.15,-68.71,4.49
7192,0.30,-144.65,-20.52,-58.77,-24.49,4.49
7193,0.34,-576.07,-20.83,-116.76,-25.81,4.49
7194,1.61,-600.94,-25.78,-142.83,-26.68,4.17
7195,0.64,-973.72,-20.69,-196.79,-35.82,4.17
7196,0.73,-1076.32,-26.54,-315.84,-111.00,4.17
7197,0.35,-604.41,-24.06,-208.53,-112.35,4.17
7198,0.57,-1066.43,-25.57,-268.98,-31.37,4.17
7199,0.51,-808.08,-22.45,-196.07,-125.27,4.17
7200,0.64,-1147.32,-19.85,-329.66,-29.04,4.49
7201,0.43,-600.27,-24.67,-293.27,-132.32,4.49
7202,0.29,-130.06,-22.59,-80.42,-110.56,4.49
7203,0.54,-893.69,-19.52,-229.66,-28.64,4.49
7204,0.61,-775.68,-26.56,-181.74,-109.79,4.49
7205,0.73,-992.54,-28.75,-322.44,-143.19,4.49
7206,0.58,-1175.30,-24.27,-291.40,-36.49,4.49
7207,0.51,-837.08,-23.23,-242.93,-121.99,4.81
7208,0.95,-1342.05,-25.18,-248.93,-30.28,4.81
7209,3.83,-7402.83,-22.63,-1175.73,-32.79,4.81
7210,0.37,-519.89,-16.96,-181.87,-33.04,4.49
7211,0.95,-631.23,-26.46,-307.67,-134.63,4.49
7212,0.51,-832.69,-24.15,-142.81,-28.74,4.49
7213,0.62,-1085.30,-24.64,-309.23,-32.77,4.49
7214,0.45,-742.69,-22.99,-154.71,-26.47,4.17
7215,0.59,-756.15,-21.45,-291.69,-28.66,4.17
7216,0.83,-806.16,-26.98,-214.54,-37.91,4.49
7217,0.73,-1216.49,-20.77,-225.65,-32.69,4.49
7218,0.31,-627.11,-21.75,-209.54,-27.95,4.49
7219,0.50,-883.91,-16.81,-319.25,-27.36,5.13
7220,0.31,-100.90,-20.85,-34.68,-23.26,5.13
7221,0.30,-558.03,-26.98,-114.64,-29.49,4.49
7222,0.72,-1266.76,-22.03,-228.22,-28.37,5.13
7223,0.35,-567.03,-21.39,-114.57,-26.87,5.45
7224,1.33,-1269.01,-22.08,-433.73,-541.82,5.45
7225,0.56,-914.49,-16.56,-244.40,-30.35,5.45
7226,0.45,-557.22,-27.89,-203.93,-80.65,5.45
7227,0.31,-127.92,-21.82,-41.28,-28.44,5.45
7228,0.73,-990.25,-20.42,-425.82,-132.40,5.13
7229,0.30,-580.25,-24.37,-144.55,-32.96,5.13
7230,0.31,-31.44,-22.08,-27.52,-28.11,5.13
7231,0.36,-557.67,-22.11,-118.23,-28.06,5.13
7232,0.53,-998.81,-20.76,-400.25,-493.87,5.13
7233,0.32,-604.33,-21.86,-129.75,-33.02,5.13
7234,0.39,-620.38,-24.13,-128.82,-32.20,5.13
7235,0.62,-1063.78,-22.89,-274.02,-84.83,5.13
7236,0.35,-545.49,-28.90,-145.93,-111.25,5.13
7237,0.41,-720.16,-20.59,-122.98,-23.19,3.53
7238,0.55,-560.28,-22.03,-120.93,-35.30,3.53
7239,0.61,-544.65,-19.92,-222.53,-140.38,3.53
7240,0.40,-863.58,-22.46,-210.29,-112.91,3.53
7241,0.70,-797.80,-22.68,-346.27,-257.43,3.53
7242,0.59,-570.68,-19.17,-252.22,-272.49,3.53
7243,0.59,-394.39,-23.54,-89.86,-29.14,4.17
7244,0.43,-611.60,-25.79,-229.90,-30.03,4.17
7245,0.45,-96.04,-25.83,-37.65,-28.18,4.17
7246,0.62,-1099.57,-26.05,-296.82,-136.99,4.17
7247,0.34,-204.46,-25.00,-65.16,-29.69,4.17
7248,0.72,-1004.40,-23.63,-266.21,-29.75,4.17
7249,0.80,-580.84,-24.60,-114.94,-27.58,3.53
7250,0.60,-1004.42,-29.42,-369.39,-58.07,3.53
7251,0.30,-654.53,-24.05,-355.95,-564.40,3.53
7252,1.65,-145.41,-22.41,-71.20,-29.35,4.81
7253,0.41,-560.79,-24.75,-129.36,-35.90,4.81
7254,0.32,-647.46,-23.75,-297.26,-138.23,4.81
7255,2.91,-804.49,-22.10,-185.59,-27.36,3.85
7256,0.55,-870.18,-21.32,-413.48,-610.27,3.85
7257,0.31,-595.05,-24.72,-134.29,-37.52,3.85
7258,0.47,-506.47,-23.68,-115.39,-29.72,3.85
7259,0.33,-596.17,-26.68,-270.93,-42.72,3.85
7260,0.50,-622.97,-20.19,-201.50,-131.92,3.85
7261,0.93,-626.67,-27.25,-278.21,-128.62,3.85
7262,0.29,-159.98,-25.04,-75.32,-32.16,3.85
7263,2.32,-498.80,-26.56,-151.94,-32.95,4.81
7264,0.43,-136.84,-26.13,-56.60,-32.25,4.81
7265,0.65,-1264.38,-27.53,-264.83,-35.11,3.85
7266,0.64,-996.52,-31.88,-399.28,-306.39,3.85
7267,0.37,-660.12,-29.86,-205.73,-36.00,3.85
7268,2.89,-4442.73,-27.06,-784.62,-131.79,4.49
7269,0.55,-951.56,-25.27,-173.04,-33.74,4.49
7270,0.41,-728.69,-23.76,-202.04,-29.90,4.49
7271,0.30,-113.51,-25.78,-40.99,-28.11,4.81
7272,0.30,-112.47,-25.57,-51.87,-30.23,4.81
7273,0.62,-1144.81,-23.75,-273.06,-29.92,4.81
7274,0.30,-129.37,-26.83,-54.67,-30.58,4.49
7275,0.47,-582.76,-23.36,-189.67,-124.53,3.85
7276,0.34,-629.16,-25.68,-285.01,-111.73,3.53
7277,0.92,-1384.94,-26.41,-336.90,-125.21,3.53
7278,0.68,-875.13,-26.07,-366.76,-304.76,3.53
7279,0.29,-462.51,-27.02,-192.78,-111.32,5.13
7280,2.51,-618.47,-19.90,-236.26,-109.78,5.13
7281,0.39,-504.07,-22.66,-107.07,-27.89,3.53
7282,1.89,-603.11,-26.98,-172.41,-127.48,3.53
7283,0.34,-665.20,-28.01,-265.80,-126.93,3.53
7284,0.49,-723.25,-26.47,-334.82,-136.22,3.53
7285,2.49,-4678.13,-23.57,-922.63,-31.29,3.53
7286,0.35,-653.93,-29.51,-176.49,-32.51,3.53
7287,0.36,-624.39,-27.59,-235.59,-131.43,3.53
7288,1.36,-631.69,-24.82,-133.07,-33.15,3.85
7289,0.65,-1202.90,-26.05,-493.36,-609.60,3.85
7290,0.30,-619.68,-28.70,-242.83,-131.00,3.85
7291,0.30,-603.14,-22.90,-139.94,-33.97,3.85
7292,0.43,-628.18,-25.27,-272.19,-37.10,3.85
7293,0.97,-868.73,-21.12,-375.35,-135.53,3.85
7294,0.92,-1021.47,-18.58,-204.27,-32.42,3.85
7295,0.30,-520.49,-21.78,-135.10,-35.70,3.85
7296,0.31,-623.43,-26.90,-197.08,-136.06,3.85
7297,0.31,-578.80,-20.48,-173.50,-37.04,3.85
7298,0.78,-1305.53,-28.19,-430.32,-133.71,5.13
7299,0.30,-625.28,-22.02,-134.12,-26.49,5.13
7300,0.29,-621.31,-24.15,-141.28,-33.50,5.13
7301,0.32,-111.64,-26.01,-62.92,-28.34,5.13
7302,0.39,-519.56,-27.17,-149.82,-126.19,4.81
7303,0.30,-357.32,-21.82,-105.43,-29.27,5.45
7304,0.35,-414.82,-22.19,-117.99,-33.68,5.45
7305,0.56,-373.06,-27.09,-79.67,-29.94,5.45
7306,0.77,-962.44,-28.12,-205.34,-32.60,5.45
7307,0.64,-918.90,-22.26,-175.76,-33.44,5.45
7308,0.60,-1043.29,-27.11,-173.90,-29.22,5.45
7309,0.48,-127.28,-27.31,-68.25,-36.88,5.45
7310,0.53,-381.45,-30.28,-129.10,-111.12,5.45
7311,0.28,-158.91,-27.66,-99.78,-126.06,5.45
7312,2.49,-4149.76,-23.42,-742.61,-133.87,5.45
7313,0.99,-123.08,-25.39,-42.67,-29.64,5.45
7314,1.28,-358.60,-26.64,-121.99,-32.17,5.45
7315,0.61,-841.93,-30.44,-269.59,-137.81,5.45
7316,0.32,-129.24,-26.36,-44.06,-31.44,5.45
7317,0.30,-122.61,-22.43,-77.70,-111.97,5.45
7318,0.59,-998.57,-26.18,-180.87,-28.87,5.45
7319,0.65,-1223.01,-28.73,-257.61,-32.46,4.49
7320,0.38,-676.46,-24.42,-221.47,-30.22,4.49
7321,0.35,-161.89,-26.16,-72.52,-31.46,4.49
7322,0.38,-657.96,-28.07,-270.10,-150.75,4.49
7323,0.31,-615.29,-21.33,-194.14,-31.25,4.49
7324,0.36,-615.48,-27.78,-297.13,-125.76,4.49
7325,0.35,-634.47,-21.91,-127.92,-31.84,4.49
7326,0.31,-624.45,-24.33,-256.78,-29.61,4.49
7327,0.32,-189.82,-24.08,-91.75,-113.51,4.49
7328,0.32,-494.18,-23.25,-148.93,-111.71,4.49
7329,0.64,-1269.30,-24.23,-446.38,-29.71,4.49
7330,0.64,-547.25,-23.35,-126.20,-30.29,4.17
7331,0.36,-587.75,-27.82,-227.33,-135.11,4.17
7332,0.79,-1115.58,-23.62,-461.59,-158.38,4.17
7333,0.52,-824.19,-27.01,-198.66,-38.71,4.17
7334,0.70,-1295.74,-25.34,-438.68,-122.01,4.17
7335,0.31,-132.53,-28.06,-57.22,-31.51,4.17
7336,0.29,-194.99,-26.09,-65.99,-28.97,3.53
7337,0.75,-1123.34,-25.34,-282.07,-170.46,4.17
7338,0.45,-839.12,-25.80,-215.24,-49.60,4.17
7339,0.71,-1328.73,-28.82,-555.68,-383.29,4.17
7340,0.48,-906.43,-25.69,-193.15,-103.03,4.17
7341,0.59,-1018.97,-28.21,-281.24,-127.19,4.17
7342,0.77,-1095.52,-30.01,-509.53,-347.04,4.17
7343,0.84,-1259.21,-20.99,-221.19,-29.18,4.17
7344,0.80,-1192.44,-25.84,-210.08,-29.94,4.17
7345,0.57,-1038.30,-26.43,-274.77,-118.70,4.17
7346,0.47,-798.47,-27.47,-171.80,-30.54,4.17
7347,0.47,-827.27,-27.03,-185.73,-29.15,4.17
7348,0.30,-123.22,-25.07,-43.28,-30.88,4.17
7349,0.38,-277.41,-23.20,-109.47,-26.73,3.85
7350,0.31,-123.07,-27.53,-43.93,-30.22,3.85
7351,0.31,-357.27,-26.29,-121.74,-36.31,3.85
7352,0.33,-140.69,-25.73,-63.20,-31.49,3.85
7353,2.36,-425.12,-26.24,-119.55,-28.85,3.85
7354,1.66,-906.84,-24.39,-268.25,-166.60,3.85
7355,0.30,-318.36,-20.90,-91.23,-28.41,4.17
7356,0.61,-1021.27,-34.89,-317.37,-111.11,4.17
7357,0.40,-417.13,-25.86,-115.62,-37.41,4.17
7358,0.61,-1133.48,-25.89,-404.10,-422.37,4.17
7359,0.41,-772.03,-27.30,-233.11,-111.06,4.17
7360,0.27,-483.39,-22.66,-137.21,-124.94,4.17
7361,2.96,-3443.47,-24.66,-691.58,-168.16,4.17
7362,0.37,-405.35,-24.09,-131.84,-29.25,4.17
7363,0.54,-1092.97,-23.28,-298.26,-111.42,4.17
7364,0.61,-1149.18,-23.21,-244.42,-28.72,4.81
7365,0.76,-1253.27,-25.96,-355.72,-118.17,4.81
7366,0.34,-584.49,-26.76,-146.27,-111.67,4.81
7367,0.48,-775.02,-26.77,-284.68,-128.68,4.81
7368,0.56,-1011.91,-24.92,-283.35,-126.99,4.81
7369,2.17,-628.59,-21.35,-124.22,-26.54,4.81
7370,0.28,-137.71,-26.75,-90.57,-109.13,4.49
7371,0.57,-961.52,-25.25,-227.86,-112.69,4.49
7372,0.69,-1030.92,-27.10,-174.47,-31.67,4.81
7373,0.29,-131.32,-26.66,-80.01,-110.02,4.81
7374,0.52,-805.93,-23.48,-196.00,-29.93,4.81
7375,0.30,-578.04,-26.29,-122.23,-34.66,4.81
7376,0.71,-856.90,-21.49,-206.58,-31.98,4.81
7377,2.33,-938.80,-25.92,-256.36,-29.54,4.81
7378,0.53,-804.97,-26.02,-180.19,-110.41,4.81
7379,0.73,-1210.98,-24.00,-208.27,-28.16,4.81
7380,0.81,-1218.75,-20.94,-446.17,-112.78,3.85
7381,0.31,-613.69,-26.17,-198.78,-33.50,3.85
7382,2.15,-3757.88,-25.96,-785.80,-98.02,3.85
7383,0.33,-601.27,-25.64,-226.08,-110.53,3.85
7384,0.57,-885.47,-27.90,-301.58,-128.86,3.85
7385,0.35,-610.66,-25.99,-191.30,-29.61,5.45
7386,0.48,-425.71,-26.66,-85.82,-29.14,5.45
7387,0.33,-570.66,-25.98,-106.11,-28.32,5.45
7388,0.42,-556.94,-28.00,-231.05,-31.69,4.81
7389,0.40,-578.19,-22.50,-106.40,-26.94,4.81
7390,0.69,-1021.84,-28.92,-300.82,-124.48,4.81
7391,0.70,-1152.16,-23.97,-346.29,-28.36,4.81
7392,0.41,-502.62,-25.12,-178.89,-112.17,4.81
7393,0.69,-1291.52,-22.11,-221.55,-29.29,4.81
7394,0.60,-1096.48,-26.51,-257.14,-30.59,4.81
7395,0.32,-574.49,-25.61,-136.03,-28.09,4.81
7396,0.71,-1188.14,-22.58,-390.72,-30.19,4.81
7397,3.03,-208.09,-25.09,-78.81,-29.83,4.17
7398,0.46,-820.18,-23.34,-156.49,-28.56,5.77
7399,0.32,-573.91,-26.08,-137.79,-31.15,5.77
7400,0.31,-208.89,-24.21,-95.82,-33.37,5.77
7401,0.39,-134.57,-23.39,-71.50,-43.68,5.77
7402,0.32,-124.75,-26.91,-42.97,-29.78,5.77
7403,0.36,-129.46,-28.02,-49.11,-34.62,5.13
7404,1.72,-627.99,-22.48,-176.66,-27.60,5.13
7405,0.31,-600.85,-27.13,-280.56,-123.86,5.13
7406,0.44,-607.58,-25.75,-141.74,-34.49,4.49
7407,0.33,-130.48,-21.53,-57.75,-30.46,4.49
7408,0.68,-929.79,-28.87,-364.92,-165.09,4.49
7409,0.66,-1258.21,-29.71,-373.93,-170.52,4.49
7410,0.83,-1145.96,-27.50,-617.26,-617.32,4.49
7411,0.30,-328.36,-23.43,-75.68,-26.36,4.49
7412,0.62,-1083.27,-26.27,-424.67,-133.46,4.49
7413,0.34,-597.10,-26.45,-192.74,-32.18,4.49
7414,0.46,-851.27,-23.56,-311.17,-30.87,4.49
7415,0.65,-1029.47,-26.14,-288.91,-113.77,4.49
7416,0.45,-133.57,-22.72,-43.05,-28.80,4.17
7417,2.76,-1768.74,-26.23,-543.96,-422.53,4.17
7418,0.64,-1141.54,-31.63,-518.37,-592.24,4.17
7419,0.60,-887.47,-23.92,-234.96,-29.75,4.17
7420,0.54,-865.23,-25.98,-433.48,-430.82,4.17
7421,0.78,-628.46,-26.66,-390.61,-464.53,4.17
7422,0.48,-520.35,-26.35,-198.84,-135.78,4.17
7423,0.30,-131.79,-26.23,-56.83,-35.29,4.17
7424,0.38,-639.41,-21.68,-202.13,-108.98,4.17
7425,0.68,-1284.32,-27.79,-361.72,-135.87,4.17
7426,1.15,-1707.51,-26.76,-440.62,-147.68,4.17
7427,0.56,-843.84,-26.79,-318.63,-32.09,4.17
7428,0.44,-869.86,-25.29,-188.18,-111.73,4.17
7429,0.81,-1349.64,-25.62,-232.13,-31.25,4.17
7430,0.35,-651.39,-26.59,-155.08,-111.22,3.53
7431,0.38,-432.26,-23.52,-182.30,-122.97,3.53
7432,2.15,-742.54,-30.90,-303.86,-134.86,3.53
7433,0.44,-758.93,-29.84,-302.35,-136.79,3.53
7434,0.29,-406.32,-24.30,-125.77,-123.33,3.53
7435,2.09,-522.56,-27.35,-197.13,-89.14,3.53
7436,0.98,-792.84,-28.42,-317.11,-137.49,3.53
7437,0.37,-718.07,-27.75,-231.46,-124.51,3.53
7438,0.57,-505.74,-26.31,-193.91,-109.77,3.53
7439,2.76,-480.28,-27.62,-224.41,-114.82,3.53
7440,0.50,-890.62,-26.09,-280.15,-34.12,3.53
7441,0.71,-1287.94,-28.30,-354.32,-109.66,3.53
7442,2.54,-600.03,-32.46,-289.74,-369.01,5.45
7443,0.68,-1143.09,-27.81,-330.42,-108.81,5.45
7444,0.36,-132.90,-27.91,-51.18,-33.45,5.45
7445,0.42,-512.32,-26.86,-155.35,-31.73,5.45
7446,1.06,-1305.98,-22.62,-452.57,-111.89,5.45
7447,0.88,-1690.56,-21.57,-310.51,-27.45,4.49
7448,0.32,-601.73,-29.74,-205.01,-106.00,4.49
7449,0.85,-1362.92,-25.70,-300.10,-113.58,4.49
7450,0.99,-1250.22,-31.70,-365.61,-135.48,4.49
7451,0.38,-565.94,-24.85,-152.89,-124.24,4.49
7452,0.62,-1225.03,-25.44,-418.73,-124.38,4.49
7453,0.65,-926.27,-26.91,-347.34,-165.58,4.49
7454,0.29,-600.84,-28.65,-127.45,-32.08,4.81
7455,3.00,-618.51,-22.54,-201.03,-37.16,4.81
7456,0.56,-980.47,-27.83,-275.43,-112.81,4.81
7457,0.30,-634.60,-22.15,-138.97,-28.25,4.81
7458,0.30,-132.27,-22.11,-55.22,-27.00,4.81
7459,0.41,-692.70,-29.63,-300.75,-101.12,4.81
7460,0.47,-617.79,-21.85,-211.84,-33.05,4.81
7461,0.31,-439.74,-22.20,-118.94,-31.36,4.81
7462,1.08,-1968.79,-25.92,-338.43,-31.19,4.81
7463,0.92,-661.67,-25.41,-170.03,-29.91,4.81
7464,0.40,-606.86,-24.89,-209.04,-31.59,4.81
7465,0.66,-105.69,-24.79,-38.84,-26.83,4.81
7466,0.78,-1178.97,-26.94,-453.37,-142.69,4.81
7467,1.47,-427.99,-26.43,-122.97,-30.97,4.81
7468,0.49,-802.66,-22.47,-249.31,-111.19,4.17
7469,0.30,-512.03,-26.13,-188.30,-108.52,4.17
7470,0.37,-141.04,-29.57,-60.81,-35.56,4.17
7471,0.35,-624.29,-27.23,-266.08,-32.60,4.17
7472,0.43,-525.98,-24.68,-223.68,-122.90,4.17
7473,0.30,-432.41,-26.42,-124.48,-111.10,4.17
7474,0.37,-643.02,-30.14,-154.47,-109.11,4.17
7475,0.29,-613.31,-24.07,-140.53,-35.08,3.85
7476,1.22,-1289.72,-27.06,-328.88,-111.44,3.85
7477,0.87,-617.05,-26.54,-275.50,-113.56,4.49
7478,0.72,-1299.53,-25.38,-276.14,-30.23,4.49
7479,0.30,-206.31,-24.77,-92.70,-48.22,4.49
7480,0.30,-629.92,-24.88,-146.23,-34.14,4.49
7481,0.37,-701.13,-27.10,-199.95,-108.29,4.49
7482,0.34,-125.63,-23.99,-44.33,-29.57,4.49
7483,0.34,-667.24,-28.58,-203.44,-93.62,4.17
7484,0.30,-608.60,-28.56,-157.05,-32.33,4.17
7485,1.63,-939.53,-23.10,-344.62,-356.13,4.17
7486,1.07,-612.10,-24.37,-210.22,-35.03,4.17
7487,0.35,-646.40,-25.13,-140.17,-35.44,4.17
7488,0.42,-708.15,-29.18,-289.73,-184.39,4.17
7489,1.22,-1334.01,-26.96,-286.35,-33.52,4.17
7490,0.47,-601.06,-23.55,-172.09,-38.03,4.17
7491,0.53,-876.20,-26.89,-378.93,-359.52,4.17
7492,0.63,-990.78,-27.29,-344.78,-94.70,4.17
7493,0.57,-945.75,-26.86,-441.46,-482.14,4.17
7494,0.29,-607.64,-27.35,-162.00,-130.31,4.17
7495,0.39,-131.14,-25.15,-48.42,-37.69,5.13
7496,0.33,-435.64,-28.18,-127.20,-32.40,3.53
7497,0.34,-627.42,-31.34,-164.46,-94.41,3.53
7498,0.47,-644.69,-26.59,-224.15,-128.92,3.53
7499,0.56,-341.83,-23.37,-141.25,-126.87,3.53
7500,0.45,-708.93,-33.03,-257.72,-123.48,3.53
7501,0.30,-601.92,-28.33,-184.21,-110.87,3.53
7502,0.37,-614.33,-20.94,-132.23,-32.61,3.21
7503,0.34,-147.37,-27.39,-67.46,-60.43,3.53
7504,0.33,-428.85,-28.47,-158.10,-111.19,3.53
7505,0.45,-397.43,-21.63,-116.86,-108.50,3.53
7506,3.16,-4468.50,-31.23,-856.33,-139.00,3.53
7507,0.50,-779.44,-25.97,-243.13,-125.45,3.53
7508,0.58,-850.26,-27.42,-316.95,-42.98,3.53
7509,0.35,-590.03,-22.77,-269.74,-132.25,3.53
7510,0.59,-1045.22,-25.27,-383.00,-124.98,3.53
7511,0.62,-851.59,-20.69,-260.80,-99.31,3.53
7512,0.36,-575.23,-20.01,-165.39,-114.02,3.53
7513,0.28,-650.50,-22.94,-144.44,-37.40,3.53
7514,0.77,-1161.43,-21.09,-465.59,-110.73,3.53
7515,1.01,-627.46,-29.01,-249.27,-134.75,3.53
7516,0.32,-585.83,-27.29,-359.24,-528.95,3.53
7517,0.56,-971.71,-23.66,-254.37,-31.54,3.53
7518,0.96,-1245.63,-23.00,-245.43,-124.42,3.53
7519,0.38,-702.97,-22.37,-247.30,-121.42,4.17
7520,1.59,-217.41,-20.95,-101.97,-107.50,4.17
7521,0.61,-781.88,-24.97,-177.44,-42.13,4.17
7522,0.65,-1205.93,-20.40,-306.71,-26.68,4.17
7523,0.38,-623.00,-20.78,-310.00,-460.74,3.85
7524,0.73,-865.05,-26.50,-333.19,-123.18,3.85
7525,0.53,-859.65,-20.43,-315.09,-111.12,4.17
7526,0.49,-978.53,-27.19,-263.22,-113.47,4.17
7527,2.07,-678.24,-27.58,-210.27,-125.66,4.17
7528,0.65,-1071.00,-22.09,-350.85,-113.81,4.17
7529,0.66,-1110.94,-26.28,-510.43,-532.40,4.17
7530,0.85,-942.21,-23.25,-388.56,-423.15,4.17
7531,0.55,-617.60,-21.87,-145.58,-25.01,4.49
7532,0.59,-949.74,-22.43,-322.88,-127.88,4.49
7533,0.30,-650.53,-20.85,-131.36,-30.68,4.17
7534,0.58,-1035.86,-23.34,-281.90,-110.34,4.17
7535,0.69,-1003.75,-27.15,-352.47,-139.15,4.17
7536,0.34,-626.35,-22.40,-208.25,-31.92,4.17
7537,0.30,-137.59,-23.24,-78.04,-99.45,4.17
7538,0.36,-607.69,-24.94,-131.68,-29.51,4.17
7539,0.57,-878.60,-25.11,-345.33,-36.49,5.13
7540,0.62,-991.24,-19.14,-165.54,-27.69,5.13
7541,0.66,-986.20,-20.61,-276.98,-35.76,5.13
7542,0.50,-838.75,-23.53,-226.87,-26.69,4.81
7543,0.31,-520.58,-24.21,-106.00,-30.13,4.81
7544,0.54,-935.56,-25.46,-248.39,-31.50,4.81
7545,0.47,-699.74,-22.41,-285.72,-30.67,4.49
7546,0.34,-559.72,-19.53,-135.50,-97.84,4.81
7547,0.65,-903.91,-19.74,-316.97,-29.78,4.81
7548,0.85,-587.31,-26.85,-172.14,-52.40,4.81
7549,0.68,-938.39,-20.00,-243.85,-27.29,4.81
7550,0.43,-583.76,-24.49,-214.84,-126.79,4.81
7551,0.30,-518.55,-23.61,-179.05,-121.11,4.81
7552,0.30,-636.61,-23.54,-208.79,-30.37,4.81
7553,0.65,-1005.03,-19.09,-296.84,-29.92,4.81
7554,0.57,-743.69,-23.70,-239.46,-112.38,4.81
7555,2.74,-253.77,-27.87,-122.46,-111.45,4.81
7556,0.40,-70.30,-20.43,-36.04,-24.77,4.81
7557,0.59,-1032.97,-25.52,-393.79,-138.15,3.85
7558,0.66,-1158.25,-21.37,-329.92,-27.46,4.17
7559,0.31,-588.12,-24.47,-135.72,-39.55,4.49
7560,0.30,-142.67,-20.99,-67.29,-29.58,4.17
7561,0.72,-1434.09,-28.31,-422.10,-108.99,4.17
7562,0.31,-604.31,-20.74,-120.96,-26.24,4.17
7563,0.29,-181.23,-23.46,-62.76,-26.86,4.17
7564,0.43,-598.11,-24.03,-136.52,-30.50,3.85
7565,2.00,-647.01,-25.77,-218.01,-34.52,3.53
7566,0.43,-658.42,-16.44,-307.43,-365.55,3.53
7567,0.29,-644.58,-26.74,-292.48,-138.42,3.53
7568,0.82,-1073.16,-15.25,-421.91,-33.94,3.53
7569,0.34,-133.31,-17.89,-53.71,-28.49,4.81
7570,0.45,-750.72,-19.06,-218.55,-26.80,4.81
7571,0.66,-1075.64,-22.66,-223.07,-24.95,4.81
7572,0.51,-849.65,-21.13,-150.39,-23.59,4.17
7573,0.33,-669.86,-29.60,-211.43,-93.38,4.17
7574,2.64,-261.42,-21.45,-61.01,-32.00,4.17
7575,0.31,-169.16,-22.50,-58.00,-26.14,4.17
7576,2.44,-4072.11,-22.69,-615.64,-26.85,4.17
7577,0.84,-654.21,-21.77,-267.21,-124.88,3.85
7578,0.67,-1147.50,-22.88,-396.91,-137.19,4.81
7579,0.35,-636.29,-22.47,-199.42,-31.65,4.81
7580,0.39,-617.24,-24.32,-110.88,-26.02,4.81
7581,0.68,-385.91,-27.01,-91.84,-31.32,4.81
7582,0.60,-1032.50,-26.32,-331.47,-134.95,4.81
7583,0.32,-646.94,-22.94,-234.77,-107.05,4.81
7584,0.93,-637.45,-22.42,-137.30,-27.57,4.81
7585,0.66,-1155.58,-23.64,-257.43,-33.29,4.81
7586,0.78,-1125.78,-22.92,-197.72,-32.83,4.81
7587,1.26,-569.71,-20.85,-177.06,-30.22,4.81
7588,0.72,-1206.38,-23.46,-194.60,-25.23,4.81
7589,0.33,-607.10,-18.71,-223.22,-132.43,4.81
7590,0.39,-528.91,-24.72,-129.56,-27.16,4.49
7591,0.33,-616.23,-21.26,-109.90,-26.46,5.45
7592,1.05,-970.58,-23.46,-275.48,-27.60,4.81
7593,0.44,-780.43,-22.27,-219.52,-29.06,4.81
7594,0.62,-1073.74,-21.09,-328.18,-113.47,4.81
7595,0.69,-1114.25,-25.87,-270.86,-27.37,4.81
7596,0.33,-583.25,-19.03,-118.58,-28.77,4.81
7597,3.01,-597.77,-21.57,-168.41,-28.80,4.49
7598,1.30,-992.57,-24.00,-260.30,-37.10,4.49
7599,0.57,-400.90,-22.22,-124.45,-31.42,4.17
7600,0.62,-864.85,-24.43,-403.48,-582.15,4.17
7601,0.53,-879.61,-22.95,-194.04,-30.88,4.49
7602,2.63,-929.74,-27.48,-395.05,-222.20,3.53
7603,0.51,-890.86,-23.21,-322.91,-134.21,3.53
7604,0.55,-861.38,-23.05,-292.13,-113.48,4.17
7605,2.85,-735.99,-24.61,-254.47,-141.77,4.81
7606,0.60,-899.58,-27.72,-251.58,-32.92,4.81
7607,0.43,-846.28,-22.71,-339.01,-142.16,4.81
7608,0.83,-1095.04,-23.37,-356.59,-159.66,3.85
7609,0.89,-780.24,-25.30,-332.84,-115.67,3.85
7610,0.29,-134.10,-18.82,-68.80,-26.96,3.85
7611,0.57,-987.84,-22.71,-252.37,-112.53,3.85
7612,0.58,-996.44,-24.66,-339.56,-115.63,3.85
7613,0.67,-1015.40,-23.04,-279.35,-109.87,3.85
7614,0.32,-131.84,-24.81,-45.93,-30.27,3.85
7615,0.39,-643.77,-26.81,-243.28,-130.77,3.85
7616,1.35,-643.56,-23.45,-213.63,-45.21,3.85
7617,0.88,-667.19,-21.29,-119.71,-28.81,3.53
7618,0.29,-131.49,-19.92,-61.56,-24.04,3.53
7619,0.27,-648.60,-29.15,-241.14,-139.13,3.53
7620,0.71,-888.92,-26.11,-397.61,-389.57,3.53
7621,0.59,-641.45,-30.15,-275.68,-113.75,4.49
7622,0.51,-829.51,-25.24,-226.60,-29.13,4.49
7623,0.48,-778.19,-27.27,-280.35,-41.88,5.13
7624,0.31,-167.05,-17.28,-67.59,-27.73,5.13
7625,0.30,-600.08,-22.43,-124.13,-26.54,5.13
7626,0.29,-26.32,-18.72,-23.32,-23.17,5.13
7627,0.69,-1136.53,-25.41,-367.29,-109.43,5.13
7628,1.04,-640.46,-22.05,-197.97,-26.85,5.13
7629,1.57,-938.52,-24.36,-238.45,-26.29,5.13
7630,0.30,-615.51,-20.41,-122.13,-24.44,5.13
7631,0.36,-606.43,-24.00,-188.08,-26.65,4.81
7632,0.71,-1306.87,-17.12,-222.24,-25.15,4.81
7633,0.47,-814.22,-21.15,-155.58,-28.14,3.85
7634,3.13,-735.86,-21.28,-297.58,-138.52,4.17
7635,0.48,-819.53,-21.07,-183.60,-91.97,4.17
7636,0.63,-473.78,-27.01,-154.75,-28.80,3.85
7637,0.31,-508.61,-25.68,-189.31,-133.03,4.49
7638,0.34,-134.28,-21.95,-54.33,-24.28,4.49
7639,0.60,-1031.52,-19.04,-275.26,-34.22,4.49
7640,0.34,-627.46,-23.77,-195.28,-25.67,4.49
7641,0.60,-995.69,-25.44,-259.50,-31.89,4.49
7642,1.22,-913.98,-25.42,-228.44,-30.63,4.49
7643,0.60,-846.36,-27.30,-266.81,-109.82,4.49
7644,0.74,-1268.56,-23.99,-219.46,-26.16,4.49
7645,0.41,-667.55,-24.93,-133.16,-29.05,4.49
7646,0.78,-1305.23,-28.72,-263.85,-114.35,4.49
7647,2.59,-4999.20,-26.17,-844.40,-79.52,4.49
7648,0.37,-629.71,-18.47,-192.74,-22.54,3.85
7649,0.45,-599.90,-29.94,-143.10,-83.43,3.85
7650,0.67,-639.52,-30.31,-179.86,-101.70,4.49
7651,0.76,-1245.43,-29.21,-337.20,-122.31,4.49
7652,0.35,-111.12,-24.81,-50.52,-25.68,4.49
7653,0.35,-615.87,-23.90,-267.48,-29.38,4.49
7654,0.40,-595.46,-26.70,-116.53,-28.44,4.49
7655,1.66,-1198.88,-23.51,-425.83,-353.06,3.21
7656,0.28,-635.86,-19.78,-217.80,-132.80,3.21
7657,0.83,-904.67,-20.34,-406.71,-557.92,3.21
7658,0.28,-615.98,-19.05,-204.54,-126.02,3.21
7659,0.31,-589.57,-23.38,-243.35,-130.43,3.21
7660,0.66,-1102.91,-18.28,-472.99,-537.50,3.21
7661,0.65,-982.49,-23.83,-275.94,-113.08,3.21
7662,0.30,-126.39,-24.22,-64.17,-33.48,3.21
7663,0.58,-567.64,-18.65,-170.64,-109.78,4.81
7664,0.69,-1090.51,-20.59,-340.54,-34.89,4.81
7665,0.45,-568.79,-20.49,-177.82,-27.48,4.49
7666,0.33,-620.74,-17.34,-123.05,-24.59,3.85
7667,0.30,-645.19,-21.82,-196.87,-26.74,4.17
7668,0.32,-610.62,-21.89,-150.99,-67.52,4.17
7669,0.31,-148.92,-18.25,-51.93,-21.89,4.17
7670,0.30,-473.18,-22.15,-186.37,-137.10,4.17
7671,0.78,-574.55,-28.25,-196.97,-130.70,4.17
7672,2.75,-1111.26,-21.27,-244.80,-110.85,4.17
7673,0.30,-637.33,-23.69,-234.96,-118.32,4.17
7674,0.51,-816.52,-20.46,-164.68,-28.63,4.17
7675,0.48,-899.43,-25.39,-194.39,-29.30,4.17
7676,0.63,-1126.88,-17.96,-273.61,-29.98,4.17
7677,0.51,-900.83,-26.54,-301.73,-133.01,4.17
7678,0.31,-156.67,-18.43,-58.43,-35.66,5.77
7679,0.63,-958.54,-26.62,-198.19,-108.70,4.49
7680,0.66,-1024.07,-27.67,-440.56,-371.05,4.17
7681,0.84,-634.61,-23.70,-222.82,-93.02,4.17
7682,0.70,-1336.33,-28.02,-529.44,-608.46,4.17
7683,0.39,-738.61,-21.65,-209.22,-138.37,4.17
7684,0.44,-529.85,-24.62,-119.32,-33.16,4.17
7685,0.35,-621.70,-24.23,-229.50,-130.80,4.17
7686,0.30,-588.89,-18.50,-133.04,-30.24,4.17
7687,0.31,-605.94,-22.82,-120.97,-27.44,4.17
7688,0.32,-644.46,-21.81,-223.52,-139.17,4.17
7689,0.33,-122.00,-24.18,-61.43,-31.80,4.17
7690,0.69,-1173.20,-30.03,-465.99,-278.46,5.13
7691,0.50,-808.21,-22.71,-138.24,-27.88,5.13
7692,0.62,-830.27,-20.54,-166.48,-31.58,5.13
7693,0.49,-36.14,-23.70,-27.58,-27.14,5.13
7694,0.40,-30.64,-22.51,-26.50,-26.62,5.45
7695,1.84,-1073.30,-24.37,-396.24,-128.69,3.53
7696,1.08,-663.40,-20.35,-321.44,-293.29,3.53
7697,1.18,-1613.55,-21.83,-351.14,-30.48,3.53
7698,0.50,-764.36,-23.32,-390.93,-373.55,3.53
7699,0.64,-1087.30,-23.03,-523.54,-628.92,3.53
7700,0.49,-840.86,-20.62,-340.80,-424.73,3.53
7701,0.30,-624.78,-20.92,-243.83,-110.62,4.17
7702,0.34,-129.43,-9.92,-65.06,-29.71,5.45
7703,0.52,-278.54,-31.44,-103.21,-91.79,5.45
7704,0.45,-565.74,-25.39,-136.93,-55.28,5.45
7705,0.58,-107.45,-22.49,-51.11,-41.28,5.45
7706,1.29,-124.74,-27.54,-48.04,-33.17,6.09
7707,0.82,-1356.39,-24.44,-241.53,-40.68,6.09
7708,0.55,-856.75,-27.27,-270.30,-111.56,6.09
7709,0.60,-1033.43,-19.81,-176.53,-41.36,5.45
7710,0.69,-737.04,-37.14,-283.64,-50.80,5.45
7711,0.74,-576.59,-32.42,-125.98,-41.94,5.45
7712,0.44,-556.30,-24.66,-134.43,-36.18,5.13
7713,0.60,-913.58,-24.11,-164.72,-45.82,5.13
7714,0.68,-1086.85,-30.77,-277.63,-59.63,5.13
7715,0.67,-603.60,-28.20,-138.78,-41.13,5.13
7716,0.69,-1092.75,-27.58,-269.25,-59.85,7.05
7717,0.45,-611.78,-23.88,-128.57,-33.31,7.05
7718,0.50,-128.45,-15.96,-41.67,-27.37,7.05
7719,0.51,-531.68,-26.71,-109.56,-43.12,7.05
7720,0.55,-57.27,-25.29,-37.38,-35.00,7.05
7721,0.52,-609.87,-33.88,-209.44,-52.40,7.05
7722,0.89,-717.28,-20.88,-234.83,-49.04,7.05
7723,0.97,-1064.06,-27.58,-183.60,-37.25,7.05
7724,0.46,-645.40,-25.87,-217.14,-53.57,7.05
7725,0.45,-54.74,-20.69,-33.83,-32.14,7.05
7726,0.50,-127.66,-30.41,-70.69,-48.74,7.05
7727,0.52,-581.36,-19.65,-110.30,-31.51,7.05
7728,0.48,-53.00,-19.89,-34.04,-30.60,5.45
7729,0.42,-546.80,-29.55,-135.17,-53.66,5.45
7730,0.47,-65.10,-22.39,-35.20,-31.50,5.45
7731,0.57,-897.71,-21.89,-156.25,-32.38,5.13
7732,0.77,-1203.92,-34.72,-216.62,-38.05,5.13
7733,0.78,-1223.49,-21.48,-208.43,-40.13,6.09
7734,0.56,-568.86,-25.60,-124.41,-32.18,6.09
7735,0.59,-591.25,-26.23,-116.44,-33.80,6.09
7736,0.38,-592.15,-29.25,-141.41,-42.63,6.09
7737,0.73,-411.70,-27.76,-151.16,-61.30,6.41
7738,1.02,-436.39,-24.49,-156.16,-51.48,7.05
7739,0.62,-1119.67,-31.47,-288.14,-56.56,7.05
7740,0.46,-401.02,-27.40,-103.35,-40.73,7.05
7741,0.56,-57.23,-31.03,-41.17,-41.39,7.05
7742,0.53,-592.93,-20.95,-188.88,-61.83,6.41
7743,0.46,-37.98,-23.93,-33.42,-35.04,6.41
7744,0.49,-43.65,-25.86,-35.65,-36.06,6.41
7745,0.74,-776.21,-24.67,-137.85,-32.23,6.09
7746,0.60,-110.17,-30.13,-47.28,-38.09,6.41
7747,0.87,-804.79,-33.96,-489.48,-611.37,6.41
7748,0.83,-680.34,-29.32,-127.46,-37.53,6.41
7749,0.41,-112.31,-15.39,-46.60,-34.87,6.41
7750,0.88,-624.23,-24.88,-212.97,-59.88,6.41
7751,0.46,-43.81,-28.98,-37.58,-38.58,6.41
7752,0.38,-429.15,-30.45,-119.49,-40.38,6.41
7753,0.86,-662.33,-21.06,-123.12,-29.31,6.41
7754,0.52,-178.95,-26.70,-68.74,-42.09,6.41
7755,0.69,-1177.31,-30.38,-373.31,-108.53,6.41
7756,0.66,-1019.38,-37.30,-195.45,-47.98,6.41
7757,0.57,-112.40,-25.89,-48.80,-41.68,6.41
7758,0.65,-1064.30,-19.59,-254.10,-37.82,6.41
7759,0.63,-604.09,-34.85,-131.94,-47.48,6.09
7760,0.72,-111.93,-29.39,-46.65,-36.24,6.09
7761,0.92,-1284.41,-28.94,-225.02,-43.58,6.09
7762,0.44,-135.85,-23.76,-64.46,-54.70,5.45
7763,0.49,-790.55,-23.79,-156.49,-40.74,5.45
7764,0.59,-894.21,-22.00,-212.98,-42.38,5.13
7765,0.55,-873.01,-30.77,-169.88,-40.70,5.13
7766,0.66,-1109.93,-16.68,-187.29,-37.74,5.13
7767,1.17,-1040.11,-27.44,-218.85,-36.93,5.13
7768,0.45,-518.13,-18.76,-115.21,-39.97,5.13
7769,0.70,-1019.51,-38.57,-315.19,-57.92,5.13
7770,0.63,-853.57,-35.94,-182.93,-48.55,5.13
7771,0.53,-90.84,-37.86,-49.83,-43.80,5.13
7772,0.74,-90.82,-23.56,-42.58,-36.90,5.13
7773,0.83,-130.45,-22.87,-61.07,-50.11,5.13
7774,0.71,-602.61,-27.83,-195.34,-45.00,4.81
7775,0.43,-570.16,-25.79,-123.83,-41.18,5.45
7776,0.77,-821.13,-17.36,-335.70,-342.94,5.45
7777,0.48,-623.16,-24.25,-116.69,-34.35,5.45
7778,0.35,-129.68,-34.01,-72.12,-46.71,5.77
7779,0.63,-41.16,-28.08,-33.39,-29.86,5.77
7780,0.47,-581.34,-26.49,-113.96,-33.23,5.77
7781,0.53,-63.25,-29.53,-39.80,-34.54,5.77
7782,0.44,-125.97,-29.28,-73.66,-44.21,5.77
7783,0.63,-578.33,-21.46,-118.66,-39.55,5.77
7784,0.46,-723.31,-23.01,-157.17,-46.90,5.77
7785,0.94,-1331.80,-17.12,-279.68,-36.30,6.41
7786,1.05,-1302.57,-25.59,-229.90,-40.97,6.41
7787,0.72,-1078.41,-26.64,-295.77,-32.30,6.41
7788,0.79,-589.92,-24.51,-130.63,-48.63,6.41
7789,0.75,-55.44,-16.98,-35.23,-38.27,6.41
7790,0.58,-280.16,-22.53,-114.76,-53.03,6.41
7791,0.58,-611.89,-20.19,-133.39,-36.57,6.41
7792,0.72,-1186.08,-36.06,-203.75,-41.11,6.41
7793,0.50,-54.96,-26.83,-38.80,-37.08,5.77
7794,0.50,-579.74,-26.04,-114.50,-33.28,5.77
7795,0.56,-881.36,-27.90,-268.30,-34.51,5.77
7796,0.50,-124.55,-22.87,-51.51,-38.31,5.77
7797,0.66,-994.00,-26.37,-256.08,-42.30,5.77
7798,0.94,-1186.78,-36.29,-239.62,-101.76,5.77
7799,0.56,-897.96,-29.15,-173.82,-39.57,6.73
7800,0.62,-113.13,-26.68,-45.96,-33.87,6.73
7801,0.58,-110.41,-26.20,-45.07,-35.22,6.73
7802,0.67,-49.54,-29.14,-38.34,-39.47,7.05
7803,0.83,-139.24,-23.53,-74.56,-46.93,7.05
7804,1.14,-567.56,-16.97,-126.35,-46.62,6.09
7805,0.83,-772.81,-32.03,-387.71,-603.16,6.09
7806,0.98,-990.09,-19.78,-239.25,-56.84,6.09
7807,0.58,-34.14,-25.32,-29.85,-30.22,6.73
7808,0.47,-146.27,-25.44,-50.16,-31.61,6.73
7809,0.46,-578.17,-18.70,-133.14,-48.29,6.73
7810,0.79,-1056.58,-31.83,-192.57,-48.41,6.41
7811,0.85,-596.38,-22.68,-153.00,-46.59,6.41
7812,0.53,-545.36,-28.07,-112.61,-37.54,6.41
7813,0.41,-585.49,-24.24,-138.81,-49.98,6.41
7814,0.54,-52.59,-21.73,-37.18,-34.28,6.41
7815,0.62,-850.99,-33.95,-334.49,-174.51,6.41
7816,0.32,-585.67,-42.52,-302.16,-138.62,6.41
7817,0.46,-582.86,-26.11,-111.09,-33.06,5.45
7818,0.49,-600.97,-22.02,-134.06,-33.53,5.45
7819,0.61,-173.21,-16.43,-54.70,-41.41,5.45
7820,0.52,-190.54,-23.49,-70.67,-38.16,5.45
7821,0.65,-947.83,-20.44,-165.64,-33.13,5.45
7822,0.83,-590.50,-28.75,-163.79,-117.70,5.45
7823,0.61,-713.54,-28.87,-360.40,-451.15,5.45
7824,0.48,-603.77,-23.21,-193.85,-38.38,5.45
7825,0.49,-595.77,-23.13,-192.70,-51.23,5.45
7826,0.82,-125.71,-31.32,-52.32,-42.62,5.45
7827,0.40,-130.46,-27.51,-84.56,-108.87,5.45
7828,0.46,-596.34,-33.40,-217.81,-89.94,5.45
7829,0.33,-557.82,-30.18,-164.92,-113.08,5.45
7830,0.43,-582.43,-33.27,-139.58,-41.00,5.45
7831,0.86,-1019.97,-24.13,-197.74,-70.04,5.45
7832,0.40,-589.02,-31.72,-201.95,-39.83,5.45
7833,0.48,-59.05,-25.69,-36.74,-34.38,4.17
7834,0.46,-557.95,-29.78,-114.74,-34.41,3.21
7835,0.58,-1014.24,-23.52,-227.27,-50.41,4.17
7836,0.62,-990.08,-22.48,-277.33,-119.70,4.17
7837,0.59,-997.05,-30.24,-254.32,-37.18,4.17
7838,0.80,-1271.29,-41.98,-307.14,-47.62,4.17
7839,0.55,-755.45,-20.59,-146.64,-29.04,5.13
7840,0.80,-562.81,-22.90,-109.29,-38.43,5.13
7841,0.47,-163.00,-27.25,-56.35,-35.28,5.13
7842,0.64,-510.24,-18.38,-119.41,-47.20,5.45
7843,0.78,-607.13,-33.31,-138.10,-53.02,5.45
7844,0.61,-977.80,-24.67,-171.53,-42.02,5.45
7845,0.95,-1406.30,-30.83,-468.22,-506.32,5.45
7846,0.41,-500.87,-35.69,-263.45,-162.25,4.81
7847,0.43,-598.33,-29.87,-175.20,-110.82,4.81
7848,0.62,-1146.04,-23.84,-218.67,-45.08,4.81
7849,0.57,-476.46,-30.63,-113.74,-42.25,4.81
7850,0.58,-781.01,-32.31,-269.47,-42.97,4.81
7851,0.45,-52.77,-25.17,-36.38,-37.80,4.81
7852,0.42,-473.16,-28.35,-128.72,-48.58,4.81
7853,0.52,-941.23,-32.67,-333.78,-120.11,5.77
7854,0.62,-601.79,-35.85,-144.18,-69.23,5.77
7855,0.46,-49.27,-23.03,-34.59,-32.75,5.77
7856,0.33,-611.96,-25.33,-165.43,-119.70,4.49
7857,0.68,-1021.21,-32.15,-479.47,-569.27,4.49
7858,0.64,-1071.95,-38.18,-298.98,-51.44,4.49
7859,0.61,-547.50,-16.13,-118.88,-43.32,4.49
7860,0.80,-972.42,-21.70,-437.68,-555.54,4.49
7861,0.63,-129.32,-18.52,-48.18,-35.06,4.49
7862,0.56,-1087.05,-27.03,-186.94,-37.97,4.81
7863,0.62,-1019.56,-32.66,-352.58,-112.45,5.45
7864,0.44,-120.58,-30.44,-66.87,-50.95,5.45
7865,0.56,-52.87,-27.39,-34.50,-30.50,6.41
7866,0.68,-875.85,-19.13,-159.91,-44.33,5.77
7867,0.67,-892.19,-32.38,-174.55,-42.57,5.77
7868,0.52,-42.11,-15.12,-30.43,-33.02,5.77
7869,0.69,-1038.53,-18.19,-262.00,-44.94,5.77
7870,0.53,-842.77,-29.01,-356.61,-133.75,5.77
7871,0.81,-565.29,-31.27,-157.34,-47.07,5.77
7872,0.45,-187.01,-17.86,-82.41,-58.08,5.77
7873,0.73,-615.15,-29.56,-123.94,-40.92,6.41
7874,0.53,-56.16,-27.04,-41.43,-42.10,6.41
7875,0.48,-559.88,-23.74,-109.55,-32.53,6.41
7876,0.95,-132.16,-20.69,-47.70,-32.12,6.41
7877,0.51,-851.86,-27.73,-184.86,-50.45,6.73
7878,0.52,-673.41,-26.93,-180.78,-43.81,6.73
7879,0.49,-576.73,-27.33,-116.94,-39.68,6.73
7880,0.53,-934.29,-24.32,-162.04,-29.11,6.73
7881,0.66,-951.33,-22.20,-251.05,-45.23,6.73
7882,0.87,-1252.02,-23.31,-350.86,-39.92,6.73
7883,0.63,-982.04,-30.42,-182.27,-32.39,6.73
7884,0.74,-1063.66,-25.71,-182.80,-39.39,5.77
7885,0.60,-634.07,-28.07,-128.15,-37.35,5.77
7886,0.60,-1036.20,-29.50,-312.66,-42.12,5.77
7887,0.69,-625.17,-28.55,-133.35,-39.21,5.77
7888,0.83,-1375.77,-25.03,-350.77,-137.18,5.77
7889,0.61,-1142.22,-22.56,-358.36,-90.43,5.77
7890,0.67,-928.73,-17.12,-183.75,-35.55,5.77
7891,0.33,-128.51,-24.97,-58.06,-37.59,5.77
7892,0.64,-128.92,-28.82,-58.55,-45.88,4.81
7893,0.37,-112.43,-23.50,-67.14,-42.78,4.81
7894,0.60,-610.81,-23.28,-149.92,-60.05,4.81
7895,0.64,-984.83,-26.44,-200.10,-50.56,4.81
7896,0.40,-125.90,-20.95,-45.36,-30.86,5.45
7897,0.51,-556.84,-22.49,-120.16,-41.24,5.45
7898,0.46,-702.53,-27.94,-245.65,-119.46,5.45
7899,0.57,-156.48,-35.94,-73.25,-45.32,5.13
7900,0.39,-576.70,-22.76,-112.03,-36.21,5.13
7901,0.40,-141.10,-31.53,-51.05,-35.25,5.13
7902,0.83,-851.15,-32.15,-223.38,-48.11,5.13
7903,0.43,-524.31,-25.93,-120.23,-40.57,5.13
7904,0.65,-605.41,-28.67,-127.70,-33.20,5.13
7905,0.44,-617.15,-32.33,-213.21,-56.20,5.13
7906,0.43,-722.23,-26.38,-300.03,-135.82,5.13
7907,0.44,-600.83,-35.41,-211.58,-47.72,5.13
7908,0.51,-868.08,-18.79,-149.39,-30.28,5.13
7909,0.61,-115.57,-25.01,-74.20,-57.47,5.13
7910,0.49,-753.51,-27.27,-237.58,-112.12,4.81
7911,0.51,-613.81,-35.99,-136.67,-47.51,4.81
7912,0.66,-1031.25,-30.14,-272.44,-45.38,4.81
7913,0.44,-142.34,-33.47,-64.45,-43.78,4.49
7914,0.49,-632.12,-26.13,-134.97,-43.49,4.49
7915,0.47,-628.68,-22.19,-185.96,-33.34,4.49
7916,0.50,-611.18,-26.35,-122.06,-44.26,4.49
7917,0.57,-620.29,-19.46,-136.43,-40.26,5.45
7918,0.73,-553.35,-37.30,-134.64,-42.99,4.81
7919,0.42,-601.56,-26.44,-116.24,-33.33,4.81
7920,0.50,-613.82,-26.88,-213.22,-64.10,4.81
7921,0.66,-1061.06,-21.39,-260.82,-46.61,4.49
7922,0.74,-1286.86,-19.68,-434.89,-133.45,4.49
7923,0.74,-694.22,-27.86,-156.73,-49.71,4.49
7924,0.79,-1472.31,-25.30,-252.06,-40.08,4.49
7925,0.67,-128.28,-31.13,-50.82,-38.37,5.13
7926,0.92,-1407.65,-24.35,-467.77,-135.19,5.13
7927,0.57,-135.03,-27.77,-50.09,-37.91,5.13
7928,0.60,-609.70,-28.55,-197.58,-41.89,5.13
7929,0.35,-566.04,-22.42,-130.36,-41.29,5.13
7930,0.44,-610.10,-22.04,-140.60,-41.79,4.49
7931,0.62,-1149.35,-29.84,-295.33,-102.40,4.49
7932,0.66,-1218.81,-21.16,-212.34,-24.52,4.17
7933,0.82,-603.12,-30.17,-226.36,-90.48,4.49
7934,0.39,-586.39,-27.77,-116.60,-42.44,4.49
7935,1.03,-1081.25,-30.35,-296.06,-128.93,4.49
7936,1.26,-602.05,-19.11,-125.62,-38.87,4.49
7937,0.82,-843.06,-35.02,-183.75,-43.76,4.49
7938,0.34,-119.80,-27.18,-71.22,-47.20,4.49
7939,0.43,-598.48,-28.26,-141.42,-51.88,4.49
7940,0.52,-605.76,-24.81,-166.67,-132.15,4.49
7941,0.84,-1196.22,-45.43,-498.29,-128.20,4.49
7942,0.69,-990.69,-19.44,-266.26,-39.47,4.49
7943,0.41,-136.43,-21.66,-57.29,-30.07,4.49
7944,0.71,-1132.58,-27.86,-218.63,-57.26,4.49
7945,0.67,-595.43,-27.87,-130.20,-38.13,4.17
7946,0.62,-934.41,-19.67,-159.86,-34.28,4.17
7947,0.61,-1182.21,-28.55,-207.72,-47.23,4.49
7948,0.52,-720.43,-29.34,-295.43,-54.22,4.49
7949,0.66,-1241.77,-23.75,-362.36,-41.42,5.13
7950,0.62,-1095.92,-28.78,-287.67,-47.39,4.17
7951,0.51,-918.72,-27.00,-249.35,-40.93,4.17
7952,0.57,-876.27,-15.84,-177.67,-39.35,4.81
7953,0.58,-994.98,-26.92,-280.81,-112.27,4.81
7954,0.42,-129.86,-24.85,-56.52,-35.25,4.81
7955,0.55,-701.51,-23.68,-162.06,-55.13,4.81
7956,0.40,-632.32,-27.11,-137.87,-42.40,4.81
7957,0.60,-938.81,-25.87,-366.47,-42.82,5.45
7958,0.46,-598.40,-19.60,-192.93,-41.87,5.45
7959,0.59,-221.73,-22.67,-60.51,-34.77,4.49
7960,0.61,-962.27,-18.22,-286.53,-53.79,4.49
7961,0.44,-592.09,-23.15,-117.04,-39.81,4.49
7962,0.35,-612.66,-24.35,-216.74,-110.30,4.49
7963,0.50,-161.52,-27.69,-96.07,-111.50,4.17
7964,0.70,-1156.26,-36.56,-532.05,-791.74,4.17
7965,0.40,-611.52,-32.44,-357.39,-554.18,3.85
7966,0.65,-971.30,-33.68,-276.55,-51.90,3.85
7967,0.79,-1002.30,-24.88,-328.88,-87.59,4.17
7968,0.76,-1210.81,-23.50,-343.13,-42.26,4.17
7969,0.54,-840.17,-20.69,-245.94,-50.95,4.17
7970,0.72,-1236.39,-32.07,-382.09,-118.49,4.17
7971,0.45,-595.25,-23.40,-205.54,-47.25,4.81
7972,0.60,-107.57,-20.84,-45.12,-40.50,4.81
7973,2.01,-1162.67,-25.54,-355.67,-42.99,4.81
7974,0.55,-611.95,-23.14,-194.03,-36.77,5.13
7975,0.48,-604.61,-28.78,-145.15,-65.16,5.13
7976,0.42,-618.74,-23.94,-126.49,-44.09,5.13
7977,0.89,-617.04,-34.98,-139.40,-54.19,7.05
7978,0.71,-582.41,-22.62,-162.23,-37.81,7.05
7979,0.50,-135.86,-19.66,-59.06,-34.38,7.05
7980,0.56,-620.56,-24.47,-134.81,-43.37,6.41
7981,0.74,-1219.98,-28.22,-381.60,-133.46,6.41
7982,0.55,-842.42,-25.34,-257.81,-111.67,7.05
7983,0.77,-1253.67,-25.39,-346.65,-45.60,7.05
7984,0.65,-633.81,-25.60,-121.47,-38.59,7.05
7985,0.58,-901.75,-25.46,-154.99,-30.48,7.05
7986,0.64,-552.88,-19.53,-111.92,-36.09,7.05
7987,0.70,-42.68,-27.37,-36.42,-39.51,7.05
7988,0.45,-111.43,-26.39,-46.12,-35.06,6.41
7989,0.66,-1093.86,-37.01,-205.66,-47.98,6.41
7990,2.58,-1177.60,-17.01,-367.46,-29.24,6.09
7991,0.52,-762.62,-25.40,-148.03,-51.56,6.09
7992,0.44,-134.67,-29.72,-79.23,-53.71,6.09
7993,0.59,-625.38,-29.81,-132.34,-44.71,6.09
7994,0.47,-122.39,-25.33,-49.40,-42.75,7.05
7995,0.52,-595.19,-28.39,-201.64,-47.44,5.77
7996,0.66,-135.61,-25.36,-53.38,-43.09,5.77
7997,0.63,-135.71,-28.89,-53.34,-39.26,6.41
7998,0.76,-1222.95,-24.29,-286.79,-40.21,6.41
7999,0.49,-592.46,-24.44,-136.05,-45.19,5.45
8000,0.79,-648.32,-30.09,-208.53,-43.69,5.45
8001,0.79,-1152.10,-25.17,-280.70,-39.54,5.45
8002,0.42,-586.22,-23.20,-142.42,-55.45,5.45
8003,0.56,-112.01,-27.70,-49.15,-37.69,5.45
8004,0.88,-1363.09,-34.00,-591.55,-119.54,5.45
8005,0.66,-926.85,-23.45,-175.12,-39.78,5.13
8006,0.92,-583.82,-25.93,-188.03,-43.16,5.13
8007,0.62,-95.25,-29.79,-47.86,-42.56,5.13
8008,0.44,-48.14,-21.95,-32.65,-31.02,5.45
8009,0.50,-608.28,-28.80,-144.76,-53.23,5.45
8010,0.44,-559.46,-30.14,-121.79,-41.46,5.45
8011,0.55,-44.12,-24.38,-33.75,-32.75,5.45
8012,0.50,-883.72,-28.17,-184.34,-53.14,5.45
8013,0.45,-136.36,-22.57,-41.95,-23.84,5.45
8014,0.43,-600.38,-30.72,-127.31,-43.98,5.45
8015,0.45,-560.46,-24.89,-139.29,-49.56,5.45
8016,1.32,-516.68,-19.04,-118.48,-45.34,4.49
8017,0.55,-583.03,-31.64,-208.07,-53.14,4.49
8018,0.46,-619.68,-26.81,-268.61,-30.79,4.49
8019,0.85,-1315.63,-22.75,-418.85,-122.20,4.17
8020,0.48,-603.37,-49.02,-227.02,-113.09,4.17
8021,0.55,-949.50,-22.87,-252.68,-39.15,5.77
8022,0.56,-620.95,-32.29,-126.09,-43.51,5.77
8023,0.63,-111.56,-26.07,-49.54,-40.87,5.77
8024,0.44,-592.11,-25.06,-192.94,-36.13,5.13
8025,0.89,-672.65,-22.52,-127.04,-37.24,3.85
8026,0.37,-138.84,-21.89,-72.88,-40.57,4.81
8027,0.54,-836.93,-15.43,-157.93,-32.44,4.81
8028,0.51,-861.17,-24.44,-393.46,-570.64,4.81
8029,0.75,-1147.01,-25.11,-195.23,-38.91,4.81
8030,0.72,-125.65,-28.29,-62.53,-47.59,5.13
8031,0.51,-177.23,-19.12,-79.42,-41.35,5.13
8032,0.71,-141.19,-25.62,-68.95,-50.68,4.81
8033,0.66,-45.87,-13.67,-34.74,-39.40,5.13
8034,0.40,-629.43,-35.40,-212.63,-57.73,5.13
8035,0.54,-619.37,-26.94,-214.93,-54.77,5.13
8036,0.64,-1042.83,-31.34,-541.68,-581.64,5.13
8037,0.49,-125.50,-26.86,-61.45,-40.50,5.13
8038,0.76,-1282.58,-19.66,-279.19,-29.57,5.13
8039,0.64,-125.22,-17.74,-70.58,-49.06,5.13
8040,0.69,-1328.90,-29.45,-240.50,-39.20,5.13
8041,0.41,-608.09,-34.59,-147.50,-70.68,3.85
8042,0.58,-913.06,-34.35,-521.01,-588.73,3.85
8043,0.41,-768.19,-24.67,-250.64,-112.56,3.85
8044,0.73,-1293.93,-32.02,-399.27,-138.64,3.85
8045,0.49,-412.93,-28.33,-114.93,-45.48,5.45
8046,0.73,-1000.38,-26.75,-252.34,-38.75,5.45
8047,0.67,-905.53,-25.39,-242.74,-47.32,5.45
8048,0.52,-139.62,-30.92,-50.64,-36.99,5.45
8049,0.46,-603.56,-21.47,-192.26,-33.45,5.45
8050,0.42,-806.22,-17.77,-176.95,-94.28,5.45
8051,0.86,-587.40,-25.52,-198.98,-53.39,5.45
8052,0.69,-1045.07,-18.47,-211.51,-112.74,5.45
8053,0.43,-101.32,-9.60,-38.97,-34.35,5.45
8054,0.68,-952.56,-16.44,-188.06,-44.04,5.45
8055,0.61,-615.12,-25.10,-219.37,-110.51,4.81
8056,0.45,-554.91,-26.22,-107.72,-29.19,4.81
8057,0.44,-53.49,-25.92,-34.49,-31.94,4.81
8058,0.40,-598.79,-27.93,-211.01,-51.59,4.81
8059,0.62,-656.60,-32.91,-139.90,-36.19,4.81
8060,0.61,-900.47,-29.99,-207.25,-47.89,4.81
8061,0.48,-846.95,-16.19,-164.25,-42.07,4.81
8062,0.70,-595.49,-27.22,-129.00,-43.48,4.81
8063,0.45,-569.55,-26.97,-125.01,-37.08,4.81
8064,0.69,-566.27,-29.18,-126.34,-46.27,4.49
8065,0.55,-613.88,-32.82,-121.89,-41.07,4.49
8066,0.55,-814.66,-30.02,-461.96,-614.27,4.49
8067,0.56,-50.46,-33.58,-42.39,-41.21,5.45
8068,0.48,-55.66,-33.51,-45.01,-47.59,4.81
8069,0.68,-930.19,-37.12,-298.83,-113.67,4.81
8070,0.49,-619.45,-27.99,-171.61,-44.95,4.81
8071,0.89,-1399.02,-37.31,-264.59,-61.25,4.81
8072,0.48,-621.77,-27.53,-194.45,-48.68,4.81
8073,0.46,-136.58,-28.06,-65.71,-44.04,4.81
8074,1.76,-845.91,-20.35,-237.67,-55.11,4.49
8075,0.77,-336.35,-34.02,-110.17,-49.10,4.49
8076,0.62,-951.08,-35.25,-179.17,-49.69,4.49
8077,0.49,-559.03,-29.29,-112.78,-39.86,4.49
8078,0.34,-618.98,-25.30,-210.79,-46.25,4.49
8079,0.51,-893.71,-22.94,-317.94,-50.35,4.49
8080,0.47,-46.88,-27.26,-37.64,-36.42,4.49
8081,0.49,-128.57,-19.63,-70.22,-35.37,4.49
8082,0.57,-1041.84,-52.71,-358.56,-114.14,4.49
8083,0.75,-598.56,-20.98,-167.10,-48.42,4.49
8084,0.56,-110.13,-22.41,-42.91,-32.01,4.49
8085,0.81,-829.84,-46.21,-265.29,-102.02,4.49
8086,0.83,-585.26,-23.05,-134.34,-44.05,4.49
8087,0.67,-598.94,-19.25,-113.02,-30.93,4.49
8088,0.59,-891.94,-25.59,-174.11,-46.01,5.45
8089,0.56,-116.97,-30.37,-45.50,-33.59,6.09
8090,0.84,-96.00,-26.00,-54.31,-47.83,4.81
8091,0.40,-605.24,-29.84,-302.41,-190.24,4.81
8092,0.56,-556.41,-28.27,-192.64,-81.46,5.45
8093,0.49,-563.15,-36.30,-124.56,-39.04,5.45
8094,0.61,-857.70,-34.93,-176.67,-42.75,5.45
8095,0.45,-618.47,-25.98,-206.25,-38.06,5.45
8096,0.64,-42.05,-23.54,-35.22,-36.18,5.45
8097,0.82,-1258.81,-21.21,-236.03,-36.69,5.45
8098,0.62,-734.26,-28.93,-228.54,-52.17,5.45
8099,0.62,-1102.67,-25.77,-244.55,-42.40,5.45
8100,0.62,-144.64,-32.25,-84.34,-91.49,5.45
8101,0.67,-814.13,-31.83,-160.04,-38.85,5.45
8102,0.41,-125.84,-22.75,-54.50,-31.61,6.41
8103,0.57,-852.86,-25.62,-165.47,-32.71,5.45
8104,0.59,-58.57,-23.72,-37.95,-33.66,5.13
8105,0.55,-556.21,-21.07,-109.30,-37.71,5.13
8106,0.77,-1201.05,-27.78,-416.85,-435.58,5.13
8107,0.48,-185.31,-21.25,-67.14,-43.59,5.13
8108,0.43,-610.71,-37.12,-278.32,-151.49,5.13
8109,0.48,-806.19,-25.00,-223.22,-41.98,5.13
8110,0.45,-132.42,-24.94,-57.81,-32.10,5.77
8111,0.54,-108.72,-24.22,-47.41,-38.24,5.77
8112,0.42,-556.47,-23.55,-195.12,-56.84,5.77
8113,0.89,-1108.48,-17.16,-198.06,-53.69,5.77
8114,0.62,-1065.42,-22.67,-284.76,-34.98,5.77
8115,0.54,-132.99,-26.93,-50.13,-37.84,5.77
8116,0.43,-594.50,-21.08,-127.91,-40.99,5.77
8117,0.56,-574.98,-22.01,-110.65,-33.88,5.77
8118,0.50,-172.08,-32.41,-73.19,-48.18,5.77
8119,0.46,-577.24,-22.93,-137.77,-53.83,5.77
8120,0.77,-954.49,-28.58,-177.82,-40.41,6.41
8121,0.44,-575.30,-33.06,-142.19,-74.06,6.41
8122,0.77,-1199.05,-29.94,-445.45,-573.70,6.41
8123,0.49,-600.49,-31.57,-137.57,-42.09,6.41
8124,0.42,-582.98,-24.21,-108.59,-33.50,6.41
8125,0.70,-83.77,-33.54,-50.76,-47.24,5.45
8126,0.77,-606.54,-26.23,-119.29,-39.70,5.45
8127,0.76,-1208.57,-28.85,-299.17,-53.89,5.45
8128,0.65,-110.70,-25.32,-47.48,-38.34,5.45
8129,0.42,-563.76,-23.81,-136.26,-43.87,5.45
8130,0.79,-1277.54,-27.20,-292.96,-40.68,5.45
8131,0.46,-50.48,-20.13,-32.88,-31.64,5.45
8132,0.52,-605.52,-36.23,-212.54,-54.53,5.45
8133,0.46,-574.21,-31.72,-135.91,-41.30,6.41
8134,0.43,-579.21,-17.81,-124.88,-35.40,5.45
8135,0.72,-113.38,-24.82,-58.53,-43.61,5.45
8136,0.46,-61.11,-23.83,-36.71,-30.92,5.45
8137,1.06,-604.27,-23.96,-118.07,-33.01,5.45
8138,0.55,-118.63,-24.36,-43.77,-31.34,5.45
8139,0.46,-46.37,-21.52,-34.96,-36.07,6.09
8140,0.63,-984.77,-35.13,-367.21,-56.58,5.77
8141,0.47,-607.24,-25.54,-117.96,-40.39,5.77
8142,0.58,-37.79,-23.15,-31.56,-31.20,5.77
8143,0.59,-973.49,-43.37,-338.08,-55.23,5.77
8144,0.49,-59.44,-21.26,-36.44,-35.74,5.77
8145,0.48,-114.37,-25.20,-44.75,-33.19,5.77
8146,0.54,-969.75,-40.75,-214.09,-58.42,5.45
8147,0.73,-1365.79,-34.27,-393.19,-43.56,5.45
8148,0.47,-620.42,-31.67,-144.11,-39.17,5.77
8149,0.61,-40.26,-20.13,-28.19,-26.58,5.77
8150,0.66,-985.04,-24.52,-186.28,-31.43,6.41
8151,0.55,-677.72,-21.41,-245.00,-50.74,6.41
8152,0.79,-1395.47,-20.09,-323.12,-41.27,5.13
8153,0.58,-686.27,-23.07,-195.58,-38.60,5.13
8154,0.66,-555.50,-21.68,-208.85,-44.28,4.81
8155,0.58,-917.47,-24.90,-327.06,-128.55,4.81
8156,0.47,-777.73,-24.39,-324.34,-36.91,4.81
8157,0.63,-1002.35,-21.29,-254.54,-37.87,4.81
8158,0.62,-1013.52,-28.43,-344.92,-52.85,4.81
8159,0.36,-695.22,-22.21,-132.46,-29.06,4.81
8160,0.50,-785.79,-25.46,-308.24,-36.98,6.09
8161,1.12,-661.59,-22.26,-254.78,-36.84,6.41
8162,0.80,-1280.10,-18.78,-268.37,-30.61,6.41
8163,0.60,-597.01,-33.46,-204.80,-37.29,6.41
8164,0.87,-1054.97,-23.04,-289.25,-135.44,7.05
8165,0.90,-971.57,-21.98,-338.66,-38.03,7.69
8166,0.55,-851.48,-27.85,-150.28,-36.13,7.69
8167,0.94,-45.18,-27.13,-34.68,-33.84,7.69
8168,0.74,-128.74,-21.10,-46.97,-34.56,7.69
8169,0.58,-138.50,-25.26,-48.61,-34.59,6.73
8170,0.53,-659.15,-24.91,-234.61,-45.87,6.09
8171,0.72,-843.76,-17.62,-145.43,-29.64,6.09
8172,0.53,-851.81,-24.32,-313.19,-26.51,6.09
8173,0.47,-810.73,-20.00,-228.72,-37.50,6.09
8174,0.55,-44.96,-21.49,-33.76,-34.10,5.45
8175,1.57,-865.14,-32.30,-188.00,-41.36,5.45
8176,0.64,-907.65,-24.74,-246.78,-33.17,5.77
8177,0.69,-674.75,-27.03,-130.74,-45.09,5.77
8178,0.51,-573.17,-20.81,-132.35,-53.28,5.77
8179,0.54,-562.43,-24.27,-107.43,-33.79,5.13
8180,0.94,-682.10,-32.31,-211.35,-43.43,5.13
8181,0.63,-135.37,-26.80,-47.06,-32.17,4.49
8182,0.57,-973.55,-21.93,-165.99,-32.50,4.49
8183,1.22,-1130.72,-19.99,-187.04,-31.39,4.49
8184,0.95,-838.73,-35.74,-375.88,-307.07,4.49
8185,0.69,-110.27,-22.74,-46.78,-33.02,5.77
8186,0.46,-168.59,-19.91,-55.17,-38.52,5.77
8187,0.72,-933.12,-16.32,-156.68,-32.37,5.77
8188,0.65,-1016.30,-20.40,-369.09,-33.91,5.77
8189,0.53,-670.94,-25.49,-170.55,-41.61,7.05
8190,0.44,-614.31,-18.65,-183.35,-28.69,6.73
8191,0.64,-40.34,-19.48,-31.16,-32.24,6.73
8192,0.93,-572.62,-19.87,-117.05,-29.64,6.73
8193,0.45,-545.10,-24.16,-111.98,-46.56,4.17
8194,0.40,-683.99,-22.54,-143.10,-36.06,4.17
8195,0.38,-112.45,-17.43,-46.92,-34.98,3.85
8196,0.51,-1032.93,-18.09,-324.98,-42.59,3.85
8197,0.61,-845.72,-24.77,-214.62,-115.33,3.85
8198,0.50,-592.23,-20.47,-226.12,-110.45,3.85
8199,0.40,-573.97,-15.83,-269.86,-107.08,3.85
8200,0.78,-1272.32,-29.79,-337.64,-131.66,3.85
8201,0.46,-475.43,-22.33,-141.49,-60.48,5.45
8202,0.49,-138.09,-18.69,-61.20,-34.01,4.81
8203,0.66,-859.41,-24.23,-228.68,-33.10,4.81
8204,0.79,-943.32,-20.32,-249.96,-37.24,4.81
8205,0.52,-134.75,-20.75,-50.67,-34.21,4.49
8206,0.50,-948.28,-17.12,-263.45,-109.07,4.49
8207,0.73,-1144.02,-34.38,-477.56,-553.18,4.49
8208,0.40,-173.33,-12.79,-46.18,-26.80,4.49
8209,1.24,-582.43,-30.25,-150.62,-50.07,4.49
8210,0.63,-56.41,-30.44,-40.23,-39.25,4.49
8211,0.38,-643.05,-30.31,-164.86,-120.36,4.49
8212,1.05,-879.40,-45.56,-459.50,-574.03,4.49
8213,0.57,-405.94,-24.97,-115.48,-34.75,4.49
8214,1.11,-141.60,-29.44,-65.91,-47.92,4.49
8215,0.64,-857.46,-21.65,-197.68,-112.01,4.49
8216,0.70,-555.99,-23.30,-117.68,-34.02,4.49
8217,0.55,-866.93,-25.80,-196.48,-42.77,4.17
8218,0.67,-772.52,-15.40,-175.93,-42.50,4.17
8219,0.69,-956.64,-25.52,-261.91,-110.56,4.81
8220,0.96,-717.66,-21.32,-211.63,-42.15,4.81
8221,0.41,-654.40,-32.18,-228.44,-141.41,4.81
8222,0.46,-676.48,-10.97,-210.25,-38.67,4.81
8223,0.38,-543.92,-23.60,-119.32,-32.06,4.81
8224,0.92,-681.50,-29.43,-216.48,-46.37,4.81
8225,1.10,-582.67,-23.85,-189.52,-40.18,4.81
8226,0.52,-586.96,-23.55,-123.83,-30.99,4.81
8227,0.64,-692.39,-20.00,-192.48,-38.33,4.81
8228,0.56,-883.65,-34.71,-368.74,-137.09,4.81
8229,0.67,-864.50,-27.53,-158.17,-39.59,4.81
8230,0.70,-1072.32,-34.00,-444.56,-143.60,4.81
8231,0.95,-613.13,-20.15,-180.23,-49.72,4.81
8232,0.75,-828.94,-29.97,-329.67,-110.81,4.81
8233,1.14,-683.48,-25.91,-139.14,-45.32,4.81
8234,0.54,-1001.54,-21.74,-279.31,-46.75,4.81
8235,0.41,-589.38,-23.80,-150.65,-110.76,4.81
8236,0.66,-935.92,-22.94,-366.72,-49.45,4.49
8237,0.49,-588.31,-17.27,-126.65,-41.11,4.49
8238,0.86,-671.06,-15.40,-190.65,-40.84,4.49
8239,0.44,-586.95,-19.46,-170.54,-100.05,4.17
8240,0.52,-858.13,-17.46,-295.75,-111.63,4.17
8241,0.58,-887.55,-20.02,-280.60,-35.59,4.81
8242,0.59,-947.50,-13.35,-344.65,-32.58,4.81
8243,0.66,-985.55,-24.14,-248.18,-40.57,4.81
8244,1.01,-1480.43,-32.57,-514.39,-300.35,3.85
8245,0.53,-888.28,-23.85,-262.52,-115.36,3.85
8246,0.68,-900.77,-35.03,-364.63,-111.70,5.13
8247,0.58,-884.59,-15.35,-224.78,-36.83,5.13
8248,0.46,-567.08,-24.90,-110.50,-34.32,5.13
8249,0.60,-528.46,-20.84,-100.62,-30.96,5.13
8250,0.86,-839.96,-42.76,-354.13,-112.48,4.49
8251,0.39,-587.41,-15.58,-108.91,-34.31,4.49
8252,0.46,-438.69,-15.64,-161.52,-128.66,4.49
8253,0.42,-666.70,-29.51,-295.89,-113.75,4.49
8254,0.64,-878.04,-20.37,-177.80,-47.71,4.81
8255,0.40,-130.73,-26.61,-73.57,-45.89,4.49
8256,0.46,-670.79,-21.15,-213.69,-44.38,4.49
8257,0.45,-581.09,-16.21,-145.23,-32.76,4.49
8258,0.56,-132.50,-28.82,-49.01,-31.70,4.49
8259,1.10,-973.36,-20.78,-246.47,-35.53,4.49
8260,0.79,-569.50,-30.76,-127.16,-40.17,4.49
8261,0.64,-1033.39,-25.30,-471.16,-583.15,4.49
8262,0.71,-134.10,-24.52,-69.14,-47.53,4.49
8263,0.46,-829.45,-26.82,-229.82,-31.43,4.49
8264,0.51,-286.85,-21.23,-74.73,-41.50,4.49
8265,0.68,-973.14,-20.88,-277.06,-35.28,3.85
8266,0.78,-842.88,-21.81,-263.73,-137.07,3.85
8267,0.70,-952.20,-22.82,-381.74,-475.48,3.85
8268,0.46,-32.83,-21.17,-26.99,-26.91,3.85
8269,0.45,-585.89,-27.93,-128.33,-37.90,4.17
8270,0.36,-678.55,-27.63,-261.83,-128.29,4.17
8271,1.95,-268.54,-17.35,-100.20,-40.10,3.85
8272,0.50,-836.04,-21.67,-348.84,-114.18,4.81
8273,0.80,-648.35,-24.38,-197.75,-33.00,4.81
8274,1.01,-143.18,-21.67,-54.93,-26.65,4.81
8275,0.77,-679.05,-22.17,-247.22,-110.19,4.81
8276,0.39,-688.01,-18.21,-200.31,-35.70,4.81
8277,0.91,-601.36,-23.02,-237.74,-79.53,4.81
8278,0.49,-820.76,-23.84,-140.84,-28.96,4.81
8279,0.45,-621.57,-28.26,-159.28,-36.29,4.81
8280,0.46,-122.82,-24.03,-58.60,-34.66,5.13
8281,0.47,-41.47,-21.22,-32.42,-30.08,5.13
8282,0.65,-781.85,-28.80,-218.52,-36.90,5.13
8283,0.89,-581.47,-19.89,-113.73,-36.17,5.45
8284,0.81,-590.91,-17.35,-117.06,-26.31,5.45
8285,0.56,-898.72,-29.52,-275.08,-113.79,5.45
8286,0.56,-352.17,-26.25,-81.46,-36.18,5.45
8287,0.92,-1046.06,-18.26,-308.10,-39.35,5.45
8288,0.82,-476.56,-26.81,-100.05,-35.02,4.17
8289,0.50,-849.65,-26.33,-284.86,-111.83,4.17
8290,0.41,-614.61,-22.85,-141.41,-39.02,4.17
8291,0.45,-632.13,-11.50,-274.02,-41.99,4.17
8292,0.95,-337.38,-20.82,-89.72,-40.77,4.17
8293,0.47,-635.54,-18.51,-201.89,-33.56,4.17
8294,0.37,-653.54,-21.56,-218.45,-112.17,4.17
8295,0.38,-670.26,-18.38,-167.59,-35.36,4.17
8296,0.60,-962.08,-9.74,-310.74,-31.82,5.13
8297,0.81,-1045.64,-20.21,-326.53,-36.42,5.13
8298,0.44,-700.44,-16.54,-217.37,-38.19,5.45
8299,0.43,-34.96,-20.74,-27.03,-27.57,5.45
8300,1.07,-679.86,-30.26,-131.49,-43.88,5.45
8301,0.42,-135.04,-27.12,-45.98,-31.33,5.45
8302,0.78,-639.28,-17.31,-161.66,-37.53,5.45
8303,0.42,-89.56,-22.25,-39.50,-35.59,5.45
8304,0.49,-688.01,-25.90,-226.76,-31.00,5.45
8305,0.83,-788.44,-24.57,-225.86,-37.80,5.45
8306,0.55,-673.40,-29.98,-138.16,-43.15,5.45
8307,0.80,-1343.04,-25.59,-375.39,-31.45,5.45
8308,0.48,-818.72,-23.11,-148.21,-38.77,5.13
8309,0.43,-479.93,-27.94,-122.39,-40.27,5.13
8310,0.53,-867.32,-30.55,-322.73,-141.29,4.17
8311,0.40,-747.76,-25.75,-156.36,-35.04,4.17
8312,0.29,-584.90,-25.13,-169.75,-138.56,4.17
8313,0.30,-605.70,-26.44,-213.20,-112.42,4.17
8314,0.37,-681.93,-24.45,-235.66,-107.61,4.17
8315,1.02,-684.69,-22.57,-252.51,-131.51,4.17
8316,0.74,-910.32,-32.72,-312.44,-110.47,4.17
8317,0.42,-825.55,-22.50,-236.74,-30.03,4.17
8318,0.28,-617.75,-25.40,-144.50,-68.62,4.17
8319,0.29,-615.38,-18.33,-134.83,-29.69,4.17
8320,0.52,-586.82,-30.78,-242.38,-99.80,4.17
8321,0.38,-346.38,-25.39,-71.88,-25.85,4.17
8322,0.58,-585.15,-21.33,-174.15,-38.30,4.17
8323,0.55,-877.30,-24.33,-184.64,-67.34,3.21
8324,0.49,-857.66,-25.33,-219.41,-30.42,3.21
8325,0.55,-1101.42,-28.47,-289.96,-124.75,3.21
8326,0.86,-1208.66,-24.68,-395.74,-297.92,3.21
8327,0.57,-962.28,-24.22,-233.26,-110.68,3.21
8328,0.54,-861.02,-22.27,-316.59,-111.21,3.21
8329,0.52,-987.91,-33.53,-516.96,-553.22,3.21
8330,0.41,-584.38,-34.96,-367.21,-548.17,3.21
8331,0.89,-1205.04,-25.81,-590.40,-581.11,3.21
8332,0.59,-949.17,-29.35,-389.37,-253.50,3.21
8333,0.65,-767.24,-25.92,-462.89,-581.29,4.17
8334,1.14,-563.34,-29.41,-196.49,-37.66,4.17
8335,0.33,-134.74,-24.44,-53.62,-33.58,3.53
8336,0.31,-598.98,-22.64,-149.82,-30.59,3.53
8337,0.54,-852.16,-24.69,-296.67,-130.62,3.53
8338,0.76,-1305.26,-25.43,-464.26,-582.83,3.53
8339,0.87,-1106.37,-24.62,-379.02,-31.56,3.85
8340,0.30,-263.46,-23.64,-93.92,-31.21,3.85
8341,0.99,-624.24,-28.14,-228.32,-41.12,3.53
8342,0.83,-1105.02,-25.25,-308.37,-29.75,3.53
8343,0.65,-1242.98,-28.10,-318.49,-112.28,3.85
8344,0.50,-1000.00,-28.21,-372.12,-138.05,3.85
8345,0.55,-810.84,-22.85,-142.08,-33.67,3.85
8346,0.29,-554.84,-23.39,-162.20,-59.90,3.85
8347,0.28,-138.53,-26.30,-72.40,-70.79,3.85
8348,0.41,-814.62,-20.81,-236.87,-28.72,3.85
8349,0.40,-669.07,-25.41,-201.44,-27.26,3.85
8350,0.49,-823.11,-31.15,-239.79,-67.28,3.85
8351,0.30,-620.75,-28.70,-247.99,-108.46,3.85
8352,0.31,-656.75,-23.10,-125.95,-29.97,3.85
8353,0.29,-140.67,-25.06,-72.82,-34.50,3.53
8354,0.57,-931.71,-28.18,-384.79,-111.00,3.53
8355,1.14,-600.49,-23.51,-238.69,-37.86,3.53
8356,0.33,-597.75,-26.50,-159.83,-29.78,3.85
8357,0.55,-881.19,-24.94,-357.05,-28.95,3.85
8358,0.30,-113.61,-27.31,-41.28,-28.79,3.85
8359,0.52,-913.61,-26.99,-381.60,-477.76,3.85
8360,0.46,-828.47,-30.97,-288.23,-136.17,3.85
8361,0.41,-493.59,-23.84,-98.91,-29.09,3.85
8362,0.47,-799.45,-26.39,-169.79,-29.77,3.85
8363,0.31,-138.50,-22.81,-68.28,-32.25,3.85
8364,0.46,-826.88,-29.22,-333.51,-116.69,3.85
8365,0.62,-936.54,-21.99,-415.04,-315.04,3.85
8366,0.52,-876.12,-26.06,-252.67,-112.95,3.85
8367,0.76,-750.72,-25.96,-245.53,-34.18,4.17
8368,0.37,-641.12,-23.47,-158.22,-30.08,3.85
8369,0.56,-566.25,-23.93,-185.09,-113.60,2.88
8370,1.01,-811.33,-26.28,-203.19,-29.61,3.85
8371,0.35,-599.58,-24.08,-108.47,-26.89,3.85
8372,0.48,-551.77,-26.54,-157.23,-33.76,3.85
8373,0.45,-802.19,-25.16,-226.10,-132.24,3.85
8374,0.52,-349.54,-26.56,-75.22,-28.65,3.85
8375,1.14,-916.42,-28.58,-327.45,-33.85,3.85
8376,0.49,-575.29,-25.87,-150.91,-28.30,4.49
8377,0.59,-953.84,-25.12,-187.87,-36.00,4.49
8378,0.53,-557.42,-23.34,-149.31,-29.53,4.49
8379,0.29,-553.21,-27.52,-137.16,-35.13,4.81
8380,0.48,-809.16,-24.67,-156.17,-32.12,4.81
8381,0.52,-879.83,-26.03,-165.34,-30.32,4.81
8382,0.31,-580.93,-25.84,-129.39,-31.37,4.81
8383,0.31,-563.52,-26.75,-137.60,-29.58,4.81
8384,0.30,-137.80,-30.36,-61.55,-32.45,4.81
8385,0.44,-800.70,-27.25,-242.40,-70.22,4.81
8386,0.48,-132.90,-24.62,-44.76,-29.72,4.81
8387,0.97,-1013.24,-24.24,-243.71,-32.47,4.81
8388,0.37,-583.87,-22.89,-119.14,-28.67,4.81
8389,0.52,-844.21,-27.35,-231.03,-34.77,3.53
8390,0.46,-813.11,-24.44,-156.94,-35.80,4.81
8391,0.31,-115.58,-24.17,-40.51,-28.61,4.81
8392,0.77,-1327.99,-27.74,-226.94,-28.36,4.81
8393,0.48,-774.36,-31.28,-319.00,-34.73,4.81
8394,0.42,-636.97,-20.88,-114.73,-28.91,4.81
8395,0.66,-1143.02,-24.48,-257.71,-35.10,4.81
8396,0.67,-1038.37,-25.20,-305.44,-110.22,4.49
8397,0.40,-32.71,-22.71,-27.83,-27.94,4.49
8398,0.61,-1110.67,-24.79,-428.79,-30.68,3.53
8399,0.63,-1131.85,-24.91,-327.30,-68.63,3.53
8400,0.46,-666.18,-29.49,-219.62,-151.40,3.53
8401,0.88,-702.94,-27.22,-249.84,-33.48,3.53
8402,0.61,-970.53,-21.86,-313.97,-26.94,4.17
8403,0.41,-33.21,-25.45,-28.95,-28.56,4.17
8404,1.44,-297.31,-26.12,-79.86,-31.43,4.49
8405,0.48,-669.60,-26.74,-179.64,-27.53,4.49
8406,0.64,-1165.21,-25.51,-228.32,-99.23,4.49
8407,0.73,-908.68,-26.30,-202.12,-36.39,4.49
8408,0.29,-127.28,-22.32,-55.46,-32.17,5.13
8409,0.29,-143.85,-23.91,-56.27,-30.82,5.13
8410,0.56,-562.17,-24.61,-149.18,-29.29,5.13
8411,0.46,-504.48,-23.23,-95.74,-27.90,5.13
8412,0.55,-838.63,-25.14,-430.18,-571.81,5.13
8413,0.32,-549.74,-27.24,-104.35,-28.98,5.13
8414,1.06,-1062.30,-24.68,-317.42,-32.55,4.81
8415,0.48,-853.28,-27.90,-269.85,-129.89,4.81
8416,0.33,-34.82,-25.60,-30.03,-29.96,4.81
8417,0.35,-629.03,-25.78,-127.51,-31.63,4.81
8418,0.41,-652.53,-21.86,-229.98,-129.02,4.81
8419,0.40,-689.71,-25.58,-353.81,-548.99,4.81
8420,1.31,-819.29,-30.86,-436.79,-596.72,5.13
8421,0.52,-902.32,-30.24,-277.49,-99.02,5.13
8422,0.32,-218.80,-25.84,-57.04,-31.75,3.85
8423,0.38,-679.86,-29.80,-297.54,-150.73,3.85
8424,0.57,-875.73,-27.76,-324.32,-266.72,3.85
8425,0.94,-904.04,-27.91,-282.16,-35.89,3.85
8426,0.50,-964.29,-23.98,-239.53,-29.69,4.49
8427,0.74,-1224.41,-23.25,-467.70,-577.59,4.49
8428,0.63,-646.90,-26.28,-249.15,-32.49,4.49
8429,0.52,-822.29,-22.54,-253.79,-30.41,4.49
8430,0.66,-921.85,-23.55,-309.62,-29.01,4.49
8431,0.45,-859.96,-23.37,-298.38,-35.28,4.49
8432,0.97,-1115.90,-23.47,-290.80,-31.72,4.49
8433,0.50,-847.93,-26.33,-242.14,-29.76,4.17
8434,0.48,-833.76,-25.97,-228.72,-55.28,4.17
8435,0.46,-820.66,-24.91,-319.59,-112.26,4.17
8436,0.44,-833.46,-19.44,-222.92,-28.33,4.17
8437,0.49,-991.03,-25.18,-242.46,-27.95,4.17
8438,0.41,-583.95,-22.64,-187.90,-28.28,4.17
8439,0.30,-248.07,-22.55,-82.48,-33.96,4.17
8440,0.29,-534.87,-21.41,-111.13,-25.86,4.17
8441,0.75,-704.37,-27.33,-221.27,-137.89,4.17
8442,0.43,-511.21,-25.55,-224.81,-34.56,4.49
8443,0.33,-574.57,-20.66,-117.54,-28.67,4.49
8444,0.65,-797.81,-29.72,-141.85,-31.91,4.49
8445,0.93,-912.07,-24.80,-352.91,-302.69,4.49
8446,0.55,-954.31,-24.63,-362.89,-132.08,4.49
8447,0.44,-144.24,-25.36,-69.13,-33.81,4.49
8448,0.58,-1052.32,-23.10,-270.80,-34.85,4.49
8449,0.40,-647.60,-20.70,-212.68,-30.00,4.17
8450,0.31,-580.30,-25.83,-131.68,-30.50,4.17
8451,0.61,-925.30,-27.49,-278.39,-118.26,4.17
8452,0.57,-874.70,-25.84,-438.83,-493.25,4.17
8453,0.32,-109.77,-27.33,-41.20,-28.52,4.17
8454,0.76,-764.48,-23.43,-300.79,-136.03,4.17
8455,0.31,-112.38,-23.67,-40.49,-29.43,4.17
8456,0.28,-607.31,-23.10,-141.61,-32.69,3.85
8457,0.52,-849.23,-25.31,-422.83,-593.36,3.85
8458,0.30,-527.10,-23.57,-176.26,-35.76,3.85
8459,0.29,-343.58,-24.33,-74.46,-31.09,3.85
8460,0.49,-853.84,-25.90,-241.21,-34.60,3.85
8461,0.47,-864.73,-25.25,-191.74,-29.84,4.49
8462,0.43,-689.26,-22.65,-215.41,-31.20,4.49
8463,0.82,-1365.72,-24.57,-302.00,-30.81,4.49
8464,0.31,-576.02,-24.11,-125.24,-35.36,5.13
8465,0.56,-815.17,-25.01,-141.04,-29.66,3.21
8466,0.29,-134.63,-25.94,-59.94,-33.99,3.53
8467,0.49,-830.91,-27.04,-230.96,-133.41,3.53
8468,0.40,-753.57,-27.15,-368.89,-561.60,3.53
8469,1.02,-900.67,-26.16,-309.01,-140.59,3.53
8470,0.51,-978.97,-32.05,-292.06,-137.60,3.53
8471,0.59,-1158.44,-26.28,-302.49,-110.21,3.53
8472,0.72,-1042.35,-25.41,-282.21,-33.19,4.49
8473,0.50,-914.38,-34.01,-190.19,-41.89,4.49
8474,0.60,-1073.75,-31.30,-329.31,-112.52,4.49
8475,0.32,-342.90,-23.32,-79.60,-31.53,4.49
8476,0.53,-942.58,-25.60,-202.39,-115.64,4.49
8477,0.54,-957.90,-26.30,-334.22,-31.24,4.49
8478,0.75,-956.52,-25.00,-299.98,-35.55,4.49
8479,0.30,-264.15,-25.45,-88.74,-28.21,4.49
8480,0.35,-576.16,-25.26,-185.67,-31.61,4.49
8481,0.30,-555.85,-21.02,-115.67,-34.52,4.17
8482,0.29,-108.45,-25.23,-40.65,-29.33,4.17
8483,0.29,-606.07,-24.57,-125.34,-27.74,4.17
8484,0.38,-711.79,-24.43,-185.43,-31.64,4.17
8485,1.64,-553.98,-27.71,-138.54,-92.44,4.17
8486,0.48,-877.65,-26.15,-151.08,-29.86,4.17
8487,0.31,-350.87,-24.80,-100.33,-30.10,4.49
8488,0.28,-307.09,-17.02,-107.26,-111.15,4.17
8489,0.61,-598.49,-28.26,-299.75,-286.84,4.17
8490,0.48,-604.64,-26.15,-292.18,-336.35,4.49
8491,0.45,-765.38,-24.29,-236.42,-30.51,4.49
8492,0.29,-175.77,-24.31,-76.68,-29.25,4.49
8493,0.37,-686.40,-25.91,-146.85,-33.11,4.81
8494,0.29,-576.96,-27.81,-213.12,-111.49,4.81
8495,0.31,-598.57,-22.79,-110.25,-31.25,4.81
8496,0.38,-690.48,-30.62,-235.55,-113.97,4.81
8497,0.29,-141.53,-20.16,-64.36,-30.20,4.81
8498,0.28,-591.49,-26.76,-230.36,-128.23,4.81
8499,0.88,-538.02,-26.13,-136.17,-30.99,4.49
8500,0.93,-670.41,-24.30,-185.55,-112.54,4.49
8501,0.41,-772.48,-24.76,-135.41,-31.80,4.49
8502,0.30,-607.37,-24.10,-121.34,-31.34,3.85
8503,0.63,-1199.75,-23.71,-334.30,-135.70,3.85
8504,0.30,-565.72,-24.29,-133.94,-36.59,4.17
8505,0.53,-949.02,-23.64,-160.72,-31.60,4.49
8506,0.58,-695.29,-27.88,-222.89,-32.68,4.49
8507,0.41,-684.68,-28.05,-245.27,-127.87,4.49
8508,0.44,-825.68,-25.66,-217.19,-31.13,4.49
8509,0.38,-594.22,-26.94,-133.51,-37.63,4.49
8510,0.40,-602.03,-21.89,-279.24,-86.68,4.49
8511,0.46,-884.96,-23.58,-298.14,-135.04,4.49
8512,0.29,-583.28,-28.28,-201.72,-35.42,3.85
8513,0.28,-613.01,-23.15,-217.16,-77.04,4.17
8514,0.51,-769.05,-24.31,-273.84,-77.27,4.17
8515,0.57,-1119.46,-26.42,-211.57,-31.86,3.85
8516,0.44,-809.38,-27.82,-299.21,-32.83,3.85
8517,0.34,-576.79,-25.18,-107.94,-29.63,3.85
8518,0.55,-849.45,-27.65,-360.95,-140.19,3.85
8519,0.35,-597.49,-30.16,-199.68,-33.09,3.85
8520,0.90,-346.89,-25.88,-99.84,-40.42,3.85
8521,0.62,-848.25,-26.70,-427.98,-572.75,3.85
8522,0.41,-803.74,-21.47,-226.96,-33.71,3.85
8523,0.51,-872.73,-23.41,-379.40,-329.79,3.85
8524,0.29,-587.21,-23.86,-157.83,-38.23,3.85
8525,0.47,-296.54,-27.15,-68.73,-29.61,3.85
8526,0.52,-850.91,-27.12,-328.30,-34.26,3.85
8527,0.52,-843.95,-26.62,-258.12,-34.96,4.49
8528,0.47,-897.33,-22.94,-241.05,-29.68,4.49
8529,0.49,-601.73,-25.15,-215.92,-127.79,4.49
8530,0.92,-808.16,-25.12,-301.19,-275.01,4.49
8531,0.51,-943.36,-24.60,-187.68,-35.53,4.49
8532,0.50,-960.35,-27.02,-418.02,-581.10,4.49
8533,0.30,-561.93,-28.86,-178.60,-113.15,4.49
8534,0.79,-693.36,-26.96,-173.23,-36.21,4.49
8535,0.61,-914.91,-27.81,-237.64,-29.28,4.49
8536,0.39,-680.41,-24.37,-210.78,-34.51,4.49
8537,0.78,-1201.16,-28.29,-371.61,-169.07,4.49
8538,0.31,-593.19,-29.44,-199.35,-66.61,4.49
8539,0.30,-549.44,-26.40,-131.41,-34.72,4.49
8540,0.40,-604.77,-23.50,-222.71,-129.85,4.49
8541,1.00,-826.95,-28.65,-247.67,-37.23,4.49
8542,0.34,-321.73,-21.81,-116.85,-37.65,4.49
8543,0.37,-686.24,-21.75,-221.03,-106.77,4.49
8544,0.52,-829.93,-26.57,-238.58,-107.53,4.49
8545,0.66,-1092.10,-30.16,-386.39,-31.74,4.49
8546,0.44,-776.64,-27.06,-217.16,-30.46,4.49
8547,0.89,-795.91,-20.77,-203.30,-28.55,4.49
8548,0.47,-831.78,-25.07,-201.26,-32.70,4.49
8549,1.11,-573.81,-23.83,-144.40,-30.73,4.49
8550,0.82,-654.88,-23.17,-209.62,-38.88,4.49
8551,0.37,-112.85,-27.28,-53.09,-30.65,4.49
8552,0.52,-798.37,-24.59,-337.97,-137.14,4.49
8553,0.82,-1224.30,-27.12,-569.72,-550.70,3.21
8554,0.96,-604.01,-25.57,-287.00,-137.01,3.21
8555,0.91,-733.80,-28.47,-155.01,-45.90,3.85
8556,0.62,-1028.09,-26.86,-354.08,-109.88,3.85
8557,0.49,-964.67,-27.89,-268.63,-109.66,3.85
8558,0.47,-665.25,-25.47,-269.88,-29.42,3.85
8559,0.67,-1097.07,-24.50,-339.63,-33.22,3.85
8560,0.60,-571.09,-25.12,-254.54,-114.09,3.85
8561,0.32,-280.75,-24.76,-65.02,-30.50,3.21
8562,0.29,-586.91,-25.82,-194.15,-31.74,4.17
8563,0.44,-554.94,-27.07,-126.76,-38.88,4.17
8564,0.88,-555.01,-20.89,-176.54,-29.41,4.17
8565,0.87,-693.61,-24.90,-182.51,-109.54,4.17
8566,0.37,-640.56,-25.27,-140.85,-37.15,4.17
8567,0.69,-1405.21,-26.50,-318.83,-31.64,4.17
8568,0.57,-908.57,-25.80,-349.55,-28.31,4.17
8569,0.28,-599.57,-24.99,-201.12,-31.35,3.85
8570,0.31,-277.76,-25.11,-80.85,-32.88,3.85
8571,0.32,-208.12,-28.86,-82.76,-37.94,4.17
8572,0.35,-561.74,-22.93,-128.10,-32.17,3.53
8573,0.30,-256.78,-28.93,-76.25,-36.37,4.17
8574,0.56,-991.93,-27.13,-408.69,-360.73,4.17
8575,0.79,-933.92,-24.84,-261.34,-32.10,2.88
8576,0.84,-556.62,-24.06,-193.68,-114.61,4.17
8577,0.80,-740.08,-23.24,-139.92,-27.57,4.17
8578,0.53,-545.39,-26.03,-102.97,-29.20,4.17
8579,0.43,-846.53,-23.85,-214.01,-39.28,3.85
8580,0.37,-685.06,-24.35,-390.23,-579.34,3.85
8581,0.29,-141.47,-23.84,-66.53,-32.95,3.85
8582,0.72,-750.60,-32.15,-256.49,-114.84,3.85
8583,0.44,-678.56,-27.06,-207.29,-31.62,3.85
8584,0.59,-953.43,-27.22,-286.24,-33.40,3.85
8585,0.29,-578.18,-28.12,-153.38,-39.29,3.85
8586,0.29,-590.79,-26.37,-226.26,-30.23,3.85
8587,0.38,-708.23,-26.89,-281.30,-248.62,3.85
8588,0.90,-269.23,-23.47,-102.64,-30.64,3.53
8589,0.75,-1045.57,-23.39,-352.78,-109.85,4.17
8590,0.39,-599.09,-27.42,-110.64,-29.45,2.88
8591,1.02,-383.57,-25.43,-150.60,-132.47,2.88
8592,0.36,-784.58,-26.89,-287.24,-139.73,2.88
8593,0.58,-867.85,-27.10,-321.50,-214.01,3.85
8594,0.66,-1103.64,-27.45,-382.26,-134.43,3.85
8595,0.33,-338.37,-27.15,-90.20,-33.54,3.85
8596,0.47,-796.01,-24.41,-291.99,-31.83,3.85
8597,0.64,-870.47,-26.79,-387.95,-319.81,3.85
8598,0.32,-594.65,-29.17,-238.49,-111.42,3.85
8599,0.36,-734.47,-26.08,-212.19,-29.98,4.17
8600,0.69,-852.92,-25.92,-383.77,-136.89,4.17
8601,0.32,-305.92,-26.74,-70.28,-32.17,4.17
8602,0.40,-582.48,-25.27,-108.10,-28.63,4.17
8603,0.64,-1145.99,-25.35,-487.08,-577.85,4.17
8604,0.30,-601.93,-24.34,-137.73,-32.80,4.17
8605,0.30,-251.08,-24.58,-72.36,-30.26,4.17
8606,0.51,-943.39,-20.91,-252.54,-33.62,4.17
8607,0.30,-591.62,-20.36,-107.63,-28.53,4.17
8608,0.49,-880.26,-26.56,-315.66,-31.11,4.17
8609,1.02,-508.63,-27.15,-137.41,-38.67,4.49
8610,0.43,-745.23,-26.13,-171.79,-111.08,4.49
8611,0.39,-690.67,-25.71,-165.15,-29.79,4.49
8612,0.31,-550.86,-27.70,-104.61,-30.60,4.49
8613,0.31,-605.09,-25.21,-138.05,-31.14,4.49
8614,0.73,-784.78,-22.64,-215.67,-29.60,4.49
8615,0.78,-677.34,-22.41,-121.06,-28.00,3.85
8616,0.29,-588.73,-27.78,-140.01,-38.97,3.85
8617,0.29,-576.02,-25.53,-106.70,-27.70,3.85
8618,0.50,-800.65,-20.41,-349.67,-109.60,3.85
8619,0.30,-129.07,-22.79,-41.03,-27.49,4.17
8620,0.30,-113.92,-26.79,-52.85,-29.15,4.17
8621,0.30,-556.30,-25.75,-110.95,-28.29,3.85
8622,0.35,-680.59,-19.64,-134.76,-34.03,3.85
8623,0.49,-655.09,-22.67,-210.20,-37.25,4.49
8624,0.62,-853.04,-23.86,-247.27,-28.70,4.49
8625,0.69,-1146.40,-20.86,-329.16,-111.78,4.49
8626,0.60,-588.50,-27.72,-273.46,-109.98,4.49
8627,0.29,-134.26,-25.08,-53.62,-28.37,4.49
8628,0.30,-597.40,-30.62,-241.36,-82.07,4.49
8629,0.45,-836.91,-27.06,-202.16,-31.20,4.49
8630,0.32,-127.76,-26.93,-44.78,-30.01,4.49
8631,0.59,-855.50,-24.08,-238.08,-27.50,4.49
8632,0.62,-1051.79,-20.90,-451.18,-579.59,4.49
8633,0.30,-113.44,-21.22,-49.52,-26.19,4.49
8634,0.57,-913.14,-20.16,-165.50,-28.18,4.49
8635,0.29,-347.80,-22.03,-110.60,-30.36,4.49
8636,0.50,-863.78,-23.55,-180.64,-33.17,4.17
8637,0.35,-688.29,-23.92,-198.47,-30.40,4.17
8638,0.44,-568.79,-30.61,-276.40,-109.42,4.17
8639,0.55,-877.96,-29.05,-323.33,-35.89,4.17
8640,0.38,-668.39,-26.24,-188.24,-104.68,4.17
8641,0.42,-613.43,-27.29,-113.08,-30.06,4.49
8642,0.62,-958.57,-24.89,-251.30,-31.68,4.49
8643,0.48,-803.15,-27.54,-174.94,-110.19,4.49
8644,0.48,-629.54,-26.46,-288.40,-341.28,4.49
8645,0.46,-867.55,-25.89,-159.29,-30.84,4.17
8646,0.75,-620.16,-27.15,-140.16,-32.01,4.17
8647,0.30,-33.91,-23.68,-27.74,-27.63,3.85
8648,0.59,-1106.11,-25.49,-390.78,-340.54,3.85
8649,0.87,-1106.12,-25.35,-343.45,-53.63,3.85
8650,0.30,-123.08,-22.72,-54.99,-30.91,3.85
8651,0.30,-135.22,-25.59,-54.79,-33.53,3.85
8652,0.31,-595.65,-21.33,-136.94,-34.60,4.81
8653,0.39,-688.93,-27.64,-125.23,-30.65,4.81
8654,1.23,-365.80,-25.59,-104.23,-32.24,4.81
8655,0.38,-614.29,-33.42,-214.97,-88.61,5.13
8656,0.33,-581.40,-27.18,-120.25,-30.74,5.45
8657,0.42,-33.39,-22.03,-27.60,-26.87,5.45
8658,0.38,-144.37,-25.78,-57.91,-31.29,4.49
8659,0.60,-890.81,-27.88,-320.40,-121.18,4.49
8660,0.45,-810.97,-25.52,-248.25,-33.05,4.49
8661,0.40,-672.75,-20.26,-136.33,-26.74,4.49
8662,0.89,-562.00,-25.42,-172.21,-28.05,3.21
8663,0.29,-609.08,-32.77,-197.67,-37.57,3.53
8664,0.82,-881.67,-26.39,-316.09,-108.66,3.53
8665,0.87,-849.50,-30.43,-458.84,-577.02,3.53
8666,0.36,-634.11,-25.66,-135.12,-29.21,3.53
8667,0.43,-751.09,-25.20,-262.45,-32.14,3.53
8668,0.28,-577.28,-30.70,-207.07,-97.47,3.21
8669,0.27,-129.83,-25.11,-95.90,-113.88,3.21
8670,0.50,-998.34,-25.77,-400.71,-112.15,3.21
8671,0.42,-767.48,-28.87,-228.05,-65.41,4.17
8672,0.66,-1201.28,-30.61,-344.51,-133.06,4.17
8673,0.44,-814.67,-23.05,-138.14,-25.83,4.17
8674,0.70,-880.57,-27.83,-402.29,-127.23,4.17
8675,0.46,-919.65,-22.09,-161.62,-33.00,4.17
8676,0.40,-769.53,-21.84,-145.43,-27.26,3.85
8677,0.41,-135.37,-26.08,-85.76,-114.13,3.85
8678,0.65,-824.76,-34.60,-495.77,-540.52,3.85
8679,0.70,-828.37,-26.39,-243.70,-108.80,3.85
8680,0.50,-787.04,-24.40,-311.14,-105.46,3.21
8681,0.49,-882.52,-29.62,-520.46,-567.26,3.21
8682,0.46,-832.41,-24.49,-422.91,-569.08,3.21
8683,0.41,-733.50,-26.08,-254.27,-138.71,3.53
8684,0.44,-858.03,-30.91,-322.59,-127.65,3.53
8685,0.30,-579.60,-23.88,-106.06,-27.46,3.53
8686,0.54,-854.22,-27.95,-358.91,-329.30,3.53
8687,0.28,-557.29,-27.03,-173.36,-133.20,3.53
8688,0.30,-583.21,-25.24,-150.27,-30.71,3.53
8689,0.29,-589.76,-19.05,-118.74,-30.45,3.53
8690,0.28,-591.04,-22.41,-161.63,-32.54,3.53
8691,0.30,-599.94,-28.41,-219.09,-98.77,3.53
8692,0.48,-902.49,-27.82,-345.13,-132.60,3.53
8693,0.30,-304.56,-28.62,-83.85,-35.66,3.53
8694,0.52,-902.34,-22.66,-350.29,-33.81,3.53
8695,0.61,-1047.41,-26.40,-356.53,-113.74,3.53
8696,0.89,-702.99,-31.04,-361.74,-294.52,4.81
8697,0.52,-944.08,-24.69,-195.02,-97.35,3.85
8698,0.30,-595.75,-22.02,-107.91,-28.49,3.85
8699,0.49,-568.22,-21.50,-245.40,-34.19,3.85
8700,0.29,-609.89,-26.08,-193.58,-27.89,3.85
8701,0.41,-597.84,-24.75,-213.03,-109.89,3.85
8702,0.40,-343.29,-24.85,-73.12,-28.12,3.85
8703,0.41,-652.03,-25.96,-384.14,-589.56,3.85
8704,0.63,-889.48,-24.91,-298.60,-32.19,4.17
8705,0.74,-757.68,-27.07,-222.22,-31.41,3.85
8706,0.48,-939.16,-29.47,-334.29,-57.10,3.85
8707,1.23,-285.27,-28.20,-89.17,-30.53,3.85
8708,0.37,-655.86,-25.14,-231.60,-115.07,3.85
8709,0.59,-911.88,-26.57,-276.66,-30.42,3.85
8710,0.32,-594.68,-30.68,-204.57,-35.60,3.53
8711,0.63,-876.78,-22.31,-269.48,-28.16,3.53
8712,0.40,-708.02,-26.03,-232.85,-35.68,3.53
8713,0.66,-1249.57,-23.60,-316.54,-100.46,3.53
8714,0.45,-798.69,-23.04,-387.96,-568.24,4.17
8715,0.31,-594.56,-26.54,-214.25,-112.29,4.17
8716,0.57,-590.14,-23.31,-150.82,-30.32,4.17
8717,0.31,-582.62,-24.50,-119.40,-30.32,3.85
8718,0.33,-548.44,-20.91,-173.26,-27.23,4.49
8719,0.52,-332.52,-24.94,-124.38,-115.48,4.17
8720,0.42,-593.98,-30.42,-234.06,-101.93,4.17
8721,0.54,-567.11,-26.66,-194.93,-129.25,4.17
8722,0.28,-635.66,-24.96,-147.05,-32.27,4.17
8723,0.31,-604.85,-23.43,-207.87,-32.86,4.17
8724,0.58,-1062.28,-28.23,-403.50,-136.99,4.17
8725,0.30,-138.27,-23.59,-65.25,-33.22,4.17
8726,0.49,-554.26,-23.00,-148.50,-30.28,4.17
8727,0.56,-954.07,-25.61,-295.45,-111.46,4.17
8728,0.35,-564.69,-25.15,-112.20,-29.93,4.17
8729,0.79,-1334.06,-32.09,-341.53,-91.91,4.17
8730,0.57,-910.65,-18.78,-407.87,-313.80,4.17
8731,0.57,-561.55,-20.31,-135.41,-31.93,4.17
8732,0.43,-748.04,-24.15,-223.32,-29.53,4.17
8733,0.34,-566.90,-27.96,-212.71,-131.52,4.17
8734,0.80,-348.92,-23.90,-130.26,-35.50,4.49
8735,0.53,-875.15,-20.54,-245.04,-25.77,4.49
8736,0.73,-874.54,-21.14,-285.39,-138.99,4.49
8737,0.57,-968.73,-23.27,-457.36,-560.27,4.49
8738,0.62,-619.25,-27.28,-206.27,-37.68,5.45
8739,0.38,-678.22,-19.66,-206.12,-36.20,5.45
8740,0.73,-816.22,-28.32,-332.26,-113.26,4.81
8741,0.45,-719.54,-27.28,-224.16,-38.18,4.81
8742,0.56,-880.98,-21.25,-247.62,-36.42,4.17
8743,0.78,-843.68,-25.24,-276.26,-36.12,5.13
8744,0.65,-889.74,-22.09,-195.41,-37.90,5.13
8745,0.78,-973.74,-22.27,-373.76,-142.55,6.41
8746,0.69,-1113.68,-19.53,-196.98,-28.73,6.41
8747,0.73,-1247.38,-37.54,-471.97,-101.95,6.41
8748,1.04,-121.00,-25.61,-47.17,-38.91,6.41
8749,0.39,-113.98,-24.80,-55.71,-39.23,6.41
8750,0.39,-554.45,-21.12,-117.47,-28.88,6.41
8751,0.53,-112.89,-26.51,-44.85,-33.24,6.41
8752,0.92,-633.52,-23.42,-217.27,-42.46,5.77
8753,0.47,-42.04,-19.27,-33.26,-32.86,5.77
8754,2.35,-596.61,-20.20,-124.62,-31.21,5.77
8755,0.78,-598.51,-20.03,-243.43,-38.83,5.77
8756,0.40,-689.10,-19.84,-136.39,-27.90,5.45
8757,0.34,-548.36,-22.64,-104.73,-28.37,5.13
8758,0.43,-361.85,-21.79,-78.38,-27.32,5.13
8759,0.54,-807.46,-25.94,-387.07,-443.28,5.13
8760,0.61,-976.33,-15.31,-251.18,-52.08,5.13
8761,1.40,-556.17,-19.97,-117.14,-40.50,5.77
8762,0.46,-34.69,-23.68,-28.14,-27.67,4.81
8763,0.63,-593.11,-21.68,-108.69,-27.50,4.81
8764,0.64,-324.58,-24.47,-74.01,-32.41,5.77
8765,0.67,-553.20,-21.45,-103.53,-29.15,4.49
8766,0.46,-761.98,-17.92,-180.60,-62.34,5.45
8767,0.50,-203.26,-26.03,-55.68,-32.43,5.45
8768,0.40,-675.05,-24.65,-146.27,-38.67,5.45
8769,0.62,-879.06,-21.22,-241.31,-27.56,5.45
8770,0.56,-886.62,-24.90,-362.62,-140.91,5.45
8771,0.63,-39.40,-25.62,-31.51,-31.62,5.45
8772,0.86,-569.35,-24.53,-108.72,-35.57,5.45
8773,0.58,-367.13,-26.12,-140.29,-46.41,5.45
8774,0.46,-576.44,-18.59,-129.23,-34.78,5.45
8775,0.74,-1102.57,-17.34,-418.89,-340.14,5.13
8776,0.47,-461.40,-27.37,-106.60,-38.79,5.45
8777,0.40,-338.96,-22.31,-72.59,-26.14,4.81
8778,0.49,-772.88,-22.61,-424.62,-551.74,4.81
8779,0.37,-136.19,-22.29,-70.48,-51.55,4.81
8780,0.60,-871.29,-27.60,-230.62,-31.15,4.81
8781,0.36,-136.66,-22.35,-44.59,-28.01,5.13
8782,0.67,-930.33,-22.83,-177.08,-27.00,5.13
8783,0.48,-876.03,-33.95,-446.49,-562.23,5.13
8784,0.52,-131.97,-17.87,-42.92,-30.23,5.13
8785,0.68,-918.40,-24.66,-226.87,-126.79,5.13
8786,0.57,-659.51,-22.88,-155.63,-36.59,5.13
8787,0.69,-824.39,-22.22,-159.48,-37.98,5.77
8788,0.35,-69.79,-19.98,-31.16,-25.15,4.81
8789,0.72,-992.73,-31.27,-297.78,-41.05,3.53
8790,0.59,-1079.76,-23.78,-265.14,-111.63,3.53
8791,0.29,-596.02,-24.87,-288.52,-203.43,3.53
8792,0.40,-131.80,-26.30,-68.65,-39.81,3.53
8793,0.29,-569.00,-26.52,-130.22,-32.69,3.53
8794,0.66,-967.67,-23.96,-205.63,-37.04,3.85
8795,0.60,-963.80,-27.90,-250.76,-29.76,3.85
8796,0.78,-654.44,-26.27,-230.77,-33.82,3.85
8797,0.28,-567.37,-23.30,-124.21,-28.89,3.85
8798,0.48,-833.80,-19.86,-141.51,-26.18,3.85
8799,0.30,-611.72,-24.99,-204.26,-38.00,3.85
8800,0.58,-975.85,-26.04,-385.53,-111.53,3.53
8801,0.96,-667.42,-24.04,-226.34,-34.45,3.53
8802,0.86,-759.95,-26.51,-349.04,-377.92,3.53
8803,0.57,-859.25,-27.63,-209.87,-33.51,3.85
8804,0.28,-390.14,-20.46,-138.75,-44.82,3.85
8805,0.28,-140.84,-23.63,-69.63,-33.50,3.85
8806,0.59,-817.06,-25.26,-166.36,-39.05,3.85
8807,0.37,-685.92,-24.39,-208.65,-34.79,4.49
8808,1.01,-537.52,-25.17,-141.78,-32.81,4.49
8809,0.37,-552.42,-24.70,-104.55,-31.52,4.49
8810,0.36,-702.31,-30.79,-234.54,-112.72,4.49
8811,0.38,-655.69,-25.02,-142.66,-41.29,4.49
8812,0.36,-588.97,-23.75,-118.34,-26.50,4.49
8813,0.52,-905.45,-32.08,-377.63,-112.90,4.49
8814,0.44,-748.57,-22.63,-206.44,-30.11,4.17
8815,0.44,-559.62,-32.15,-214.47,-110.42,4.17
8816,0.42,-568.24,-26.84,-149.51,-37.94,4.17
8817,0.72,-598.58,-23.86,-109.98,-27.27,3.85
8818,0.49,-929.84,-20.80,-211.60,-108.85,3.85
8819,1.05,-597.83,-23.72,-108.04,-26.28,3.85
8820,0.29,-588.19,-25.39,-174.12,-96.74,3.85
8821,0.42,-770.40,-25.14,-265.80,-30.60,3.21
8822,0.46,-817.26,-24.01,-292.11,-102.19,4.17
8823,0.45,-705.89,-25.61,-149.27,-30.10,4.17
8824,0.98,-1009.32,-24.10,-335.63,-110.69,4.17
8825,0.88,-254.94,-24.27,-101.55,-29.65,3.85
8826,0.41,-729.77,-21.59,-390.03,-556.34,3.85
8827,0.29,-140.59,-23.24,-68.89,-33.08,3.85
8828,0.39,-100.97,-23.06,-38.14,-26.24,3.85
8829,0.57,-868.95,-25.02,-329.16,-111.78,3.85
8830,0.48,-948.01,-17.82,-174.09,-29.15,4.17
8831,0.32,-597.14,-27.59,-185.41,-34.51,4.17
8832,0.71,-1171.18,-23.74,-294.33,-104.49,4.17
8833,0.48,-829.03,-28.13,-328.66,-302.87,4.17
8834,0.43,-559.61,-29.01,-197.88,-140.00,3.85
8835,0.87,-989.15,-18.96,-281.92,-129.71,4.49
8836,0.36,-576.72,-27.19,-156.19,-35.84,4.49
8837,0.52,-869.91,-27.05,-177.02,-60.57,4.49
8838,0.44,-536.78,-20.74,-113.37,-25.38,4.49
8839,0.54,-941.04,-21.41,-325.82,-130.86,4.49
8840,0.66,-1088.98,-27.22,-294.74,-44.53,4.49
8841,0.62,-886.78,-23.51,-223.82,-37.60,5.13
8842,0.56,-976.57,-20.14,-240.34,-36.81,4.49
8843,0.58,-917.80,-25.09,-180.80,-34.86,4.49
8844,1.32,-596.36,-25.40,-158.99,-38.97,4.49
8845,0.62,-584.46,-25.71,-218.58,-56.02,4.49
8846,1.15,-563.64,-20.64,-189.77,-41.44,4.81
8847,0.54,-583.76,-24.54,-213.67,-61.91,4.81
8848,1.17,-923.31,-23.24,-193.99,-35.07,5.45
8849,0.42,-642.73,-17.14,-131.61,-32.08,5.45
8850,0.49,-578.52,-27.02,-111.31,-31.26,4.17
8851,0.38,-681.91,-35.51,-231.94,-114.42,4.17
8852,0.73,-1156.46,-26.09,-314.63,-31.95,4.17
8853,0.31,-578.72,-20.71,-107.02,-31.66,3.85
8854,0.64,-769.88,-16.26,-234.21,-34.45,3.85
8855,0.35,-112.18,-21.58,-54.91,-27.18,3.85
8856,0.47,-568.80,-26.18,-276.82,-298.57,3.85
8857,0.48,-762.05,-28.10,-392.67,-372.83,3.85
8858,0.37,-129.93,-20.46,-52.11,-29.05,3.21
8859,0.45,-683.50,-24.88,-267.27,-34.24,3.21
8860,0.67,-937.88,-22.37,-263.14,-45.51,3.21
8861,0.48,-568.57,-27.52,-203.13,-37.75,3.21
8862,0.74,-917.85,-24.82,-444.21,-563.87,3.85
8863,0.34,-579.46,-23.74,-118.70,-26.69,3.85
8864,0.58,-988.79,-28.93,-377.09,-137.53,3.85
8865,0.41,-179.56,-21.56,-61.63,-33.47,3.85
8866,0.63,-916.54,-18.31,-397.38,-569.59,3.85
8867,0.70,-112.91,-28.01,-46.34,-37.31,5.13
8868,0.45,-574.15,-20.48,-107.87,-32.95,3.85
8869,0.63,-957.13,-25.87,-241.05,-31.30,4.49
8870,0.54,-800.98,-23.55,-246.44,-28.05,4.49
8871,1.04,-708.12,-26.97,-300.23,-86.26,4.49
8872,1.02,-683.13,-23.64,-224.15,-34.09,4.49
8873,0.32,-366.30,-25.63,-130.42,-37.38,4.49
8874,0.36,-628.86,-25.26,-202.17,-112.06,4.17
8875,0.31,-569.37,-21.25,-203.95,-110.55,4.17
8876,0.39,-564.02,-22.77,-112.85,-40.74,4.17
8877,0.46,-627.53,-21.09,-193.13,-68.22,4.17
8878,0.53,-976.03,-23.46,-250.60,-32.28,4.17
8879,0.57,-1066.90,-15.59,-434.11,-594.50,4.17
8880,0.57,-35.90,-18.49,-29.35,-31.07,4.17
8881,1.20,-860.51,-28.74,-247.96,-113.40,4.17
8882,0.88,-932.43,-22.94,-167.48,-36.33,4.49
8883,0.34,-595.08,-15.91,-138.73,-38.26,4.49
8884,0.86,-614.42,-24.26,-344.34,-559.20,4.49
8885,0.33,-564.32,-21.78,-103.13,-27.31,5.45
8886,0.50,-507.59,-17.61,-95.25,-28.03,5.45
8887,0.40,-594.18,-22.90,-158.91,-35.64,5.13
8888,0.65,-1001.90,-20.98,-257.04,-37.33,4.49
8889,0.44,-695.35,-23.30,-199.38,-31.52,4.49
8890,0.32,-590.92,-31.33,-214.64,-109.99,4.49
8891,0.68,-798.81,-30.11,-244.64,-42.75,4.49
8892,0.31,-112.41,-24.69,-41.07,-27.98,5.13
8893,0.83,-555.39,-19.06,-186.05,-35.84,5.13
8894,0.69,-945.64,-29.11,-257.35,-42.49,5.13
8895,0.70,-1230.70,-20.73,-230.30,-40.59,5.13
8896,0.47,-479.55,-25.83,-101.62,-32.88,5.13
8897,0.54,-899.13,-22.88,-307.48,-28.27,5.13
8898,0.48,-766.46,-19.93,-134.48,-30.60,5.45
8899,0.53,-740.07,-24.66,-139.92,-32.98,4.81
8900,0.62,-127.25,-23.43,-42.57,-28.43,5.13
8901,0.33,-214.91,-19.47,-52.85,-26.79,5.13
8902,0.59,-738.26,-23.16,-257.89,-31.22,5.13
8903,0.80,-915.30,-21.48,-258.09,-29.59,5.13
8904,0.39,-699.22,-26.80,-247.65,-129.47,5.13
8905,0.93,-656.48,-23.22,-137.47,-27.29,5.13
8906,0.51,-337.03,-25.51,-99.01,-34.45,6.09
8907,0.41,-671.86,-24.85,-228.12,-30.97,6.41
8908,0.51,-819.15,-25.09,-159.40,-33.53,5.45
8909,0.50,-96.17,-23.16,-38.95,-27.92,5.45
8910,0.35,-252.02,-14.63,-68.57,-27.50,5.45
8911,0.47,-572.22,-24.19,-109.76,-30.70,5.45
8912,0.62,-912.95,-19.94,-269.93,-107.68,5.45
8913,0.41,-618.22,-25.88,-140.17,-29.93,5.45
8914,0.41,-131.96,-21.29,-46.66,-31.42,5.45
8915,0.89,-44.85,-21.75,-33.15,-32.35,5.45
8916,0.44,-678.26,-24.81,-201.49,-37.75,5.45
8917,0.43,-49.40,-26.68,-32.00,-29.27,5.45
8918,0.32,-631.16,-22.44,-113.46,-28.48,5.45
8919,0.69,-642.67,-15.13,-128.69,-33.33,5.45
8920,0.38,-591.78,-23.21,-108.10,-26.86,5.45
8921,0.32,-194.43,-22.69,-66.38,-32.99,5.45
8922,0.36,-127.84,-19.15,-43.39,-31.95,5.45
8923,0.56,-928.09,-25.72,-332.09,-33.82,5.45
8924,0.83,-581.32,-20.84,-143.83,-30.99,5.45
8925,0.49,-846.80,-22.98,-180.23,-39.72,5.45
8926,0.37,-616.58,-22.85,-143.46,-36.18,5.45
8927,0.67,-585.43,-23.32,-109.60,-28.50,5.45
8928,0.81,-337.45,-23.12,-88.11,-39.35,5.45
8929,0.32,-557.67,-23.91,-133.62,-41.91,5.45
8930,0.40,-329.79,-24.20,-75.02,-30.24,4.17
8931,1.24,-803.20,-24.02,-236.70,-40.11,4.17
8932,0.62,-841.69,-29.00,-251.38,-42.34,4.17
8933,0.67,-818.74,-24.33,-159.66,-27.51,4.17
8934,0.47,-693.73,-23.82,-184.27,-28.44,4.17
8935,0.33,-645.10,-24.56,-141.32,-29.98,4.81
8936,0.48,-584.14,-21.40,-183.51,-35.44,4.81
8937,0.75,-844.23,-19.91,-168.06,-36.29,4.81
8938,1.69,-30.71,-19.02,-25.15,-24.55,5.77
8939,0.44,-784.28,-17.73,-229.39,-36.21,5.77
8940,0.50,-589.58,-24.11,-131.01,-39.25,5.77
8941,0.32,-615.38,-26.78,-236.98,-110.71,5.45
8942,0.44,-73.27,-20.63,-34.68,-29.53,5.45
8943,0.38,-419.06,-19.33,-94.04,-28.12,5.45
8944,0.43,-562.08,-22.32,-113.70,-28.55,5.45
8945,0.37,-283.49,-25.79,-99.42,-105.07,5.13
8946,0.39,-565.85,-20.25,-134.48,-42.32,5.13
8947,0.94,-682.73,-22.73,-162.73,-38.56,5.13
8948,0.32,-553.23,-22.11,-150.32,-113.20,5.13
8949,0.38,-574.01,-23.38,-186.04,-33.95,5.13
8950,0.39,-512.24,-25.15,-124.18,-30.50,5.13
8951,0.39,-289.13,-19.41,-91.21,-31.52,5.13
8952,0.40,-280.54,-21.35,-78.15,-36.21,5.13
8953,0.60,-576.84,-22.92,-198.21,-109.99,5.13
8954,0.80,-934.07,-21.76,-224.38,-37.21,5.13
8955,0.40,-134.37,-18.38,-42.58,-28.58,5.13
8956,0.45,-112.36,-17.80,-53.94,-41.43,4.81
8957,0.49,-900.54,-28.32,-310.47,-33.54,4.81
8958,0.45,-140.74,-25.10,-60.32,-40.26,4.81
8959,0.48,-570.85,-28.88,-110.82,-33.26,4.49
8960,0.73,-947.56,-23.04,-161.51,-32.46,4.49
8961,0.48,-858.36,-22.80,-246.50,-111.09,4.49
8962,0.34,-322.82,-22.40,-70.49,-28.81,4.49
8963,0.69,-1043.04,-22.96,-177.37,-34.06,5.13
8964,0.69,-509.21,-24.50,-110.42,-32.03,4.49
8965,0.58,-931.01,-18.43,-353.19,-40.54,4.49
8966,0.78,-968.69,-21.50,-180.37,-38.32,4.49
8967,0.56,-123.85,-23.69,-55.39,-31.32,4.49
8968,0.61,-841.21,-15.79,-155.44,-27.10,4.49
8969,0.43,-692.07,-26.84,-218.70,-40.99,4.49
8970,0.33,-116.08,-21.53,-38.32,-26.62,4.49
8971,0.58,-582.07,-21.96,-106.63,-27.00,4.49
8972,0.63,-734.82,-24.22,-302.33,-113.25,4.49
8973,0.38,-112.35,-24.89,-41.39,-31.17,5.45
8974,0.60,-962.98,-21.42,-178.46,-34.77,5.45
8975,1.23,-34.76,-19.79,-27.30,-28.56,5.45
8976,1.23,-519.09,-18.30,-109.10,-28.27,5.45
8977,1.08,-1170.62,-27.89,-293.85,-102.76,5.45
8978,0.47,-580.12,-27.83,-137.25,-36.45,5.45
8979,0.49,-786.40,-20.44,-152.26,-30.04,5.45
8980,0.94,-276.00,-22.54,-88.05,-39.71,5.45
8981,0.40,-575.98,-22.01,-128.22,-41.94,5.45
8982,0.59,-822.01,-21.92,-220.48,-37.70,5.45
8983,0.53,-899.92,-22.61,-166.73,-32.41,5.45
8984,0.34,-136.95,-22.06,-71.35,-46.88,5.45
8985,0.61,-978.34,-20.87,-263.64,-29.21,5.45
8986,0.34,-603.63,-21.08,-110.70,-31.33,5.45
8987,0.63,-713.93,-33.97,-219.96,-46.62,5.45
8988,0.32,-41.15,-20.08,-26.96,-24.40,5.45
8989,0.37,-218.80,-25.92,-72.66,-32.53,5.45
8990,0.39,-630.63,-24.62,-136.82,-36.52,5.13
8991,0.43,-113.53,-25.03,-42.41,-31.61,5.13
8992,0.54,-585.55,-22.10,-120.77,-30.04,5.13
8993,0.72,-557.96,-20.87,-157.28,-49.35,5.13
8994,0.52,-602.50,-24.18,-114.53,-35.26,5.13
8995,0.41,-250.47,-22.79,-88.69,-33.73,4.81
8996,0.92,-673.16,-24.15,-218.19,-35.96,6.09
8997,0.48,-586.73,-15.82,-244.58,-46.40,6.09
8998,0.57,-36.97,-26.64,-30.10,-28.29,6.09
8999,0.32,-113.43,-23.13,-40.34,-28.39,6.09
9000,0.33,-143.45,-25.51,-44.62,-28.55,6.09
9001,0.37,-34.31,-18.71,-28.64,-30.38,6.09
9002,0.62,-906.05,-24.46,-264.56,-40.48,6.09
9003,0.45,-582.49,-18.47,-104.80,-24.85,6.73
9004,0.79,-647.88,-17.16,-169.76,-34.54,6.73
9005,0.38,-34.80,-23.87,-29.36,-30.99,6.73
9006,1.00,-785.04,-19.15,-206.82,-128.01,8.33
9007,0.39,-45.62,-23.12,-32.17,-28.23,8.33
9008,0.67,-39.69,-19.93,-30.37,-28.89,8.33
9009,1.09,-583.84,-22.97,-110.54,-32.94,8.33
9010,0.38,-39.96,-22.94,-30.55,-30.70,8.33
9011,0.51,-836.04,-29.02,-299.63,-132.20,7.69
9012,0.49,-131.29,-19.55,-43.45,-31.44,7.69
9013,0.52,-862.41,-20.15,-217.78,-29.13,7.69
9014,0.35,-262.46,-19.12,-79.25,-34.59,6.09
9015,0.43,-127.03,-19.09,-42.56,-29.97,6.09
9016,0.63,-1145.25,-25.15,-304.35,-40.99,5.77
9017,0.32,-616.76,-22.64,-118.64,-26.77,5.45
9018,0.37,-137.48,-21.87,-56.48,-30.07,5.45
9019,0.33,-138.88,-27.74,-60.03,-49.81,5.45
9020,0.42,-141.43,-23.93,-49.01,-35.34,5.45
9021,1.01,-137.59,-21.31,-57.00,-28.09,5.45
9022,0.44,-790.54,-21.97,-151.61,-26.45,4.81
9023,0.43,-390.46,-24.62,-108.52,-34.76,4.81
9024,0.42,-375.04,-24.98,-78.59,-29.09,4.81
9025,0.53,-1012.91,-22.55,-189.84,-38.55,4.81
9026,0.73,-929.07,-19.36,-182.02,-31.07,4.81
9027,0.31,-586.93,-21.74,-117.16,-26.71,7.05
9028,0.86,-321.40,-24.76,-69.32,-26.84,7.05
9029,0.41,-613.96,-22.12,-192.22,-28.44,7.05
9030,0.55,-752.86,-21.93,-142.91,-28.51,7.05
9031,0.53,-911.09,-22.98,-169.28,-35.49,6.73
9032,0.63,-999.29,-19.17,-179.77,-33.16,6.73
9033,1.86,-111.87,-20.40,-39.12,-27.06,6.73
9034,0.55,-933.30,-23.98,-250.30,-26.39,6.73
9035,0.34,-597.79,-20.28,-111.25,-30.65,6.73
9036,0.75,-530.53,-23.07,-103.00,-31.35,6.73
9037,0.43,-138.24,-24.45,-47.34,-30.10,6.73
9038,0.59,-934.80,-27.89,-367.90,-37.12,6.41
9039,0.41,-142.92,-22.87,-43.79,-27.94,6.41
9040,0.59,-903.74,-18.78,-240.92,-29.89,5.13
9041,0.48,-811.72,-18.37,-260.72,-40.10,7.05
9042,0.68,-872.74,-30.64,-261.11,-109.83,5.45
9043,0.43,-661.44,-23.06,-159.31,-35.03,5.45
9044,0.56,-850.14,-22.65,-263.15,-134.00,5.45
9045,0.69,-868.39,-24.27,-304.12,-112.48,4.49
9046,0.33,-142.62,-24.15,-45.54,-29.66,5.13
9047,0.47,-606.27,-18.15,-109.42,-28.65,6.09
9048,0.39,-666.32,-25.94,-133.78,-29.30,6.09
9049,1.06,-710.05,-27.05,-326.23,-130.90,6.09
9050,0.41,-657.16,-23.86,-208.04,-34.70,6.41
9051,0.36,-132.16,-18.92,-54.27,-29.48,6.41
9052,0.72,-1113.19,-21.08,-294.45,-33.65,6.09
9053,0.55,-984.90,-24.28,-283.52,-113.56,6.09
9054,0.39,-34.04,-20.79,-26.92,-26.26,4.49
9055,0.36,-572.59,-24.21,-136.95,-46.10,4.49
9056,0.68,-1259.92,-24.24,-295.76,-35.32,4.49
9057,0.68,-1089.62,-25.26,-336.97,-35.58,4.49
9058,0.92,-1448.18,-31.61,-408.56,-134.40,4.49
9059,0.39,-637.84,-21.19,-348.65,-551.92,4.49
9060,0.67,-913.97,-24.11,-267.71,-39.66,4.49
9061,0.48,-545.27,-25.27,-200.64,-113.28,4.49
9062,1.90,-700.87,-24.05,-280.71,-38.50,4.49
9063,0.45,-769.36,-16.81,-150.20,-28.73,4.49
9064,0.45,-681.71,-25.30,-177.66,-110.33,4.49
9065,0.48,-873.36,-25.74,-250.32,-99.85,5.77
9066,0.34,-146.63,-21.36,-53.40,-30.59,5.77
9067,0.47,-592.93,-22.03,-122.20,-27.95,5.77
9068,0.70,-848.10,-23.19,-329.87,-33.88,5.77
9069,0.56,-954.85,-21.48,-395.96,-77.49,5.77
9070,0.41,-630.19,-20.84,-114.74,-31.24,5.77
9071,0.57,-664.79,-21.20,-256.26,-108.82,6.73
9072,0.42,-33.44,-25.90,-28.80,-27.72,6.73
9073,0.57,-683.08,-25.53,-342.10,-422.33,6.73
9074,0.51,-489.22,-19.49,-112.91,-23.01,6.73
9075,1.14,-604.83,-19.22,-143.52,-25.75,6.73
9076,0.42,-120.13,-21.71,-41.67,-31.04,6.09
9077,0.39,-38.08,-17.41,-27.83,-27.02,6.09
9078,0.44,-663.93,-23.28,-230.71,-35.85,6.09
9079,0.44,-754.24,-22.72,-130.83,-27.23,6.09
9080,0.50,-796.65,-21.33,-139.97,-33.39,6.09
9081,0.50,-861.06,-24.08,-306.52,-35.01,6.09
9082,1.07,-662.22,-21.82,-172.61,-27.90,6.09
9083,0.34,-262.95,-24.14,-61.77,-29.93,5.13
9084,0.40,-602.31,-23.28,-205.97,-51.92,5.13
9085,0.37,-366.29,-17.16,-74.63,-28.63,5.13
9086,1.06,-937.13,-23.61,-302.17,-133.39,5.13
9087,0.93,-728.66,-23.53,-216.10,-29.39,5.13
9088,0.62,-993.94,-20.26,-176.66,-27.02,5.13
9089,0.39,-700.52,-25.95,-335.46,-330.03,5.13
9090,1.12,-575.35,-23.20,-184.52,-45.23,5.13
9091,0.42,-673.01,-26.14,-202.29,-37.03,5.13
9092,0.38,-689.67,-24.12,-133.99,-28.59,5.13
9093,0.41,-321.44,-21.53,-81.08,-31.29,4.81
9094,0.66,-939.75,-27.90,-255.52,-42.14,4.81
9095,0.44,-580.95,-23.97,-125.94,-31.96,4.81
9096,0.38,-209.39,-30.05,-78.05,-32.70,4.81
9097,0.65,-831.88,-21.57,-188.52,-40.42,4.81
9098,0.37,-701.61,-21.59,-254.72,-122.04,5.45
9099,0.69,-931.86,-18.76,-267.60,-27.85,5.45
9100,0.37,-108.45,-21.46,-41.01,-29.97,5.45
9101,0.37,-111.88,-25.52,-41.24,-27.17,5.45
9102,0.33,-572.43,-20.53,-106.74,-31.12,5.45
9103,0.50,-824.55,-20.92,-227.08,-31.84,4.49
9104,0.99,-752.73,-25.33,-304.62,-299.70,4.49
9105,0.40,-571.55,-24.23,-163.42,-32.75,4.49
9106,0.93,-586.98,-22.28,-217.79,-37.61,4.49
9107,0.55,-890.45,-27.39,-251.89,-38.49,3.85
9108,0.61,-1065.66,-24.77,-341.88,-112.50,4.17
9109,0.29,-579.94,-24.18,-122.43,-32.84,4.17
9110,0.30,-605.77,-25.69,-215.84,-110.30,4.17
9111,0.63,-1041.75,-26.42,-360.26,-104.13,4.17
9112,0.44,-798.09,-26.58,-168.23,-35.93,4.17
9113,0.40,-584.20,-25.39,-194.29,-45.82,4.17
9114,0.40,-774.75,-26.04,-254.79,-128.11,3.85
9115,0.67,-1330.03,-25.66,-382.62,-130.95,3.85
9116,1.17,-478.98,-21.43,-100.60,-33.56,3.85
9117,0.95,-463.99,-19.29,-152.00,-35.30,4.17
9118,0.29,-67.03,-20.15,-36.72,-27.76,3.53
9119,0.65,-888.00,-20.62,-361.95,-316.82,3.53
9120,0.58,-958.39,-20.96,-281.49,-134.59,3.53
9121,0.49,-863.27,-27.68,-244.36,-75.12,3.53
9122,0.56,-926.60,-31.13,-426.42,-389.65,3.53
9123,0.36,-570.40,-24.31,-189.35,-112.18,4.49
9124,0.32,-308.23,-27.65,-119.88,-41.20,4.49
9125,0.39,-39.30,-18.05,-25.20,-22.30,4.49
9126,1.03,-536.30,-25.44,-128.92,-48.66,4.49
9127,0.40,-589.45,-20.53,-160.90,-108.81,4.49
9128,0.32,-114.61,-19.37,-64.67,-32.43,4.49
9129,0.56,-974.77,-18.98,-356.46,-23.52,4.49
9130,0.78,-1120.45,-22.92,-265.85,-35.37,4.49
9131,0.42,-632.74,-26.13,-199.53,-37.23,4.49
9132,0.69,-930.56,-22.46,-376.23,-139.96,4.49
9133,0.54,-647.36,-16.91,-209.48,-39.78,4.49
9134,0.44,-652.49,-26.06,-164.54,-31.00,4.49
9135,0.30,-571.60,-22.67,-138.22,-49.29,4.49
9136,0.64,-643.66,-26.68,-335.79,-490.33,4.49
9137,0.53,-37.17,-15.77,-29.30,-30.67,4.49
9138,0.63,-1111.90,-18.66,-254.30,-32.34,4.49
9139,0.56,-784.84,-17.55,-151.35,-30.78,4.49
9140,0.45,-727.54,-20.14,-247.97,-45.29,4.81
9141,0.60,-609.64,-28.56,-241.33,-143.38,4.17
9142,0.57,-891.94,-22.12,-285.10,-86.70,4.17
9143,0.49,-783.65,-22.89,-223.23,-35.83,4.49
9144,0.32,-110.09,-25.61,-52.95,-31.68,4.49
9145,0.45,-799.00,-27.83,-146.79,-33.13,4.49
9146,0.57,-1129.96,-22.26,-389.30,-205.55,4.49
9147,0.51,-930.82,-25.34,-180.29,-35.91,4.81
9148,0.41,-43.98,-24.33,-33.18,-31.16,4.81
9149,0.48,-832.82,-18.23,-218.28,-25.34,4.81
9150,0.40,-587.05,-23.49,-131.28,-31.89,5.13
9151,0.56,-839.03,-26.91,-147.12,-33.34,5.13
9152,0.44,-167.73,-25.59,-64.61,-34.34,5.13
9153,0.44,-825.98,-25.53,-156.10,-33.51,4.81
9154,0.92,-889.36,-23.44,-254.26,-39.48,5.45
9155,0.35,-301.39,-25.10,-69.04,-30.23,5.45
9156,0.38,-628.07,-18.10,-154.76,-34.51,5.45
9157,0.60,-1198.16,-21.50,-208.28,-31.94,5.45
9158,0.30,-291.72,-22.98,-100.72,-28.79,5.45
9159,0.33,-140.68,-19.40,-53.75,-28.25,5.45
9160,0.41,-706.32,-26.62,-187.34,-111.67,5.45
9161,0.40,-616.86,-20.59,-115.56,-29.74,5.13
9162,0.45,-134.57,-19.90,-56.62,-35.76,5.13
9163,0.31,-578.65,-21.59,-122.44,-28.19,5.13
9164,0.42,-276.17,-21.28,-99.54,-41.35,4.81
9165,0.38,-688.53,-31.37,-181.77,-38.61,4.81
9166,0.56,-920.90,-24.28,-239.02,-32.50,4.81
9167,0.39,-592.52,-24.92,-281.84,-132.61,4.81
9168,0.39,-111.87,-23.26,-46.12,-30.28,6.41
9169,0.75,-128.99,-24.29,-52.90,-26.67,6.09
9170,0.47,-602.27,-19.93,-253.08,-137.68,6.09
9171,0.52,-581.71,-21.75,-115.74,-29.93,6.09
9172,0.41,-586.26,-26.13,-220.15,-35.92,6.09
9173,0.44,-35.97,-20.76,-27.13,-25.37,6.09
9174,1.36,-849.33,-23.35,-260.11,-34.80,6.09
9175,0.53,-839.69,-27.03,-341.14,-37.73,7.37
9176,0.56,-463.97,-23.00,-91.55,-29.70,7.37
9177,0.48,-838.58,-23.55,-183.07,-36.84,7.37
9178,0.67,-977.65,-28.10,-250.87,-44.28,5.45
9179,0.60,-555.47,-22.56,-189.56,-30.26,5.45
9180,0.31,-159.48,-24.63,-73.37,-29.00,5.45
9181,0.36,-320.20,-26.83,-98.51,-32.73,5.45
9182,0.55,-644.14,-25.69,-156.86,-39.77,5.45
9183,0.38,-114.21,-19.77,-38.38,-25.49,5.45
9184,0.42,-33.68,-20.16,-26.83,-26.11,5.13
9185,0.59,-869.03,-22.68,-327.00,-33.23,4.17
9186,1.05,-764.52,-23.31,-142.54,-33.28,4.17
9187,0.96,-385.03,-21.32,-177.23,-111.63,4.17
9188,0.52,-712.82,-26.03,-366.15,-583.50,4.81
9189,0.47,-667.30,-25.88,-173.68,-47.14,5.13
9190,0.41,-606.92,-24.16,-186.25,-31.31,5.13
9191,0.48,-909.41,-19.55,-336.30,-35.33,5.13
9192,0.60,-900.28,-28.46,-232.64,-35.10,5.13
9193,0.53,-932.40,-23.67,-157.72,-29.56,5.13
9194,0.42,-31.45,-24.82,-27.76,-28.07,5.13
9195,0.35,-111.65,-21.54,-52.84,-33.19,5.13
9196,0.52,-253.07,-20.76,-64.29,-34.34,5.13
9197,1.03,-846.26,-21.43,-158.15,-33.64,5.13
9198,0.39,-62.06,-24.35,-34.74,-31.87,4.81
9199,0.39,-567.97,-22.43,-118.00,-31.66,5.13
9200,0.55,-897.14,-23.08,-293.76,-33.64,6.41
9201,0.51,-792.02,-22.42,-208.77,-27.40,6.41
9202,0.58,-821.00,-37.27,-261.56,-41.53,6.41
9203,0.34,-576.91,-19.28,-184.16,-31.70,6.41
9204,0.44,-595.42,-26.97,-125.48,-29.72,6.41
9205,0.42,-111.59,-20.59,-39.62,-27.43,6.41
9206,0.41,-682.56,-20.32,-159.27,-26.07,6.41
9207,0.38,-37.27,-24.18,-28.74,-27.08,6.41
9208,0.46,-777.00,-27.17,-179.83,-36.33,6.41
9209,0.48,-821.56,-21.96,-215.33,-27.87,6.41
9210,0.34,-600.69,-22.77,-113.32,-33.25,6.41
9211,0.49,-664.19,-21.43,-136.06,-35.27,6.41
9212,0.50,-805.79,-22.90,-209.94,-36.67,6.41
9213,0.46,-586.09,-22.84,-145.61,-29.03,6.41
9214,0.44,-664.94,-21.41,-153.32,-108.05,6.09
9215,0.49,-880.00,-19.29,-237.08,-27.95,6.09
9216,0.53,-860.14,-22.42,-147.84,-29.94,5.45
9217,0.40,-673.15,-27.55,-307.72,-140.97,4.81
9218,0.47,-873.51,-24.44,-222.25,-130.26,5.13
9219,0.68,-562.72,-21.47,-158.02,-95.37,5.13
9220,0.44,-605.02,-24.08,-170.17,-88.74,5.13
9221,0.67,-912.14,-31.10,-164.26,-45.66,5.77
9222,0.35,-572.69,-15.67,-216.41,-112.56,5.77
9223,0.42,-112.07,-24.15,-54.69,-40.51,5.77
9224,0.60,-653.37,-23.50,-145.48,-42.23,5.77
9225,0.60,-814.53,-27.70,-160.07,-33.11,5.77
9226,0.78,-521.23,-25.43,-131.92,-38.73,5.77
9227,0.66,-678.87,-22.80,-202.39,-32.93,5.77
9228,0.33,-570.31,-22.86,-130.48,-32.44,5.77
9229,0.53,-222.66,-24.74,-71.35,-33.59,4.81
9230,0.36,-565.34,-24.48,-125.91,-33.74,4.81
9231,0.36,-579.84,-25.92,-137.64,-32.15,4.81
9232,0.40,-245.81,-22.45,-76.76,-35.07,4.81
9233,0.97,-875.43,-19.97,-374.07,-28.94,4.81
9234,0.34,-131.96,-20.48,-41.39,-25.61,4.49
9235,0.59,-816.18,-26.34,-312.13,-111.68,4.49
9236,0.37,-561.15,-24.57,-119.00,-30.81,4.49
9237,0.31,-136.03,-17.31,-67.58,-34.85,4.49
9238,0.63,-1210.88,-23.78,-198.82,-29.53,4.49
9239,0.79,-1128.69,-26.83,-286.74,-45.33,4.49
9240,0.46,-32.72,-20.90,-26.16,-26.30,4.49
9241,0.40,-561.75,-21.13,-103.33,-27.14,4.49
9242,0.44,-727.40,-27.65,-156.72,-36.35,4.49
9243,0.48,-867.65,-27.68,-181.94,-36.57,4.49
9244,0.66,-535.23,-26.61,-135.11,-31.84,4.49
9245,0.51,-939.60,-25.43,-173.21,-36.80,4.49
9246,0.42,-635.46,-23.22,-115.89,-31.50,4.49
9247,0.34,-307.67,-18.59,-83.05,-40.57,4.49
9248,0.40,-621.49,-22.60,-151.26,-32.29,4.49
9249,0.63,-1054.91,-15.44,-372.50,-346.31,4.49
9250,0.35,-584.31,-23.39,-152.26,-114.70,4.49
9251,0.41,-658.35,-19.75,-199.71,-32.09,4.17
9252,0.38,-112.16,-22.35,-52.05,-26.75,4.17
9253,0.50,-588.11,-23.34,-186.77,-30.30,4.17
9254,0.90,-111.24,-17.37,-40.80,-31.95,4.17
9255,0.66,-792.43,-26.03,-240.39,-28.96,4.49
9256,0.41,-739.48,-19.48,-143.95,-27.58,4.49
9257,0.52,-868.16,-21.95,-163.49,-34.18,4.49
9258,0.39,-475.30,-21.56,-90.73,-25.40,4.17
9259,0.39,-602.26,-24.31,-143.95,-32.49,4.17
9260,0.31,-566.10,-23.08,-118.49,-26.88,4.17
9261,0.52,-833.08,-24.59,-270.39,-111.86,4.17
9262,0.42,-612.83,-26.85,-125.87,-30.52,4.17
9263,0.37,-670.94,-24.43,-164.02,-35.19,4.17
9264,1.06,-688.50,-23.14,-291.36,-287.45,4.49
9265,0.42,-607.25,-26.81,-164.25,-44.32,4.17
9266,0.64,-789.73,-26.96,-348.45,-312.11,4.17
9267,0.53,-770.21,-23.16,-263.10,-310.35,4.17
9268,0.37,-674.87,-25.92,-271.81,-142.63,4.17
9269,0.39,-333.16,-25.28,-73.42,-27.25,4.49
9270,0.79,-784.05,-20.19,-363.12,-450.26,4.81
9271,0.53,-844.64,-16.58,-263.68,-32.58,4.81
9272,0.48,-351.19,-29.33,-126.71,-33.77,4.81
9273,0.51,-901.18,-20.26,-239.55,-32.01,5.13
9274,0.39,-323.19,-20.90,-85.99,-30.02,5.45
9275,0.60,-547.60,-22.19,-102.98,-29.74,5.77
9276,0.37,-683.56,-23.43,-241.11,-112.29,5.77
9277,0.43,-595.96,-22.79,-112.04,-30.96,4.81
9278,0.45,-831.03,-20.94,-169.54,-34.50,4.81
9279,0.70,-965.88,-22.27,-163.98,-32.98,4.49
9280,0.51,-931.76,-17.46,-257.82,-45.60,4.49
9281,0.31,-561.22,-21.55,-167.25,-38.38,4.49
9282,0.56,-649.55,-23.82,-214.34,-104.48,4.49
9283,0.64,-37.88,-23.85,-31.42,-31.36,4.81
9284,0.36,-652.17,-25.61,-132.11,-39.15,5.13
9285,0.53,-43.65,-22.36,-31.49,-29.77,5.13
9286,0.76,-607.66,-19.75,-213.66,-113.68,5.13
9287,0.44,-139.68,-19.06,-70.33,-31.45,5.13
9288,0.35,-110.96,-24.55,-40.38,-26.40,5.13
9289,0.66,-142.12,-23.58,-76.85,-91.44,5.13
9290,0.40,-684.53,-23.77,-139.44,-33.89,5.77
9291,0.39,-615.43,-22.58,-130.03,-35.56,5.77
9292,0.42,-110.06,-26.05,-44.33,-30.20,5.13
9293,0.40,-557.62,-23.41,-149.81,-30.09,5.13
9294,0.58,-876.74,-24.11,-152.86,-36.42,5.13
9295,0.59,-968.72,-24.54,-289.41,-32.10,5.13
9296,0.51,-819.81,-30.04,-272.99,-143.37,5.13
9297,0.43,-603.66,-21.64,-151.38,-32.24,5.13
9298,0.92,-37.13,-21.09,-27.79,-27.20,5.13
9299,0.38,-564.89,-24.13,-109.61,-36.35,5.13
9300,0.56,-590.07,-22.69,-107.25,-26.99,5.45
9301,0.55,-907.95,-25.15,-246.92,-28.11,5.45
9302,0.73,-311.47,-20.12,-88.78,-34.79,5.45
9303,0.39,-268.51,-24.42,-63.88,-29.54,5.45
9304,0.59,-944.24,-25.80,-174.47,-30.55,5.45
9305,0.52,-720.28,-20.70,-192.85,-43.71,5.45
9306,0.67,-929.31,-28.72,-331.09,-33.76,5.45
9307,0.60,-623.00,-21.53,-194.37,-32.38,4.49
9308,0.46,-778.05,-24.43,-235.83,-106.59,4.49
9309,1.03,-1319.83,-25.88,-365.28,-47.19,4.49
9310,0.32,-583.18,-23.06,-154.21,-29.22,5.13
9311,0.52,-926.41,-23.05,-233.74,-29.95,5.13
9312,0.57,-962.89,-25.37,-271.29,-42.14,3.85
9313,0.53,-975.04,-22.70,-398.02,-128.22,3.85
9314,0.52,-828.43,-20.35,-213.51,-114.94,3.85
9315,0.93,-1143.05,-22.74,-261.13,-113.63,4.17
9316,0.49,-884.31,-22.68,-230.86,-34.45,4.17
9317,0.53,-686.38,-24.02,-327.64,-354.85,4.17
9318,0.35,-579.68,-22.83,-227.94,-83.31,4.17
9319,0.46,-111.99,-29.53,-54.80,-33.40,4.17
9320,0.87,-681.64,-18.29,-349.80,-543.99,4.17
9321,0.44,-583.45,-21.78,-182.45,-31.74,4.17
9322,0.74,-896.00,-19.28,-184.22,-42.41,4.17
9323,0.30,-600.68,-22.93,-143.85,-87.96,4.17
9324,0.47,-577.75,-23.08,-191.88,-35.11,4.17
9325,0.45,-330.95,-19.68,-88.61,-31.44,4.49
9326,0.81,-573.81,-25.49,-137.03,-34.44,4.17
9327,0.36,-595.31,-20.94,-198.28,-30.49,4.17
9328,0.88,-709.63,-25.02,-297.21,-36.96,4.81
9329,0.50,-349.06,-20.12,-74.02,-29.56,4.81
9330,0.44,-684.45,-29.78,-188.87,-111.49,4.49
9331,0.33,-585.25,-24.01,-187.77,-34.27,4.49
9332,0.82,-657.28,-20.29,-155.98,-28.72,4.49
9333,0.41,-333.25,-24.24,-82.12,-37.29,4.49
9334,0.48,-817.09,-21.48,-155.54,-29.19,4.49
9335,0.72,-850.42,-25.22,-371.68,-347.62,5.13
9336,0.43,-137.68,-25.85,-47.47,-34.02,5.13
9337,0.78,-321.43,-22.40,-88.77,-39.74,5.13
9338,0.41,-696.48,-23.56,-202.75,-27.57,5.13
9339,0.57,-113.19,-26.67,-43.69,-31.86,5.13
9340,0.70,-464.91,-20.64,-114.08,-38.26,5.13
9341,0.34,-347.32,-20.58,-76.34,-32.18,5.45
9342,0.52,-833.77,-24.52,-220.73,-27.79,5.45
9343,0.60,-132.87,-21.22,-44.11,-28.38,5.45
9344,0.58,-995.23,-20.66,-256.02,-40.14,5.13
9345,0.29,-337.20,-17.53,-114.44,-126.67,5.13
9346,0.74,-883.47,-32.88,-279.36,-37.12,5.13
9347,0.45,-688.46,-31.50,-209.48,-35.03,5.13
9348,0.41,-371.90,-22.09,-79.69,-32.88,5.13
9349,0.41,-142.30,-21.92,-53.13,-32.01,5.13
9350,0.31,-610.57,-18.57,-206.27,-28.24,5.13
9351,0.38,-596.81,-16.25,-208.13,-115.31,5.13
9352,0.49,-798.29,-21.47,-154.28,-29.15,5.13
9353,0.90,-565.43,-24.52,-158.99,-43.79,5.13
9354,0.39,-691.77,-20.63,-220.18,-26.47,4.81
9355,0.40,-725.94,-24.39,-155.10,-39.39,4.81
9356,0.88,-675.99,-21.95,-128.71,-29.11,5.13
9357,0.34,-503.14,-25.33,-110.79,-29.42,5.13
9358,0.74,-1264.53,-23.81,-426.08,-132.32,5.13
9359,0.57,-958.65,-26.66,-194.66,-46.38,5.13
9360,0.49,-917.37,-24.14,-233.30,-30.03,5.13
9361,0.51,-578.86,-23.97,-165.68,-42.47,5.45
9362,0.57,-577.71,-23.86,-155.86,-29.35,5.45
9363,0.60,-916.87,-17.81,-165.58,-37.83,5.45
9364,0.50,-113.68,-24.24,-41.11,-29.30,5.45
9365,0.48,-278.30,-23.00,-66.39,-33.80,6.09
9366,0.83,-1430.16,-19.54,-311.03,-22.58,6.09
9367,0.68,-952.29,-22.68,-213.97,-39.04,6.09
9368,0.58,-555.20,-25.99,-205.31,-32.26,6.09
9369,0.48,-100.62,-27.52,-43.25,-32.35,6.09
9370,0.62,-893.55,-23.45,-151.21,-25.16,6.09
9371,0.42,-649.49,-19.13,-197.78,-29.20,6.09
9372,0.47,-838.97,-24.65,-145.53,-30.80,6.09
9373,0.69,-941.16,-24.78,-368.49,-296.17,6.09
9374,0.58,-1021.80,-20.67,-250.20,-138.11,4.81
9375,0.50,-519.73,-20.00,-146.86,-132.38,4.81
9376,0.49,-797.30,-25.18,-179.39,-32.32,4.81
9377,0.67,-1195.79,-31.63,-473.34,-173.68,4.81
9378,0.53,-845.53,-20.02,-262.88,-37.92,4.17
9379,0.53,-862.67,-21.22,-283.98,-102.16,4.17
9380,0.36,-558.80,-20.36,-119.02,-35.35,4.81
9381,0.59,-837.01,-20.00,-351.33,-229.09,4.81
9382,0.38,-110.62,-19.81,-43.46,-26.28,5.13
9383,0.39,-636.11,-28.74,-284.85,-38.13,5.13
9384,0.48,-769.97,-21.92,-131.69,-27.18,5.13
9385,0.51,-823.87,-25.07,-344.41,-107.01,5.13
9386,0.62,-972.71,-31.68,-417.06,-154.18,5.13
9387,0.46,-874.24,-29.04,-169.11,-37.47,5.13
9388,0.30,-157.01,-21.44,-68.24,-27.96,4.49
9389,0.33,-571.76,-21.03,-153.85,-49.13,5.13
9390,0.42,-597.27,-23.83,-256.08,-39.73,5.13
9391,0.90,-176.63,-27.43,-54.51,-36.41,3.85
9392,0.73,-1327.07,-28.48,-336.40,-41.59,5.45
9393,0.42,-636.19,-22.32,-206.99,-33.52,5.45
9394,0.35,-592.48,-18.83,-172.35,-40.21,5.45
9395,0.80,-968.32,-26.77,-249.87,-31.71,5.77
9396,0.32,-27.39,-20.12,-24.91,-24.99,4.81
9397,0.44,-523.94,-26.03,-128.88,-41.17,4.81
9398,0.67,-853.68,-24.15,-331.27,-30.31,4.81
9399,0.48,-579.70,-23.40,-121.83,-28.34,4.81
9400,0.45,-290.08,-19.70,-65.83,-26.76,4.81
9401,0.49,-796.79,-24.57,-164.12,-29.82,4.81
9402,0.50,-594.95,-20.73,-178.91,-79.13,4.81
9403,0.41,-639.96,-25.10,-200.92,-32.11,4.81
9404,0.48,-662.53,-27.92,-274.41,-83.34,4.81
9405,0.43,-584.27,-27.46,-119.66,-40.25,4.81
9406,0.48,-589.41,-19.48,-249.39,-30.02,4.81
9407,0.55,-846.35,-19.85,-245.78,-32.29,4.49
9408,0.58,-766.23,-24.52,-219.89,-28.32,4.49
9409,0.49,-121.56,-23.63,-43.41,-31.22,4.49
9410,0.53,-860.95,-19.15,-271.97,-30.26,4.49
9411,0.72,-671.56,-20.73,-198.86,-29.24,4.49
9412,0.38,-596.27,-22.49,-124.43,-36.49,4.49
9413,0.53,-836.04,-22.17,-236.18,-28.91,4.49
9414,0.45,-850.88,-22.28,-216.26,-37.27,5.13
9415,0.62,-932.00,-22.91,-237.78,-27.41,5.13
9416,0.53,-582.54,-21.20,-109.71,-32.41,5.45
9417,0.59,-39.60,-19.59,-29.14,-28.29,5.45
9418,0.49,-829.81,-24.24,-229.87,-38.01,5.45
9419,0.35,-628.21,-24.65,-191.54,-35.61,5.45
9420,0.31,-580.55,-29.42,-273.34,-94.64,5.45
9421,0.42,-650.22,-27.96,-323.92,-348.44,5.45
9422,0.34,-143.61,-23.09,-45.97,-30.12,5.45
9423,0.53,-776.16,-30.38,-225.20,-43.95,5.45
9424,0.38,-273.08,-20.71,-82.55,-23.36,6.09
9425,0.58,-791.85,-21.52,-231.43,-50.25,6.09
9426,0.56,-494.02,-26.11,-125.91,-70.76,6.09
9427,0.66,-888.09,-26.21,-249.13,-55.49,6.09
9428,0.54,-540.15,-25.11,-147.35,-37.09,4.49
9429,0.70,-935.24,-24.53,-276.36,-124.64,4.49
9430,0.59,-1059.32,-21.17,-251.35,-28.66,4.49
9431,0.53,-904.65,-23.02,-289.72,-28.27,4.49
9432,0.38,-687.10,-19.69,-204.81,-35.94,4.49
9433,0.47,-712.26,-23.54,-229.09,-37.53,4.49
9434,0.63,-938.76,-17.55,-207.95,-110.79,4.49
9435,0.42,-723.69,-21.85,-303.79,-44.48,4.81
9436,0.76,-916.34,-16.40,-153.95,-28.60,4.81
9437,0.48,-782.23,-16.82,-234.07,-36.40,4.81
9438,0.42,-660.98,-26.98,-212.91,-38.98,4.81
9439,0.32,-569.78,-22.34,-106.41,-27.08,4.81
9440,0.92,-41.73,-24.54,-32.32,-30.52,4.81
9441,0.51,-786.00,-27.75,-244.21,-39.90,4.81
9442,0.34,-569.07,-30.10,-210.02,-115.53,4.81
9443,0.97,-587.98,-18.03,-183.36,-25.85,5.45
9444,0.89,-871.41,-27.80,-234.67,-36.90,5.45
9445,0.42,-546.66,-17.10,-101.90,-29.45,5.45
9446,0.76,-1251.83,-26.44,-308.24,-32.24,5.45
9447,0.37,-113.95,-24.59,-44.48,-33.54,6.41
9448,0.48,-721.19,-24.07,-163.23,-88.21,5.13
9449,0.41,-668.00,-23.67,-211.42,-43.57,5.13
9450,0.55,-804.12,-23.26,-297.69,-127.19,5.13
9451,0.70,-750.09,-27.36,-210.54,-39.35,5.13
9452,0.39,-120.48,-22.97,-51.71,-27.85,4.49
9453,0.42,-591.11,-30.76,-124.86,-39.52,4.49
9454,0.43,-40.80,-20.03,-28.65,-29.67,4.49
9455,0.43,-570.80,-19.72,-103.00,-25.35,4.49
9456,0.60,-926.57,-21.63,-168.29,-31.19,4.49
9457,0.39,-33.74,-27.28,-30.59,-30.62,4.17
9458,0.41,-557.29,-20.31,-115.84,-25.59,4.17
9459,0.71,-631.50,-19.96,-222.65,-108.48,4.17
9460,0.49,-875.36,-26.20,-256.96,-42.56,4.17
9461,0.68,-1086.47,-27.93,-422.59,-106.92,3.85
9462,0.35,-664.21,-27.20,-159.46,-99.92,4.17
9463,0.39,-630.55,-18.67,-162.94,-113.76,4.17
9464,0.87,-628.84,-22.37,-143.09,-37.34,4.17
9465,0.42,-680.64,-19.27,-215.27,-33.58,4.17
9466,0.45,-364.78,-29.51,-84.92,-36.00,4.17
9467,0.43,-661.80,-23.56,-228.38,-37.43,4.17
9468,0.33,-613.43,-22.55,-207.64,-225.30,4.17
9469,0.86,-893.87,-24.05,-525.60,-587.39,4.17
9470,0.44,-574.44,-24.26,-193.30,-36.82,4.17
9471,0.32,-565.32,-30.65,-120.53,-32.74,4.81
9472,0.43,-132.95,-24.79,-45.37,-29.56,5.77
9473,0.36,-223.94,-18.67,-53.93,-25.14,5.77
9474,0.39,-126.34,-24.33,-68.14,-40.16,5.77
9475,0.34,-629.65,-21.23,-111.79,-27.72,5.77
9476,0.67,-1014.05,-15.60,-245.71,-34.35,5.77
9477,0.43,-528.43,-26.14,-202.02,-32.98,5.77
9478,0.54,-593.67,-23.46,-164.20,-112.34,5.77
9479,0.52,-518.95,-19.66,-98.99,-33.63,5.45
9480,0.40,-110.37,-24.55,-43.23,-32.92,5.45
9481,0.41,-518.53,-24.06,-113.76,-29.71,5.45
9482,0.57,-322.41,-28.09,-98.65,-40.47,6.09
9483,0.90,-517.23,-17.38,-153.52,-28.09,6.09
9484,0.49,-46.27,-21.63,-29.17,-24.62,5.77
9485,0.44,-131.31,-22.80,-43.79,-27.81,5.77
9486,0.49,-492.45,-24.34,-96.53,-33.20,5.77
9487,0.60,-334.15,-25.43,-84.89,-31.73,5.77
9488,0.60,-819.18,-25.34,-217.69,-31.47,5.13
9489,0.62,-535.37,-19.55,-119.28,-30.14,5.45
9490,0.52,-877.75,-28.55,-152.30,-30.60,4.81
9491,0.94,-854.54,-29.35,-152.60,-35.17,4.81
9492,0.56,-916.41,-22.52,-383.64,-240.83,4.81
9493,0.38,-627.00,-25.91,-151.48,-36.68,4.81
9494,0.59,-848.11,-32.28,-177.02,-37.79,5.45
9495,0.33,-297.98,-23.63,-105.94,-92.56,5.45
9496,0.34,-585.61,-21.58,-133.81,-29.33,5.45
9497,0.50,-851.90,-28.73,-221.70,-33.74,5.45
9498,0.41,-133.73,-23.03,-46.33,-32.11,5.45
9499,0.40,-81.17,-23.27,-35.94,-29.78,5.45
9500,0.57,-109.40,-24.63,-52.14,-39.95,6.09
9501,0.35,-604.47,-21.35,-109.59,-27.76,6.09
9502,0.42,-113.14,-17.01,-44.84,-26.20,5.45
9503,0.31,-600.18,-17.71,-119.43,-29.74,5.45
9504,0.54,-920.83,-23.61,-183.79,-31.12,5.45
9505,0.48,-859.87,-20.56,-145.80,-29.93,5.45
9506,0.34,-169.16,-21.22,-76.12,-48.76,5.45
9507,0.73,-577.39,-24.68,-191.12,-38.02,5.45
9508,0.63,-889.86,-22.26,-184.01,-38.88,5.45
9509,0.54,-879.39,-23.40,-220.81,-111.61,5.45
9510,0.60,-1009.63,-25.76,-349.89,-114.25,5.45
9511,0.43,-176.63,-22.67,-46.62,-25.42,5.45
9512,0.32,-40.44,-20.89,-28.47,-26.76,5.13
9513,0.64,-881.72,-22.91,-246.00,-72.82,5.13
9514,0.54,-33.38,-20.05,-27.28,-29.09,5.13
9515,0.41,-38.16,-23.26,-29.32,-27.50,5.13
9516,0.32,-568.10,-25.16,-130.55,-35.14,6.09
9517,1.56,-603.02,-24.07,-200.80,-35.21,5.77
9518,0.62,-995.15,-21.62,-227.12,-35.35,5.77
9519,0.72,-513.42,-22.35,-104.56,-32.16,5.77
9520,0.37,-129.89,-21.84,-55.99,-33.51,5.77
9521,0.45,-762.33,-24.01,-139.65,-33.25,5.77
9522,0.42,-583.56,-24.55,-173.90,-107.99,5.77
9523,0.61,-578.55,-20.45,-166.88,-110.68,5.77
9524,0.56,-330.21,-22.77,-81.99,-28.66,5.45
9525,0.49,-755.78,-23.47,-222.70,-44.63,5.45
9526,1.05,-885.89,-24.17,-195.31,-39.74,5.45
9527,0.39,-588.49,-24.09,-139.22,-29.39,5.45
9528,0.43,-584.77,-20.46,-108.53,-33.86,4.81
9529,0.72,-632.03,-26.59,-132.20,-43.09,4.49
9530,0.33,-558.88,-20.97,-102.00,-27.94,5.45
9531,0.42,-611.90,-23.71,-113.80,-30.76,5.45
9532,0.48,-807.83,-23.26,-138.86,-27.91,5.45
9533,0.45,-296.63,-27.72,-69.76,-32.38,5.77
9534,0.67,-962.87,-19.50,-160.81,-27.55,5.77
9535,0.60,-773.09,-19.37,-238.50,-32.30,5.77
9536,1.14,-765.85,-22.70,-163.25,-27.08,5.77
9537,0.35,-633.72,-23.26,-117.00,-31.29,4.81
9538,0.59,-132.04,-21.66,-56.10,-31.68,4.81
9539,0.39,-580.80,-25.98,-180.65,-102.90,5.13
9540,0.33,-610.11,-24.14,-278.17,-139.35,5.13
9541,0.89,-594.53,-24.56,-207.29,-39.24,5.13
9542,1.43,-832.91,-26.83,-336.60,-263.37,5.13
9543,0.53,-575.45,-21.74,-265.10,-266.08,5.13
9544,0.81,-431.34,-21.88,-101.43,-26.85,5.45
9545,0.52,-347.30,-23.63,-74.62,-30.12,5.45
9546,0.43,-36.11,-25.01,-30.79,-30.73,5.45
9547,0.69,-972.34,-27.04,-472.05,-567.83,5.45
9548,0.76,-903.57,-24.46,-358.66,-44.96,5.45
9549,0.56,-909.59,-27.12,-236.14,-33.81,5.45
9550,0.44,-748.58,-20.10,-224.14,-32.40,5.45
9551,0.88,-969.52,-21.95,-240.62,-32.67,5.45
9552,0.58,-811.13,-22.61,-295.28,-134.15,5.45
9553,0.41,-137.07,-23.18,-47.56,-34.95,5.45
9554,0.39,-712.76,-26.62,-200.13,-90.48,5.45
9555,0.50,-96.19,-23.59,-36.25,-26.10,5.45
9556,0.74,-902.86,-21.59,-155.56,-34.35,5.45
9557,0.59,-962.16,-26.84,-183.68,-33.88,5.45
9558,0.58,-821.66,-18.12,-317.02,-110.32,5.45
9559,0.32,-568.97,-26.24,-127.78,-35.92,4.81
9560,0.34,-581.11,-20.17,-134.76,-28.98,5.13
9561,0.98,-1036.21,-19.44,-173.48,-31.23,5.13
9562,0.41,-319.99,-25.33,-82.97,-31.99,4.49
9563,0.50,-747.85,-20.08,-292.76,-139.78,5.77
9564,0.50,-325.46,-23.67,-71.36,-32.04,5.77
9565,1.16,-499.13,-23.87,-111.90,-34.68,5.77
9566,0.35,-596.96,-22.62,-140.68,-33.77,5.77
9567,0.38,-97.72,-18.59,-37.59,-28.57,5.77
9568,0.35,-644.15,-24.94,-117.36,-30.77,6.09
9569,0.62,-707.96,-20.60,-188.07,-38.39,6.09
9570,0.48,-351.04,-23.30,-73.03,-26.66,6.09
9571,0.57,-862.36,-28.30,-153.99,-31.78,6.09
9572,0.52,-909.74,-27.18,-272.47,-36.51,6.09
9573,0.47,-239.40,-21.13,-59.42,-34.41,5.13
9574,0.73,-987.09,-20.97,-266.53,-89.19,5.13
9575,0.57,-658.30,-25.37,-121.34,-35.04,5.13
9576,0.32,-113.34,-19.55,-59.67,-25.88,5.13
9577,0.54,-835.72,-22.96,-258.27,-43.09,5.13
9578,0.43,-789.96,-31.75,-238.70,-39.70,5.13
9579,0.49,-874.09,-20.39,-242.33,-30.60,5.13
9580,0.69,-620.98,-23.81,-252.31,-31.13,5.13
9581,0.48,-337.07,-23.91,-146.73,-130.85,5.13
9582,0.78,-694.69,-24.37,-159.19,-28.15,5.13
9583,0.32,-156.39,-21.56,-59.46,-30.81,6.09
9584,0.33,-140.81,-19.54,-42.48,-27.14,6.09
9585,0.44,-45.91,-24.87,-29.75,-27.41,5.13
9586,0.49,-289.02,-22.09,-68.46,-31.90,5.13
9587,0.34,-33.95,-21.38,-26.30,-26.08,5.13
9588,0.55,-686.62,-23.27,-199.73,-30.78,5.13
9589,0.66,-606.56,-14.93,-110.05,-27.00,5.13
9590,0.43,-567.46,-27.92,-255.32,-39.92,4.81
9591,0.42,-738.33,-22.62,-180.86,-29.42,4.81
9592,0.46,-789.46,-25.83,-216.09,-40.15,4.81
9593,0.71,-1021.71,-26.80,-335.92,-310.96,4.81
9594,0.49,-854.61,-22.90,-171.43,-35.56,4.81
9595,0.44,-550.58,-24.57,-115.90,-38.66,4.81
9596,0.53,-340.45,-22.58,-100.51,-30.38,3.85
9597,0.94,-360.66,-19.92,-77.73,-31.28,4.49
9598,0.60,-1086.86,-23.88,-187.39,-31.44,4.49
9599,0.75,-1347.77,-26.91,-566.50,-562.26,4.81
9600,0.93,-561.93,-25.41,-128.20,-30.60,4.81
9601,0.53,-829.28,-23.37,-277.28,-130.64,4.81
9602,0.45,-582.09,-28.31,-142.12,-47.81,4.49
9603,0.40,-564.72,-28.06,-156.42,-33.27,4.49
9604,0.31,-577.65,-30.64,-155.18,-134.06,4.49
9605,0.83,-993.54,-25.78,-476.34,-374.41,4.49
9606,1.31,-390.32,-31.66,-141.65,-46.62,5.13
9607,0.45,-596.03,-26.45,-138.68,-42.15,4.81
9608,0.31,-585.41,-18.52,-194.78,-34.72,4.81
9609,0.43,-340.37,-22.34,-72.18,-29.33,5.13
9610,0.43,-189.66,-22.76,-51.85,-31.40,5.13
9611,0.47,-832.55,-23.59,-270.95,-30.21,5.13
9612,0.35,-584.36,-23.87,-125.84,-36.46,5.13
9613,0.60,-332.96,-24.52,-73.28,-30.01,5.13
9614,0.32,-621.20,-29.89,-153.23,-109.59,5.77
9615,0.57,-596.53,-24.04,-120.21,-32.57,5.77
9616,0.73,-1124.18,-24.55,-198.21,-38.50,5.45
9617,0.50,-831.12,-26.76,-207.12,-36.46,5.45
9618,0.45,-762.48,-23.00,-152.66,-40.83,4.49
9619,0.42,-360.25,-23.47,-95.26,-30.09,4.81
9620,0.53,-868.15,-22.63,-212.94,-43.82,5.77
9621,0.52,-904.28,-30.75,-318.38,-46.65,5.77
9622,0.37,-329.63,-19.93,-73.53,-31.14,5.77
9623,0.36,-584.47,-24.34,-107.22,-26.92,6.09
9624,0.60,-928.04,-25.42,-156.46,-28.05,6.09
9625,0.53,-883.59,-30.12,-308.09,-39.19,5.45
9626,0.38,-600.40,-25.27,-125.48,-33.85,5.45
9627,0.36,-303.93,-26.83,-81.78,-31.23,5.45
9628,0.80,-598.25,-24.67,-146.44,-32.40,5.45
9629,0.41,-590.14,-22.21,-125.20,-30.59,5.45
9630,0.44,-611.53,-21.11,-128.01,-33.66,5.77
9631,0.36,-633.62,-26.51,-150.62,-79.27,5.77
9632,0.64,-243.14,-21.60,-60.47,-33.79,5.77
9633,0.63,-800.91,-23.81,-203.09,-40.18,6.09
9634,0.50,-833.83,-23.23,-320.22,-36.52,4.81
9635,0.41,-630.32,-24.11,-115.18,-31.60,5.13
9636,0.45,-314.36,-34.82,-112.13,-108.23,5.13
9637,0.50,-929.46,-23.48,-263.80,-110.30,5.13
9638,0.37,-107.73,-21.90,-38.93,-29.21,4.49
9639,0.40,-585.77,-23.87,-123.80,-34.59,6.09
9640,0.40,-673.91,-23.65,-119.83,-28.20,6.09
9641,0.56,-906.21,-26.09,-167.88,-32.46,6.09
9642,0.53,-44.07,-24.37,-33.15,-33.44,6.09
9643,0.46,-490.06,-23.70,-109.37,-30.30,6.09
9644,0.50,-713.09,-27.09,-265.59,-131.17,6.09
9645,0.61,-571.94,-21.01,-108.58,-32.31,6.09
9646,0.31,-576.02,-24.05,-132.67,-30.50,6.09
9647,0.46,-826.41,-25.25,-228.15,-29.09,6.09
9648,0.75,-666.74,-27.54,-298.54,-252.51,6.09
9649,0.43,-113.20,-23.28,-54.66,-34.79,4.49
9650,1.37,-981.36,-27.17,-271.13,-43.03,4.49
9651,0.43,-795.26,-32.64,-277.58,-110.36,4.49
9652,0.83,-699.39,-20.77,-172.05,-32.79,4.49
9653,0.61,-707.24,-20.77,-156.20,-30.53,4.49
9654,1.95,-595.06,-21.24,-135.99,-33.81,4.49
9655,0.36,-113.19,-24.38,-43.08,-31.06,5.13
9656,0.41,-52.78,-19.69,-29.99,-28.84,5.13
9657,0.50,-704.47,-24.09,-258.87,-125.72,5.13
9658,0.39,-656.49,-17.25,-149.85,-24.95,5.13
9659,0.50,-796.62,-27.44,-230.31,-36.55,5.77
9660,0.58,-110.88,-28.39,-57.88,-38.65,6.41
9661,0.37,-348.25,-19.69,-132.42,-39.69,5.13
9662,1.40,-782.24,-19.57,-312.05,-258.29,5.13
9663,0.33,-558.61,-24.10,-167.26,-44.28,5.13
9664,0.71,-592.68,-24.02,-152.48,-28.97,5.13
9665,0.43,-31.90,-20.52,-28.56,-31.74,5.45
9666,0.47,-349.76,-21.79,-72.17,-25.14,5.45
9667,0.48,-836.40,-21.08,-155.68,-33.35,5.45
9668,0.64,-720.31,-26.11,-190.48,-48.53,5.45
9669,0.74,-621.06,-22.31,-320.57,-343.33,6.09
9670,0.42,-113.45,-20.87,-52.84,-31.16,6.09
9671,0.53,-596.50,-20.05,-108.68,-31.00,6.09
9672,0.43,-581.95,-24.93,-127.88,-37.12,5.45
9673,0.71,-998.54,-17.23,-377.14,-44.16,5.77
9674,0.49,-623.83,-22.48,-113.60,-27.43,5.77
9675,0.46,-785.12,-27.22,-176.70,-29.26,5.77
9676,1.00,-701.16,-20.56,-198.94,-29.94,5.77
9677,0.76,-564.79,-22.32,-132.58,-35.43,5.77
9678,0.80,-140.13,-24.53,-45.56,-30.94,5.77
9679,0.41,-93.11,-25.06,-43.73,-36.96,5.77
9680,0.40,-514.55,-21.97,-98.65,-30.86,4.81
9681,0.51,-870.75,-20.73,-249.33,-98.67,4.81
9682,0.48,-618.52,-27.53,-115.84,-33.35,5.13
9683,0.32,-595.37,-20.35,-142.58,-25.39,5.13
9684,0.61,-574.08,-26.01,-114.24,-33.68,4.49
9685,0.49,-879.83,-26.08,-272.67,-111.04,4.49
9686,0.31,-578.47,-22.76,-228.52,-31.68,4.49
9687,0.58,-994.54,-20.38,-183.40,-36.28,4.49
9688,0.82,-806.09,-27.34,-279.58,-76.77,4.49
9689,0.61,-655.97,-25.76,-215.64,-52.33,4.49
9690,0.90,-322.14,-23.53,-83.84,-34.80,4.49
9691,0.78,-692.18,-17.96,-208.30,-35.30,4.49
9692,0.36,-664.11,-22.55,-119.04,-27.74,4.49
9693,0.50,-907.18,-20.85,-288.95,-50.65,4.49
9694,1.24,-604.03,-25.56,-205.26,-116.76,4.49
9695,0.46,-668.51,-16.98,-131.91,-29.33,4.49
9696,0.38,-650.82,-21.85,-191.11,-28.30,4.49
9697,0.52,-1088.41,-24.52,-220.91,-102.27,5.13
9698,0.46,-112.93,-27.34,-64.88,-46.62,5.13
9699,0.48,-574.87,-19.17,-117.50,-28.76,5.13
9700,0.38,-659.55,-23.06,-124.54,-24.43,5.13
9701,0.32,-339.45,-25.91,-88.80,-32.30,5.77
9702,0.83,-788.33,-23.47,-190.66,-29.03,5.77
9703,0.47,-594.93,-29.23,-305.94,-297.17,5.77
9704,1.09,-737.34,-23.67,-303.28,-53.92,5.77
9705,0.46,-113.08,-22.14,-52.95,-34.27,5.13
9706,0.39,-661.62,-20.75,-236.99,-115.79,4.81
9707,0.56,-872.95,-21.21,-234.55,-27.96,4.81
9708,0.74,-1329.92,-20.83,-228.00,-24.30,4.81
9709,0.46,-796.81,-22.76,-204.49,-29.92,4.81
9710,0.58,-888.59,-21.16,-388.99,-577.35,4.81
9711,0.73,-113.82,-23.15,-58.42,-43.89,4.81
9712,0.40,-780.60,-23.57,-303.27,-280.04,4.81
9713,0.42,-578.95,-24.76,-184.94,-29.06,4.81
9714,0.64,-315.18,-24.18,-87.42,-36.18,4.81
9715,0.34,-37.15,-22.43,-27.81,-28.41,4.81
9716,0.58,-857.30,-22.17,-253.92,-31.45,4.81
9717,0.65,-1212.01,-17.03,-318.55,-110.30,4.81
9718,1.14,-963.11,-29.28,-307.14,-158.27,4.81
9719,0.86,-1094.83,-20.63,-222.08,-28.11,4.81
9720,0.31,-595.69,-32.81,-162.72,-113.77,4.81
9721,0.40,-209.37,-19.05,-50.53,-26.47,4.81
9722,0.53,-767.89,-21.25,-184.26,-33.31,4.81
9723,0.51,-957.90,-20.13,-160.00,-27.02,4.81
9724,0.48,-848.09,-23.77,-172.72,-30.08,5.13
9725,0.38,-309.29,-22.24,-73.08,-32.11,5.13
9726,0.57,-913.10,-20.47,-252.19,-26.12,5.13
9727,0.39,-689.90,-24.79,-145.68,-28.13,5.13
9728,0.55,-795.16,-22.26,-140.04,-27.86,6.09
9729,0.46,-674.45,-25.87,-204.89,-33.25,6.09
9730,0.45,-36.73,-26.80,-32.84,-34.29,4.49
9731,0.32,-569.64,-22.72,-117.91,-31.09,4.49
9732,0.65,-576.29,-22.23,-134.61,-36.17,4.49
9733,0.32,-280.31,-15.82,-90.45,-33.22,4.49
9734,0.53,-998.00,-27.91,-229.62,-112.16,7.37
9735,0.62,-551.95,-20.77,-107.78,-36.65,7.37
9736,0.39,-596.23,-19.96,-186.40,-30.06,7.37
9737,0.49,-255.48,-28.41,-66.82,-36.26,7.37
9738,0.59,-912.87,-21.61,-169.71,-35.25,7.37
9739,0.43,-583.04,-24.67,-202.83,-39.79,7.37
9740,0.41,-612.14,-26.34,-140.43,-35.64,7.69
9741,0.34,-114.12,-20.20,-38.61,-27.22,7.69
9742,0.53,-671.58,-24.84,-135.71,-29.42,7.69
9743,0.47,-134.68,-23.64,-43.65,-30.46,7.69
9744,0.40,-672.11,-22.40,-119.05,-25.86,7.69
9745,0.52,-874.77,-17.49,-157.86,-23.83,7.69
9746,0.39,-39.29,-24.80,-31.63,-30.01,5.45
9747,0.44,-589.34,-26.37,-111.83,-33.00,5.45
9748,0.43,-131.73,-18.92,-41.67,-28.41,5.45
9749,0.39,-311.72,-21.81,-71.35,-33.01,5.45
9750,0.54,-871.91,-14.92,-242.08,-39.22,6.09
9751,0.62,-338.88,-16.81,-72.55,-28.26,6.09
9752,0.75,-586.11,-19.13,-107.21,-28.87,6.41
9753,0.51,-794.91,-28.73,-170.38,-47.55,6.41
9754,0.39,-291.33,-21.24,-67.22,-29.95,7.05
9755,0.69,-163.91,-25.50,-53.42,-36.75,7.05
9756,0.38,-45.11,-22.44,-33.04,-31.65,7.05
9757,0.33,-575.94,-20.57,-118.87,-25.05,6.09
9758,0.53,-542.65,-23.97,-174.81,-33.88,4.49
9759,0.42,-539.85,-30.64,-118.85,-33.02,4.17
9760,0.36,-565.08,-21.51,-124.86,-34.98,4.17
9761,0.39,-616.74,-23.33,-209.48,-38.13,4.17
9762,0.52,-851.90,-26.05,-240.39,-38.83,4.17
9763,0.44,-619.38,-21.43,-140.66,-38.99,4.17
9764,0.76,-642.01,-25.25,-265.49,-26.17,4.49
9765,0.69,-954.14,-23.58,-393.57,-33.37,4.49
9766,0.86,-1448.00,-20.56,-357.93,-27.14,4.49
9767,0.49,-559.17,-21.08,-104.75,-32.62,4.49
9768,0.84,-572.30,-29.18,-213.40,-134.10,4.49
9769,0.44,-358.80,-21.04,-74.55,-27.11,3.53
9770,0.51,-804.86,-19.49,-150.95,-31.53,3.53
9771,0.41,-598.69,-26.33,-212.82,-112.50,3.53
9772,0.41,-416.73,-24.18,-114.77,-32.20,3.53
9773,0.76,-1140.03,-25.03,-403.40,-35.93,3.53
9774,0.43,-577.16,-22.00,-185.17,-35.33,3.53
9775,0.51,-925.60,-23.50,-356.21,-137.66,3.53
9776,0.48,-833.31,-22.09,-222.16,-27.32,3.53
9777,0.28,-139.10,-22.89,-82.90,-113.41,3.85
9778,0.55,-827.91,-27.03,-168.83,-36.71,5.13
9779,0.49,-110.26,-23.47,-42.50,-28.44,5.13
9780,1.39,-841.90,-23.16,-349.91,-41.56,5.13
9781,0.40,-113.49,-15.98,-36.13,-25.39,5.13
9782,0.70,-993.47,-21.55,-215.53,-36.82,3.85
9783,0.54,-998.36,-26.93,-236.96,-112.09,3.85
9784,0.38,-567.95,-18.52,-160.24,-117.36,3.85
9785,0.40,-112.59,-22.22,-40.78,-28.83,3.21
9786,0.67,-687.16,-24.54,-259.10,-112.94,4.17
9787,0.41,-138.93,-20.47,-44.79,-29.60,4.81
9788,0.38,-694.97,-18.89,-120.90,-25.11,4.81
9789,0.48,-861.86,-23.11,-197.57,-35.93,5.13
9790,0.44,-620.91,-26.75,-116.09,-32.06,5.13
9791,0.46,-340.60,-24.38,-75.51,-31.28,4.49
9792,0.41,-114.14,-26.27,-43.65,-32.68,4.81
9793,0.65,-679.89,-33.43,-209.50,-36.50,4.81
9794,0.44,-50.60,-19.09,-30.36,-27.61,4.81
9795,0.39,-355.62,-26.49,-92.54,-33.38,4.81
9796,0.48,-904.27,-30.86,-191.15,-37.99,4.81
9797,0.76,-992.67,-28.19,-193.56,-30.01,4.49
9798,0.55,-1041.41,-28.19,-187.50,-33.62,4.49
9799,0.52,-826.63,-28.98,-382.67,-304.96,4.49
9800,0.52,-859.08,-24.97,-161.36,-35.29,4.49
9801,0.49,-845.66,-27.51,-259.59,-39.17,4.49
9802,0.41,-557.65,-19.24,-133.72,-37.80,4.49
9803,0.35,-111.83,-22.01,-53.65,-35.68,4.49
9804,0.42,-752.59,-20.92,-213.62,-26.62,4.49
9805,0.54,-1009.59,-25.16,-274.77,-32.62,4.49
9806,0.60,-630.92,-28.00,-235.09,-35.78,4.49
9807,0.40,-595.13,-25.59,-190.36,-37.77,4.49
9808,0.76,-639.50,-22.16,-281.17,-135.60,4.49
9809,0.29,-632.30,-19.61,-236.81,-32.77,4.49
9810,0.62,-808.20,-22.83,-166.75,-35.12,4.49
9811,0.47,-485.32,-23.69,-95.68,-30.36,4.49
9812,0.42,-584.83,-28.11,-129.91,-37.12,4.81
9813,0.48,-937.90,-22.88,-287.03,-30.06,4.81
9814,0.89,-790.66,-27.45,-183.08,-30.47,4.81
9815,0.68,-601.73,-20.36,-111.17,-29.65,4.81
9816,0.70,-595.70,-27.20,-182.05,-109.76,4.81
9817,0.45,-642.72,-22.13,-194.86,-31.50,4.49
9818,0.65,-616.37,-23.11,-314.85,-345.39,4.49
9819,0.81,-800.05,-22.18,-270.93,-140.70,4.49
9820,0.63,-587.91,-19.19,-258.80,-44.01,3.85
9821,0.49,-678.80,-25.05,-144.97,-35.29,3.85
9822,0.69,-918.19,-25.41,-292.50,-44.38,4.17
9823,0.50,-840.74,-22.59,-208.50,-33.94,4.17
9824,1.02,-602.15,-30.89,-282.55,-312.99,4.17
9825,0.35,-669.56,-25.20,-206.49,-32.33,3.85
9826,0.73,-1182.38,-24.02,-316.83,-111.45,3.85
9827,0.28,-547.76,-24.81,-167.18,-110.97,3.85
9828,0.61,-1115.58,-26.32,-401.65,-99.93,3.85
9829,0.59,-484.26,-25.26,-108.74,-29.55,3.85
9830,0.99,-770.87,-22.02,-141.04,-27.73,4.17
9831,0.66,-873.63,-26.55,-281.86,-34.26,4.17
9832,0.61,-949.21,-27.50,-239.64,-32.33,4.17
9833,0.56,-857.07,-24.23,-168.18,-34.22,4.17
9834,0.48,-896.47,-23.79,-308.88,-115.50,4.17
9835,0.68,-824.22,-24.57,-332.86,-31.83,4.49
9836,0.69,-835.58,-22.85,-324.22,-31.21,4.49
9837,0.30,-571.36,-22.75,-133.51,-47.00,4.49
9838,0.45,-778.25,-23.57,-145.40,-31.48,3.53
9839,0.28,-195.66,-26.55,-94.92,-109.96,3.85
9840,0.49,-841.04,-23.48,-160.74,-29.47,4.49
9841,0.49,-871.42,-26.54,-175.05,-32.42,4.49
9842,0.31,-134.54,-22.42,-66.73,-29.32,4.81
9843,0.30,-583.46,-19.73,-107.61,-28.96,4.81
9844,0.87,-603.60,-29.60,-178.08,-36.81,4.81
9845,0.29,-583.68,-22.00,-141.35,-100.80,3.53
9846,0.52,-784.14,-28.99,-237.17,-110.39,3.53
9847,1.17,-896.71,-24.28,-334.82,-273.22,3.53
9848,0.28,-656.49,-24.69,-220.36,-109.00,3.53
9849,0.44,-836.68,-27.15,-237.46,-37.25,3.53
9850,0.39,-602.11,-24.05,-285.97,-170.03,3.53
9851,0.28,-620.04,-26.41,-200.20,-64.23,4.17
9852,0.32,-254.21,-23.00,-96.78,-109.35,4.17
9853,0.53,-910.07,-22.87,-271.39,-31.22,4.17
9854,0.31,-113.05,-24.89,-48.99,-33.74,4.17
9855,0.47,-515.51,-22.26,-108.21,-31.28,3.53
9856,0.29,-205.24,-17.56,-62.06,-31.14,3.53
9857,0.72,-661.09,-29.16,-232.84,-55.84,3.53
9858,0.70,-1289.85,-24.80,-322.37,-93.19,4.17
9859,0.30,-539.55,-23.23,-111.34,-27.85,4.81
9860,0.55,-951.65,-25.11,-290.59,-34.48,4.81
9861,1.82,-303.08,-17.82,-73.05,-35.83,4.81
9862,0.63,-1066.04,-21.59,-479.60,-574.20,3.85
9863,0.43,-794.28,-28.60,-299.09,-35.55,3.85
9864,0.47,-861.42,-27.27,-197.98,-44.50,3.85
9865,0.52,-958.40,-26.11,-185.91,-55.59,3.85
9866,0.31,-564.20,-25.39,-191.01,-32.87,3.85
9867,0.41,-592.44,-30.32,-126.40,-32.42,3.85
9868,0.28,-581.83,-28.42,-126.35,-34.34,3.85
9869,0.30,-29.12,-25.21,-27.72,-27.93,3.85
9870,0.69,-659.42,-24.06,-136.67,-34.35,3.85
9871,0.29,-596.32,-25.49,-237.04,-136.41,3.85
9872,0.48,-599.67,-26.04,-199.86,-39.04,3.85
9873,0.93,-857.30,-27.60,-383.95,-493.02,4.17
9874,0.72,-1243.11,-22.50,-225.21,-29.92,4.17
9875,0.29,-552.71,-23.74,-118.64,-30.80,4.17
9876,0.28,-149.46,-27.86,-74.72,-76.02,4.17
9877,0.28,-576.08,-19.51,-115.86,-27.38,4.17
9878,0.59,-976.17,-27.47,-354.18,-84.39,4.17
9879,0.39,-587.81,-29.11,-202.19,-61.93,4.17
9880,0.51,-882.97,-22.77,-295.04,-111.78,4.17
9881,0.41,-299.90,-19.25,-91.72,-30.25,5.13
9882,0.45,-45.51,-23.02,-30.32,-26.52,4.17
9883,0.35,-127.97,-19.22,-42.67,-28.47,4.49
9884,0.37,-36.79,-23.40,-29.01,-28.85,4.81
9885,0.33,-350.88,-21.21,-85.53,-31.99,4.81
9886,0.45,-337.38,-23.69,-86.00,-31.76,4.49
9887,0.47,-581.70,-28.85,-188.74,-53.91,4.49
9888,0.51,-817.02,-24.87,-259.16,-36.81,4.49
9889,0.48,-668.86,-23.94,-261.74,-37.30,4.49
9890,0.39,-257.96,-23.61,-89.70,-37.71,4.49
9891,0.61,-918.74,-27.15,-293.00,-81.12,4.49
9892,1.08,-1660.06,-21.88,-599.97,-295.05,4.49
9893,0.80,-901.66,-20.24,-299.66,-31.26,4.49
9894,0.54,-782.77,-26.33,-231.85,-32.16,4.49
9895,0.57,-101.19,-17.91,-38.58,-29.97,5.45
9896,0.42,-565.02,-21.39,-104.75,-29.86,5.45
9897,0.67,-670.07,-24.68,-192.76,-29.01,5.45
9898,0.39,-113.15,-20.62,-39.16,-28.38,5.45
9899,0.68,-1224.28,-23.24,-297.25,-74.95,5.45
9900,0.40,-605.99,-20.61,-113.70,-31.64,5.45
9901,0.33,-46.98,-24.48,-32.35,-28.82,5.45
9902,0.64,-554.24,-27.99,-118.38,-34.75,5.45
9903,0.36,-579.62,-22.57,-139.80,-43.17,5.45
9904,0.52,-845.20,-22.04,-172.29,-49.86,5.45
9905,0.46,-863.27,-17.60,-143.77,-25.55,5.13
9906,0.78,-781.82,-26.58,-344.98,-331.44,5.77
9907,0.64,-918.86,-26.55,-261.54,-33.43,5.77
9908,1.03,-801.86,-24.21,-241.67,-41.73,4.49
9909,1.07,-605.90,-24.56,-181.56,-45.37,4.49
9910,0.38,-322.23,-23.40,-81.48,-29.09,4.49
9911,0.66,-577.69,-27.84,-167.21,-35.71,5.13
9912,0.42,-88.91,-21.78,-40.30,-31.96,5.13
9913,0.49,-759.99,-21.64,-241.65,-33.72,4.81
9914,0.66,-1109.44,-19.39,-230.09,-30.71,5.77
9915,0.39,-619.73,-23.03,-145.39,-42.09,4.81
9916,0.63,-675.60,-21.63,-280.13,-306.04,4.81
9917,0.48,-611.52,-22.25,-125.11,-28.29,4.81
9918,0.37,-601.70,-28.87,-221.55,-38.13,4.81
9919,0.87,-375.82,-30.68,-83.61,-32.97,4.81
9920,0.52,-603.71,-23.49,-255.03,-36.86,5.45
9921,0.38,-156.68,-20.98,-58.31,-34.11,5.13
9922,0.47,-195.48,-19.11,-63.88,-31.65,5.13
9923,0.47,-590.61,-24.00,-186.34,-36.29,5.45
9924,0.79,-955.71,-19.74,-256.61,-41.24,5.45
9925,0.52,-32.57,-19.99,-26.80,-26.27,5.45
9926,0.93,-1249.13,-17.33,-298.12,-44.79,5.45
9927,1.02,-615.40,-25.20,-267.67,-47.77,4.49
9928,0.37,-634.33,-17.39,-194.45,-30.08,4.81
9929,0.45,-765.41,-21.07,-206.50,-40.00,4.81
9930,0.51,-846.13,-24.39,-300.34,-134.63,4.81
9931,0.32,-541.60,-22.65,-159.58,-38.09,4.81
9932,0.69,-986.05,-20.51,-438.87,-448.12,4.81
9933,0.41,-635.40,-19.11,-126.43,-30.67,4.81
9934,0.76,-323.23,-23.73,-81.81,-29.57,4.81
9935,0.73,-992.45,-22.59,-251.69,-32.41,4.81
9936,0.39,-41.16,-21.82,-30.72,-28.23,4.81
9937,0.62,-935.82,-20.30,-385.18,-108.71,4.81
9938,0.31,-599.38,-22.74,-213.44,-132.74,4.81
9939,0.51,-872.04,-23.77,-278.45,-40.01,4.81
9940,0.72,-1051.43,-27.15,-414.01,-536.33,4.81
9941,0.60,-996.62,-24.04,-276.82,-113.21,6.41
9942,0.46,-471.99,-22.56,-92.89,-32.76,6.41
9943,0.52,-985.14,-17.43,-237.74,-29.51,6.41
9944,0.49,-123.61,-20.32,-43.89,-32.60,6.41
9945,0.42,-654.36,-23.22,-132.33,-29.18,6.41
9946,0.37,-210.07,-19.52,-78.30,-36.78,6.41
9947,0.37,-664.38,-19.33,-128.44,-28.55,6.41
9948,0.43,-273.90,-20.65,-65.35,-32.42,6.41
9949,0.43,-335.78,-27.85,-86.40,-33.30,6.41
9950,0.48,-613.17,-19.30,-108.29,-24.57,6.41
9951,0.43,-317.26,-19.62,-82.10,-31.30,6.41
9952,0.53,-565.73,-25.98,-125.85,-41.33,6.41
9953,0.52,-618.33,-23.96,-114.55,-32.73,6.41
9954,0.34,-605.66,-15.29,-187.36,-35.42,6.41
9955,0.42,-111.00,-17.56,-38.68,-27.99,6.41
9956,0.43,-30.04,-23.24,-25.43,-24.70,6.41
9957,0.47,-875.77,-22.61,-162.19,-31.22,6.41
9958,0.46,-814.06,-26.36,-151.73,-32.91,6.09
9959,0.47,-796.37,-23.12,-300.56,-64.88,6.09
9960,0.43,-666.82,-25.58,-120.60,-31.82,6.09
9961,0.58,-538.95,-19.74,-103.39,-29.92,6.09
9962,0.40,-580.55,-24.33,-136.48,-40.09,6.41
9963,0.58,-31.55,-19.82,-27.83,-29.05,6.41
9964,1.04,-647.02,-20.65,-364.81,-584.94,6.41
9965,0.33,-31.82,-22.85,-26.97,-26.84,6.41
9966,0.60,-812.15,-29.22,-304.86,-130.74,6.41
9967,0.37,-678.68,-19.23,-152.64,-31.91,5.45
9968,0.43,-600.09,-23.10,-123.42,-32.93,5.45
9969,0.92,-934.82,-24.93,-160.61,-34.34,5.45
9970,0.49,-857.33,-23.02,-311.27,-115.08,5.45
9971,0.37,-110.71,-20.51,-40.28,-30.67,5.45
9972,0.47,-361.78,-26.02,-104.04,-33.02,5.45
9973,0.87,-1342.20,-18.83,-421.41,-35.24,5.77
9974,0.47,-474.57,-23.34,-118.11,-36.05,5.77
9975,0.43,-682.19,-24.72,-122.30,-27.56,5.77
9976,0.54,-565.81,-23.05,-181.18,-33.65,5.45
9977,0.65,-864.44,-27.54,-320.96,-166.77,5.45
9978,0.36,-598.47,-26.43,-128.09,-34.26,5.45
9979,0.93,-577.63,-22.22,-133.10,-30.87,5.45
9980,0.41,-445.48,-22.42,-131.95,-129.05,5.45
9981,0.37,-568.56,-20.77,-116.86,-30.42,5.77
9982,0.39,-109.80,-21.98,-44.93,-36.08,5.77
9983,0.58,-957.69,-17.41,-241.46,-104.04,5.77
9984,0.35,-580.22,-23.34,-200.53,-41.44,5.77
9985,0.50,-867.07,-31.46,-163.81,-34.27,5.77
9986,0.49,-120.53,-14.12,-54.47,-35.07,5.77
9987,0.50,-605.58,-14.80,-119.73,-31.55,5.13
9988,0.59,-983.88,-20.36,-300.30,-39.40,5.13
9989,0.45,-584.98,-25.41,-107.41,-27.89,5.13
9990,0.65,-380.97,-22.51,-146.89,-110.41,5.13
9991,0.48,-823.28,-17.94,-246.01,-64.66,5.13
9992,0.37,-658.69,-24.34,-205.49,-33.77,5.13
9993,0.60,-620.09,-17.60,-201.90,-41.08,5.13
9994,0.42,-578.78,-24.69,-185.90,-33.21,5.13
9995,0.53,-548.65,-24.03,-169.53,-39.72,4.17
9996,0.41,-642.48,-21.76,-212.04,-32.83,4.17
9997,0.47,-828.58,-24.93,-289.08,-133.77,4.17
9998,0.53,-872.03,-20.77,-240.76,-31.70,4.17
9999,0.47,-830.29,-18.57,-177.00,-39.09,4.17
10000,0.58,-679.46,-22.12,-132.32,-27.99,4.17
10001,0.63,-887.46,-34.21,-357.25,-109.79,4.17
10002,0.46,-742.41,-21.72,-220.00,-76.18,4.17
10003,0.45,-668.20,-21.54,-256.57,-34.46,4.17
10004,0.44,-802.62,-21.19,-245.36,-30.31,4.49
10005,0.49,-817.23,-24.02,-233.58,-74.31,5.13
10006,0.60,-744.00,-24.45,-193.94,-29.55,5.13
10007,0.49,-355.57,-18.00,-86.20,-27.55,5.77
10008,0.43,-586.90,-27.93,-132.97,-34.10,5.77
10009,0.73,-624.25,-21.96,-113.68,-28.82,5.77
10010,0.48,-444.29,-23.32,-93.05,-35.05,5.13
10011,0.56,-600.89,-33.46,-118.97,-37.70,5.13
10012,0.46,-645.23,-28.43,-214.35,-113.54,5.13
10013,0.52,-673.90,-23.41,-119.23,-24.67,5.13
10014,0.35,-166.72,-28.24,-77.24,-36.51,5.13
10015,0.35,-339.30,-22.73,-85.93,-35.33,5.13
10016,0.94,-1216.50,-26.07,-385.14,-33.50,5.13
10017,0.34,-130.85,-24.47,-49.38,-37.10,4.17
10018,0.38,-564.37,-25.44,-115.93,-32.43,4.17
10019,0.34,-113.62,-22.79,-64.33,-32.37,4.17
10020,0.31,-592.39,-26.19,-152.32,-29.53,3.21
10021,0.41,-799.70,-34.43,-355.75,-264.76,3.21
10022,0.59,-819.37,-27.93,-180.04,-35.51,3.21
10023,0.37,-706.15,-24.43,-228.68,-73.63,3.21
10024,0.55,-936.96,-28.87,-213.82,-109.22,3.21
10025,0.40,-750.11,-30.10,-384.86,-567.90,3.21
10026,1.18,-683.73,-19.40,-182.84,-110.48,4.49
10027,0.47,-401.13,-20.26,-94.12,-27.01,4.49
10028,0.44,-564.62,-20.73,-119.14,-37.90,4.49
10029,0.43,-672.29,-20.08,-132.37,-27.01,4.17
10030,0.64,-685.39,-21.93,-221.88,-30.93,4.17
10031,0.65,-1051.32,-24.46,-311.30,-128.52,4.17
10032,0.56,-917.00,-18.65,-175.80,-33.95,4.17
10033,0.42,-577.53,-17.48,-194.36,-38.79,4.17
10034,0.50,-901.99,-24.36,-185.55,-31.48,4.17
10035,0.55,-850.34,-17.23,-232.84,-36.19,3.85
10036,0.37,-135.21,-23.34,-56.93,-29.41,4.49
10037,0.52,-965.38,-14.89,-181.18,-36.45,4.49
10038,0.45,-568.37,-28.65,-181.86,-111.38,4.49
10039,0.73,-1246.49,-27.18,-377.64,-108.76,4.49
10040,0.48,-873.22,-28.58,-272.22,-113.03,3.85
10041,0.39,-560.61,-21.59,-162.02,-36.59,4.81
10042,0.42,-474.02,-24.76,-96.89,-38.60,6.41
10043,0.99,-751.37,-24.64,-231.42,-112.85,6.41
10044,0.32,-139.94,-22.29,-61.41,-30.24,6.41
10045,0.40,-289.08,-22.94,-96.05,-36.05,6.41
10046,0.42,-112.10,-26.71,-44.23,-32.02,5.77
10047,0.86,-484.18,-25.29,-158.90,-31.16,5.77
10048,0.37,-527.96,-22.65,-171.73,-113.76,4.49
10049,0.34,-296.79,-16.17,-93.20,-36.03,4.49
10050,0.49,-887.03,-24.93,-244.48,-36.76,4.49
10051,0.77,-647.60,-23.32,-148.03,-53.51,4.49
10052,0.45,-495.91,-29.12,-130.70,-48.63,4.49
10053,0.53,-840.05,-21.28,-160.27,-31.30,4.49
10054,0.34,-460.23,-22.49,-141.39,-108.25,4.49
10055,0.61,-593.91,-23.26,-212.43,-58.74,4.81
10056,0.71,-557.90,-28.91,-125.49,-39.63,4.81
10057,0.37,-133.49,-25.98,-52.82,-40.30,4.81
10058,0.42,-638.32,-26.93,-222.88,-109.81,5.13
10059,1.15,-41.46,-19.76,-32.94,-33.45,5.13
10060,0.45,-252.28,-26.02,-74.07,-31.09,5.13
10061,0.38,-679.47,-21.74,-300.57,-112.88,5.13
10062,0.88,-114.41,-19.98,-38.39,-27.45,5.13
10063,0.59,-573.35,-21.45,-156.99,-31.60,5.45
10064,0.37,-578.22,-27.81,-261.05,-252.18,5.45
10065,0.53,-586.96,-25.55,-162.80,-32.98,4.49
10066,0.65,-999.61,-24.26,-182.89,-40.25,4.49
10067,0.67,-987.88,-22.83,-286.19,-31.36,4.49
10068,0.79,-1016.08,-24.18,-312.70,-33.06,4.49
10069,0.31,-580.19,-22.14,-138.37,-34.23,4.49
10070,0.47,-872.45,-20.30,-159.15,-27.42,4.49
10071,0.60,-994.08,-19.19,-248.68,-33.92,4.49
10072,0.39,-678.58,-24.28,-282.97,-34.99,4.81
10073,0.40,-109.21,-22.87,-43.72,-29.59,5.45
10074,0.46,-789.81,-19.82,-203.21,-30.80,5.45
10075,0.55,-971.71,-24.13,-263.42,-34.97,5.45
10076,0.39,-298.92,-21.98,-78.91,-30.84,5.45
10077,0.71,-584.03,-21.43,-186.51,-113.14,5.45
10078,0.95,-540.70,-22.90,-185.59,-26.04,5.45
10079,0.43,-585.85,-21.65,-111.41,-29.54,5.45
10080,1.00,-554.62,-26.06,-175.03,-35.13,5.45
10081,0.44,-509.99,-25.96,-103.98,-40.73,5.45
10082,0.41,-111.23,-26.87,-45.64,-31.85,5.45
10083,0.86,-912.68,-21.11,-245.23,-30.80,5.45
10084,0.46,-850.81,-18.30,-214.71,-25.71,5.45
10085,0.32,-112.84,-19.03,-38.10,-28.51,5.45
10086,0.45,-778.52,-20.99,-149.99,-25.54,4.49
10087,0.34,-621.38,-27.48,-233.84,-29.46,4.49
10088,0.68,-912.42,-24.68,-199.23,-46.39,3.85
10089,0.66,-1110.28,-23.76,-375.64,-31.66,4.81
10090,0.43,-626.00,-22.49,-116.63,-32.76,4.81
10091,0.34,-158.44,-23.57,-75.09,-51.47,4.81
10092,0.77,-1027.78,-19.96,-319.71,-112.16,4.81
10093,0.48,-559.32,-24.90,-205.24,-111.63,4.81
10094,0.38,-615.07,-19.33,-192.23,-30.67,4.81
10095,0.32,-580.19,-23.76,-123.58,-32.27,4.81
10096,0.63,-141.11,-29.01,-101.13,-112.74,5.13
10097,0.41,-618.74,-23.88,-127.08,-29.43,4.49
10098,0.31,-598.29,-25.30,-212.08,-109.63,4.49
10099,0.46,-585.56,-26.51,-149.85,-31.33,4.49
10100,0.80,-1086.14,-24.83,-300.42,-95.93,4.17
10101,0.55,-1012.71,-20.73,-240.65,-34.60,4.17
10102,0.46,-770.12,-31.83,-302.39,-138.11,3.85
10103,0.44,-562.36,-25.23,-157.93,-34.86,3.85
10104,0.61,-977.34,-27.40,-448.15,-579.88,3.85
10105,0.66,-933.75,-23.48,-270.23,-114.48,3.85
10106,0.32,-569.90,-19.71,-134.00,-43.78,4.81
10107,0.36,-582.95,-28.51,-136.13,-40.31,4.81
10108,0.60,-928.88,-24.52,-374.22,-113.70,4.81
10109,0.60,-888.26,-26.24,-321.09,-30.57,5.45
10110,0.39,-113.18,-22.44,-40.28,-29.72,5.45
10111,0.47,-837.98,-20.01,-154.64,-30.90,5.45
10112,0.50,-877.26,-23.74,-148.91,-27.73,5.45
10113,0.85,-134.89,-22.60,-52.08,-33.58,7.69
10114,0.39,-132.91,-20.90,-45.34,-33.01,7.69
10115,0.35,-61.72,-20.20,-30.98,-26.13,7.69
10116,0.57,-222.56,-19.80,-71.14,-43.76,7.69
10117,1.09,-484.37,-20.46,-105.33,-32.61,8.01
10118,0.42,-32.49,-21.63,-26.53,-24.87,8.01
10119,0.35,-121.96,-20.47,-41.15,-29.79,8.01
10120,0.52,-41.95,-24.39,-32.65,-34.19,5.45
10121,0.71,-319.59,-24.62,-72.58,-32.05,5.45
10122,0.34,-541.59,-22.77,-127.11,-26.33,5.45
10123,0.51,-885.49,-20.07,-163.94,-25.32,5.45
10124,0.46,-464.45,-24.12,-112.42,-41.29,5.45
10125,0.78,-350.24,-29.49,-144.93,-41.40,5.45
10126,0.64,-1058.14,-22.55,-259.51,-29.00,5.77
10127,0.96,-1306.91,-32.75,-551.44,-37.89,3.21
10128,1.26,-603.37,-19.88,-146.54,-34.36,3.21
10129,0.30,-589.29,-29.46,-312.53,-294.48,3.21
10130,0.51,-850.56,-24.74,-328.76,-129.01,3.21
10131,0.46,-157.26,-23.58,-46.26,-28.31,3.21
10132,0.73,-236.29,-22.76,-56.52,-27.83,3.53
10133,0.40,-568.66,-23.58,-128.02,-35.34,3.53
10134,0.31,-223.76,-25.25,-58.59,-32.89,3.53
10135,0.70,-1045.47,-20.91,-280.88,-111.42,3.53
10136,0.48,-889.92,-25.71,-508.75,-608.78,3.53
10137,0.70,-1309.89,-25.51,-369.23,-101.32,3.53
10138,0.50,-999.13,-22.78,-258.19,-34.78,4.49
10139,0.74,-926.03,-27.73,-199.02,-33.92,4.49
10140,0.40,-806.86,-20.02,-232.78,-33.99,3.21
10141,0.73,-565.08,-26.59,-195.65,-111.58,3.53
10142,0.57,-1050.81,-23.66,-372.89,-99.51,3.53
10143,0.62,-870.23,-29.65,-239.16,-46.97,3.53
10144,0.44,-855.88,-21.15,-349.16,-136.04,3.53
10145,1.98,-1125.93,-26.81,-446.51,-468.31,3.53
10146,0.42,-583.24,-20.05,-157.43,-49.34,3.53
10147,0.54,-923.90,-26.26,-169.49,-31.00,3.85
10148,0.52,-925.62,-35.95,-384.22,-133.25,3.85
10149,0.95,-818.14,-31.74,-287.34,-262.80,4.17
10150,0.44,-701.41,-24.08,-191.51,-32.22,4.17
10151,1.13,-875.09,-23.66,-349.07,-126.92,4.17
10152,0.53,-485.46,-26.78,-114.87,-34.93,4.49
10153,0.68,-710.61,-28.63,-238.16,-113.71,4.49
10154,0.42,-603.59,-24.40,-215.89,-35.24,4.49
10155,0.34,-289.87,-25.26,-106.23,-29.36,4.49
10156,0.53,-1003.60,-21.96,-314.24,-110.61,4.49
10157,0.42,-474.06,-25.04,-119.21,-37.79,4.49
10158,0.52,-973.17,-22.91,-226.83,-31.08,4.49
10159,0.48,-939.18,-25.55,-178.59,-27.78,4.81
10160,0.31,-620.22,-25.51,-189.36,-28.35,4.81
10161,0.40,-306.36,-22.37,-70.60,-32.87,4.81
10162,0.31,-565.28,-23.17,-135.12,-28.75,4.17
10163,0.47,-848.89,-21.71,-169.10,-31.45,4.81
10164,0.48,-774.55,-24.81,-335.75,-167.04,4.81
10165,0.62,-619.71,-22.71,-113.83,-30.15,4.81
10166,0.40,-465.34,-22.86,-102.28,-30.31,4.81
10167,0.35,-479.35,-23.49,-126.14,-30.81,4.81
10168,0.48,-821.64,-23.94,-218.74,-29.51,4.81
10169,0.50,-801.15,-27.97,-243.47,-113.58,4.81
10170,0.39,-585.87,-24.16,-176.87,-32.04,4.81
10171,0.66,-1291.27,-24.48,-234.91,-28.11,4.81
10172,0.30,-315.69,-24.92,-92.26,-30.09,4.81
10173,0.87,-853.15,-26.49,-245.23,-31.89,3.85
10174,0.67,-978.65,-26.64,-395.86,-132.55,3.85
10175,0.52,-958.52,-23.42,-247.45,-33.86,3.53
10176,0.58,-945.26,-21.58,-270.73,-35.57,4.17
10177,0.49,-933.99,-23.01,-254.00,-41.56,4.17
10178,0.49,-960.76,-23.76,-320.22,-26.91,4.17
10179,0.64,-585.54,-25.91,-138.09,-35.68,4.17
10180,0.29,-593.92,-22.98,-124.56,-33.26,4.17
10181,0.57,-949.60,-24.64,-366.46,-113.41,4.17
10182,0.47,-908.21,-26.05,-235.02,-29.92,4.17
10183,0.31,-576.10,-28.20,-170.44,-109.11,4.17
10184,0.30,-572.79,-29.41,-163.48,-114.51,4.49
10185,0.31,-609.26,-19.73,-119.78,-31.05,4.49
10186,0.40,-133.93,-23.00,-62.57,-33.38,4.49
10187,0.54,-879.31,-27.14,-178.15,-43.47,4.49
10188,0.65,-1289.54,-28.24,-434.60,-279.35,4.49
10189,0.42,-803.22,-20.34,-189.67,-33.37,4.49
10190,0.96,-612.50,-25.85,-172.15,-30.81,3.85
10191,0.54,-1010.10,-24.19,-282.17,-112.74,3.85
10192,0.63,-895.83,-19.41,-219.42,-38.15,3.85
10193,0.63,-1068.57,-22.89,-302.42,-120.86,4.49
10194,0.42,-670.95,-22.50,-125.51,-28.25,4.49
10195,0.55,-986.02,-27.01,-260.05,-32.04,4.49
10196,0.66,-1063.74,-26.18,-201.90,-33.19,3.85
10197,0.59,-976.71,-25.71,-243.80,-28.52,3.85
10198,0.79,-577.84,-24.34,-195.36,-37.62,3.85
10199,0.44,-668.66,-20.54,-236.26,-112.66,3.85
10200,0.57,-981.34,-22.26,-241.56,-31.07,3.85
10201,0.64,-1179.70,-25.33,-192.61,-27.74,4.81
10202,0.55,-1034.13,-24.57,-281.32,-128.65,4.81
10203,0.69,-1366.22,-20.59,-260.82,-29.86,4.17
10204,0.49,-687.73,-23.15,-367.53,-564.53,4.17
10205,0.69,-1028.17,-26.17,-223.88,-112.24,4.17
10206,0.29,-606.24,-21.40,-122.95,-34.44,4.17
10207,0.70,-956.13,-24.07,-162.34,-30.08,3.85
10208,0.47,-815.20,-26.08,-196.12,-30.22,4.49
10209,0.52,-899.91,-22.06,-233.38,-31.92,4.17
10210,0.42,-569.17,-26.43,-205.03,-31.95,3.21
10211,0.69,-1004.02,-27.81,-436.25,-112.06,3.21
10212,0.57,-983.60,-22.62,-297.20,-29.75,3.21
10213,0.31,-40.86,-24.22,-31.12,-30.49,3.21
10214,0.51,-1002.19,-27.60,-332.97,-110.46,3.21
10215,0.30,-610.13,-26.02,-142.60,-33.97,3.21
10216,0.36,-608.67,-27.43,-180.45,-45.86,3.21
10217,0.42,-598.23,-27.92,-236.90,-157.65,3.21
10218,0.29,-231.49,-26.16,-90.71,-99.40,3.21
10219,0.41,-519.70,-22.00,-118.64,-30.13,3.21
10220,0.43,-856.13,-28.31,-396.66,-560.05,3.21
10221,0.52,-776.53,-27.37,-260.95,-38.07,3.21
10222,1.01,-887.19,-23.31,-353.83,-403.70,3.21
10223,0.35,-689.47,-24.48,-192.30,-82.75,3.21
10224,0.66,-682.56,-22.43,-327.96,-223.27,3.21
10225,0.40,-766.54,-31.23,-439.13,-567.61,3.21
10226,0.44,-878.49,-29.17,-355.27,-110.89,3.21
10227,0.65,-1009.74,-24.09,-415.19,-429.89,3.21
10228,0.48,-848.94,-23.53,-278.90,-114.45,3.21
10229,0.60,-990.15,-29.44,-272.36,-80.72,3.21
10230,0.49,-891.27,-32.04,-372.58,-130.04,3.21
10231,0.54,-1125.86,-26.24,-402.09,-138.77,3.21
10232,0.45,-439.06,-28.46,-100.36,-31.87,3.85
10233,0.65,-1168.32,-25.49,-232.50,-105.47,3.53
10234,0.28,-609.42,-27.73,-250.56,-118.84,3.53
10235,0.68,-1001.05,-24.94,-285.81,-32.75,3.85
10236,0.46,-635.35,-24.24,-215.41,-123.83,3.85
10237,0.27,-568.67,-23.09,-233.23,-123.50,3.85
10238,0.31,-609.48,-30.28,-210.57,-77.73,3.85
10239,0.28,-566.16,-24.87,-184.22,-126.73,3.21
10240,0.29,-583.77,-28.23,-147.19,-82.40,3.21
10241,0.48,-786.68,-26.67,-328.18,-351.98,3.21
10242,0.95,-609.74,-29.31,-278.24,-143.24,3.21
10243,0.74,-1325.03,-21.97,-270.86,-99.79,3.21
10244,0.50,-885.10,-27.31,-348.04,-112.89,4.49
10245,0.58,-852.84,-28.39,-342.81,-109.18,4.49
10246,0.65,-1084.63,-23.47,-361.49,-37.61,4.49
10247,0.71,-823.78,-24.84,-269.42,-30.72,4.49
10248,0.28,-610.44,-23.30,-200.25,-32.08,3.85
10249,0.59,-910.51,-29.09,-371.20,-139.54,3.85
10250,0.38,-585.92,-23.26,-183.49,-29.33,3.85
10251,0.39,-383.55,-25.51,-101.60,-34.77,3.85
10252,0.59,-894.99,-22.91,-282.22,-31.90,3.85
10253,0.67,-1307.99,-19.85,-540.69,-571.20,3.85
10254,0.61,-1191.85,-22.16,-281.59,-125.87,3.85
10255,0.39,-344.89,-24.02,-79.94,-26.81,3.85
10256,0.49,-892.48,-28.38,-423.51,-389.71,3.85
10257,0.39,-584.00,-25.05,-200.83,-46.88,3.85
10258,0.54,-836.72,-26.68,-347.90,-268.74,3.85
10259,0.28,-573.51,-20.82,-197.09,-25.59,3.85
10260,0.34,-109.88,-26.34,-54.52,-30.13,3.85
10261,0.45,-820.93,-25.60,-326.88,-118.28,4.49
10262,0.57,-936.24,-23.96,-233.44,-27.86,4.49
10263,0.39,-585.62,-21.44,-148.09,-49.04,4.49
10264,0.31,-137.25,-22.37,-56.74,-27.25,4.17
10265,0.36,-541.07,-25.75,-153.48,-129.13,4.17
10266,1.22,-676.92,-25.71,-204.51,-35.58,4.17
10267,0.44,-851.14,-25.45,-184.98,-102.63,4.17
10268,0.77,-553.20,-22.55,-123.55,-27.72,3.85
10269,0.38,-615.85,-26.45,-115.71,-34.09,4.49
10270,0.47,-95.06,-27.25,-47.73,-29.78,4.49
10271,0.49,-132.97,-24.26,-43.11,-30.14,3.85
10272,0.42,-577.85,-22.85,-118.74,-31.54,3.85
10273,0.30,-137.77,-20.01,-55.35,-28.59,3.85
10274,0.45,-770.91,-29.76,-294.53,-110.84,3.85
10275,0.49,-582.38,-24.66,-180.21,-35.05,3.21
10276,0.41,-416.94,-22.23,-168.23,-32.88,4.81
10277,0.28,-143.55,-24.56,-90.82,-134.09,4.49
10278,0.35,-610.82,-29.92,-297.80,-135.41,4.49
10279,0.27,-585.53,-31.04,-231.58,-131.13,4.49
10280,0.38,-522.13,-23.23,-126.14,-28.41,4.49
10281,0.58,-1105.84,-22.01,-221.26,-96.33,4.49
10282,0.60,-588.41,-25.93,-225.76,-30.06,5.13
10283,0.32,-576.21,-26.14,-107.48,-29.27,5.13
10284,0.49,-859.47,-24.08,-300.56,-31.75,5.13
10285,0.45,-38.94,-21.99,-28.34,-27.64,5.13
10286,0.70,-758.16,-24.95,-367.58,-516.94,5.13
10287,0.33,-140.45,-25.83,-59.48,-30.61,5.13
10288,0.53,-886.28,-26.11,-152.60,-33.31,5.13
10289,0.31,-31.23,-24.72,-27.77,-28.11,5.45
10290,0.36,-606.59,-22.95,-201.44,-37.22,4.49
10291,0.73,-898.22,-27.98,-176.35,-35.90,4.49
10292,0.48,-597.73,-23.29,-169.02,-29.45,4.49
10293,0.34,-573.78,-23.82,-118.27,-30.83,4.81
10294,0.48,-112.80,-22.69,-52.20,-31.04,4.81
10295,0.50,-697.35,-23.24,-307.52,-371.45,4.81
10296,0.60,-355.58,-23.56,-111.35,-44.26,4.81
10297,0.41,-589.72,-25.64,-226.90,-39.91,3.53
10298,0.43,-559.34,-25.96,-131.86,-36.61,3.53
10299,0.35,-129.11,-15.75,-65.22,-40.63,3.53
10300,0.56,-974.90,-23.37,-405.78,-271.46,3.53
10301,0.27,-571.09,-29.58,-233.15,-127.18,3.53
10302,0.71,-782.46,-21.17,-219.95,-134.70,3.53
10303,0.63,-905.76,-20.71,-329.12,-270.26,3.53
10304,0.62,-583.76,-29.11,-348.82,-410.67,3.53
10305,0.67,-572.27,-19.39,-258.69,-227.50,4.17
10306,0.62,-928.03,-28.19,-265.76,-132.10,4.17
10307,0.91,-1408.39,-21.07,-350.46,-114.42,4.17
10308,0.51,-346.85,-31.52,-120.05,-109.95,4.17
10309,0.49,-576.20,-25.30,-151.29,-39.15,4.17
10310,0.55,-413.27,-24.34,-153.68,-111.80,4.17
10311,0.44,-587.54,-24.48,-170.93,-37.76,4.17
10312,0.59,-913.92,-18.57,-288.04,-130.55,4.17
10313,0.70,-910.52,-26.66,-331.45,-259.48,4.17
10314,0.71,-672.62,-24.52,-165.48,-32.17,3.53
10315,0.51,-348.13,-19.31,-118.46,-27.06,4.49
10316,0.68,-131.79,-30.33,-49.97,-38.53,5.13
10317,0.49,-135.96,-21.21,-57.37,-37.23,5.13
10318,0.42,-131.96,-21.16,-48.21,-33.40,5.13
10319,0.51,-280.89,-20.16,-62.05,-24.28,5.13
10320,0.75,-245.08,-26.14,-88.17,-35.06,5.13
10321,0.46,-634.54,-32.58,-419.21,-599.51,5.13
10322,0.75,-46.23,-21.68,-29.32,-26.19,4.81
10323,0.44,-767.05,-15.91,-160.54,-34.67,4.81
10324,0.41,-332.99,-14.16,-71.74,-28.77,4.81
10325,0.47,-538.46,-17.78,-161.05,-36.32,4.81
10326,0.53,-918.77,-31.18,-173.36,-40.89,4.81
10327,0.85,-712.50,-33.71,-153.96,-48.93,4.81
10328,0.66,-897.25,-23.75,-238.03,-35.45,4.81
10329,0.40,-48.27,-19.88,-31.64,-28.67,5.45
10330,0.51,-802.45,-15.81,-341.99,-448.11,5.45
10331,0.70,-811.86,-25.87,-268.80,-32.70,5.45
10332,0.98,-697.94,-27.33,-204.96,-43.89,5.45
10333,0.62,-971.66,-23.29,-163.37,-29.83,5.13
10334,0.65,-514.76,-28.45,-128.25,-39.10,5.13
10335,0.63,-572.85,-26.84,-157.13,-39.93,5.13
10336,0.59,-832.64,-19.88,-233.53,-39.00,5.13
10337,0.63,-548.34,-20.79,-124.85,-25.32,5.13
10338,0.73,-900.72,-32.42,-233.37,-42.49,5.13
10339,0.96,-1070.24,-18.52,-361.43,-112.43,5.13
10340,0.76,-512.23,-23.86,-158.07,-67.60,4.17
10341,0.92,-441.99,-18.12,-115.83,-39.26,4.17
10342,0.63,-791.12,-31.27,-269.20,-39.28,4.17
10343,0.53,-901.08,-17.87,-402.02,-522.29,4.17
10344,0.53,-829.31,-26.47,-405.19,-372.92,4.17
10345,1.43,-345.44,-22.34,-122.76,-98.98,4.17
10346,0.50,-218.59,-22.18,-57.78,-33.63,4.17
10347,0.54,-339.63,-24.31,-133.28,-111.84,4.17
10348,0.64,-376.44,-29.30,-171.85,-161.75,4.17
10349,0.53,-550.00,-19.33,-180.09,-33.76,4.17
10350,0.91,-1126.44,-26.95,-338.29,-36.27,4.17
10351,1.27,-744.88,-16.97,-215.59,-50.07,3.53
10352,0.86,-810.06,-31.53,-299.96,-134.46,3.53
10353,0.61,-993.01,-38.54,-454.87,-594.64,3.53
10354,0.57,-587.14,-34.81,-311.18,-332.05,3.53
10355,0.67,-1039.70,-28.14,-435.24,-529.63,3.53
10356,0.50,-543.59,-16.95,-120.07,-37.54,3.53
10357,0.71,-874.74,-31.15,-269.27,-130.46,3.53
10358,0.56,-927.68,-28.08,-406.97,-360.97,3.53
10359,0.58,-771.23,-29.10,-276.23,-112.83,4.81
10360,0.55,-572.86,-17.22,-198.77,-135.68,4.81
10361,0.82,-349.68,-31.45,-136.12,-43.18,4.81
10362,0.54,-437.94,-22.91,-99.50,-28.90,4.81
10363,0.67,-133.31,-16.35,-48.81,-32.71,4.81
10364,0.87,-580.65,-25.92,-122.82,-39.78,4.81
10365,0.87,-432.96,-31.51,-151.88,-49.18,4.81
10366,0.73,-1171.43,-21.70,-412.52,-291.39,4.81
10367,0.94,-920.89,-17.01,-178.88,-50.21,4.81
10368,0.64,-476.23,-15.13,-171.98,-108.31,3.21
10369,0.66,-459.32,-24.92,-146.03,-108.89,3.85
10370,0.40,-708.26,-18.05,-228.93,-28.42,3.85
10371,0.44,-745.97,-28.94,-330.96,-209.55,3.85
10372,0.53,-568.88,-22.85,-144.55,-98.06,3.85
10373,0.84,-863.31,-29.33,-309.14,-33.99,4.17
10374,0.38,-742.73,-14.62,-177.35,-38.37,4.17
10375,0.60,-698.13,-31.82,-281.88,-195.51,4.17
10376,0.95,-1167.50,-25.76,-383.06,-140.74,4.17
10377,0.63,-877.26,-17.19,-332.63,-41.39,4.17
10378,0.61,-787.86,-22.65,-169.85,-33.81,4.17
10379,0.59,-594.36,-28.43,-262.34,-246.04,4.17
10380,0.91,-878.46,-21.38,-332.66,-52.59,4.17
10381,0.81,-656.62,-16.02,-205.29,-46.89,4.17
10382,0.73,-355.04,-24.87,-170.30,-112.86,4.49
10383,0.53,-133.54,-33.86,-71.62,-43.42,4.49
10384,1.45,-827.66,-17.20,-259.74,-27.97,4.49
10385,0.46,-646.83,-16.06,-321.59,-374.85,4.49
10386,0.69,-931.06,-29.50,-318.32,-110.62,4.49
10387,0.70,-952.15,-28.16,-360.17,-211.28,4.49
10388,0.70,-980.20,-27.63,-295.04,-47.17,4.49
10389,0.64,-600.99,-38.75,-238.59,-126.98,4.49
10390,0.38,-572.20,-21.73,-197.59,-29.67,4.49
10391,0.48,-898.26,-26.23,-234.73,-36.27,4.49
10392,0.68,-650.52,-26.11,-229.33,-225.92,4.49
10393,0.57,-1014.10,-23.03,-283.00,-133.87,4.49
10394,0.53,-619.01,-34.57,-296.76,-352.08,4.49
10395,0.75,-851.45,-29.52,-289.63,-114.90,4.49
10396,0.51,-782.71,-24.24,-257.77,-136.94,4.49
10397,1.10,-462.64,-23.98,-156.84,-116.07,4.49
10398,0.48,-673.87,-18.01,-310.34,-342.29,4.49
10399,1.20,-870.34,-38.12,-318.02,-200.61,3.85
10400,0.58,-984.02,-24.14,-352.46,-237.42,3.21
10401,0.30,-589.14,-23.91,-184.26,-112.42,3.21
10402,0.61,-1055.27,-30.10,-413.24,-354.49,3.21
10403,0.69,-605.84,-24.17,-279.90,-186.38,3.21
10404,0.41,-645.18,-26.07,-179.95,-108.48,3.21
10405,0.51,-570.72,-31.75,-270.08,-351.68,3.21
10406,0.55,-834.75,-31.24,-338.32,-135.91,3.21
10407,0.58,-798.48,-38.43,-440.29,-581.37,3.21
10408,0.73,-833.64,-21.10,-317.60,-251.25,5.45
10409,1.02,-979.63,-25.17,-451.67,-577.86,5.77
10410,0.55,-719.71,-15.74,-204.08,-38.39,5.77
10411,0.65,-971.41,-23.52,-264.47,-78.13,3.85
10412,0.54,-569.88,-21.74,-118.39,-31.28,3.85
10413,0.76,-1120.44,-25.03,-307.46,-114.01,4.17
10414,0.34,-605.57,-22.23,-165.53,-24.72,4.17
10415,0.58,-555.20,-26.40,-170.24,-28.48,5.13
10416,1.03,-585.09,-26.93,-254.24,-139.55,5.13
10417,0.57,-480.59,-23.34,-128.48,-35.11,5.13
10418,0.77,-778.95,-28.71,-314.13,-263.83,5.13
10419,0.85,-815.15,-22.48,-227.05,-111.67,5.13
10420,0.47,-461.86,-30.02,-154.32,-68.62,5.13
10421,0.53,-896.61,-17.91,-274.18,-40.39,5.13
10422,0.93,-968.00,-17.05,-209.35,-38.62,5.13
10423,0.74,-531.02,-23.41,-147.78,-41.72,5.13
10424,0.79,-1003.04,-41.73,-290.82,-291.23,5.13
10425,0.56,-624.14,-19.32,-125.51,-29.36,3.53
10426,0.51,-389.73,-21.95,-136.00,-55.25,3.53
10427,0.91,-1240.74,-21.28,-297.36,-124.85,3.53
10428,0.87,-813.68,-31.63,-345.59,-387.34,3.53
10429,0.41,-742.59,-27.61,-259.88,-127.53,3.53
10430,0.57,-390.20,-28.08,-160.61,-127.02,3.53
10431,0.48,-861.16,-32.09,-305.61,-141.74,3.53
10432,0.59,-460.38,-42.62,-187.56,-112.42,3.53
10433,0.35,-568.98,-28.07,-241.59,-143.24,3.53
10434,0.48,-602.46,-25.16,-246.74,-114.72,3.53
10435,0.45,-456.24,-17.85,-115.55,-31.97,3.53
10436,0.63,-1007.60,-30.99,-366.99,-173.68,3.53
10437,0.57,-453.44,-19.28,-151.63,-109.99,3.53
10438,0.52,-885.85,-29.38,-320.26,-107.93,3.53
10439,0.76,-863.25,-31.54,-268.90,-164.06,3.53
10440,0.45,-791.43,-23.52,-149.89,-31.44,3.53
10441,0.93,-843.18,-21.23,-248.42,-110.20,3.53
10442,0.56,-729.61,-27.28,-316.86,-347.01,3.53
10443,0.43,-635.04,-22.35,-194.84,-121.28,4.17
10444,0.67,-565.38,-20.74,-209.48,-257.69,4.17
10445,0.84,-717.21,-19.27,-332.72,-121.10,4.17
10446,0.59,-562.98,-39.19,-235.48,-125.48,4.17
10447,0.76,-807.30,-31.26,-306.20,-116.13,4.17
10448,0.61,-690.68,-25.54,-141.33,-40.32,5.13
10449,0.88,-1169.85,-26.42,-313.38,-98.34,5.13
10450,0.50,-258.67,-25.97,-76.09,-51.83,5.13
10451,0.55,-677.23,-28.47,-226.24,-108.82,5.13
10452,0.63,-1170.81,-16.90,-193.07,-33.59,5.13
10453,0.99,-112.65,-17.97,-40.91,-29.81,5.13
10454,0.76,-959.03,-26.13,-245.11,-41.21,5.13
10455,0.97,-899.94,-28.49,-310.30,-75.62,5.13
10456,0.91,-512.61,-23.39,-162.66,-57.54,4.17
10457,0.90,-567.70,-22.98,-194.43,-47.96,4.17
10458,0.42,-635.08,-20.26,-155.15,-114.01,4.17
10459,0.52,-902.66,-14.72,-371.40,-413.45,4.17
10460,0.52,-632.77,-37.85,-264.06,-172.83,4.17
10461,0.73,-609.01,-21.63,-160.54,-130.99,4.17
10462,0.90,-716.76,-25.41,-382.41,-572.41,4.49
10463,0.39,-638.18,-28.13,-323.36,-237.91,4.49
10464,1.07,-595.66,-21.30,-281.93,-326.75,5.45
10465,1.15,-578.51,-18.53,-122.76,-38.70,5.45
10466,0.81,-626.22,-32.53,-313.71,-196.90,5.45
10467,0.68,-326.58,-27.99,-136.38,-49.67,5.45
10468,0.57,-342.21,-25.22,-117.22,-114.76,5.45
10469,0.94,-588.94,-25.49,-159.37,-37.50,5.13
10470,0.58,-115.12,-20.16,-37.68,-25.82,5.13
10471,0.96,-416.60,-17.22,-83.52,-27.05,5.13
10472,0.33,-610.56,-17.84,-206.53,-31.34,5.13
10473,0.66,-1145.97,-20.53,-267.04,-32.32,5.13
10474,0.42,-579.54,-13.56,-103.88,-24.91,5.13
10475,0.85,-1132.11,-30.09,-402.37,-300.69,4.81
10476,0.67,-631.02,-24.11,-261.68,-135.06,5.13
10477,0.71,-536.55,-20.17,-164.20,-31.05,4.17
10478,1.04,-1030.57,-24.41,-380.61,-108.60,3.53
10479,0.53,-898.06,-23.62,-263.12,-114.49,4.49
10480,0.53,-947.24,-34.06,-267.20,-114.00,4.81
10481,0.51,-629.66,-32.72,-179.54,-38.69,5.13
10482,0.50,-854.83,-22.59,-378.82,-136.60,5.13
10483,0.68,-1101.57,-24.48,-382.23,-110.09,5.13
10484,0.55,-823.10,-22.35,-154.81,-33.16,5.13
10485,1.08,-341.47,-28.13,-147.93,-110.82,5.13
10486,0.58,-625.62,-41.14,-228.83,-51.93,5.13
10487,0.58,-614.09,-28.64,-222.69,-110.96,4.81
10488,0.62,-718.01,-24.59,-312.96,-129.64,3.85
10489,0.68,-827.61,-19.72,-207.13,-111.17,3.85
10490,0.39,-619.48,-20.49,-210.79,-112.02,4.17
10491,0.67,-826.85,-24.15,-395.79,-430.70,4.17
10492,0.44,-587.60,-22.70,-177.52,-36.25,4.17
10493,0.83,-628.57,-27.96,-234.57,-216.78,4.17
10494,0.43,-773.95,-32.49,-310.86,-96.76,4.17
10495,0.69,-936.45,-20.62,-230.75,-90.93,4.17
10496,0.48,-423.08,-24.13,-155.32,-112.52,4.49
10497,0.58,-594.77,-20.67,-224.96,-113.37,4.49
10498,0.67,-556.23,-23.36,-300.42,-302.54,4.49
10499,0.76,-678.28,-36.54,-237.73,-114.04,4.49
10500,0.63,-595.81,-25.62,-165.13,-111.03,4.49
10501,0.71,-620.34,-24.29,-180.59,-98.08,5.13
10502,0.59,-836.58,-44.94,-415.20,-538.16,5.13
10503,0.55,-582.54,-22.29,-246.36,-112.73,4.17
10504,0.46,-144.80,-27.58,-97.02,-139.66,3.21
10505,0.62,-869.64,-28.67,-380.75,-258.71,3.21
10506,0.72,-1066.37,-32.08,-296.94,-136.75,4.17
10507,0.66,-1340.05,-22.28,-305.21,-40.69,4.17
10508,0.75,-1151.45,-30.06,-256.71,-37.63,4.17
10509,0.61,-606.70,-24.63,-165.63,-26.84,4.17
10510,0.72,-373.27,-33.77,-122.33,-41.63,4.17
10511,0.77,-123.02,-29.26,-60.12,-37.62,4.81
10512,0.69,-623.87,-30.07,-195.51,-41.01,5.45
10513,0.44,-611.58,-35.08,-225.50,-128.47,5.45
10514,0.43,-626.03,-16.06,-117.79,-35.27,5.45
10515,0.42,-576.08,-25.49,-188.17,-32.98,5.45
10516,0.41,-578.06,-15.62,-119.62,-32.96,5.45
10517,0.63,-829.13,-27.93,-292.93,-50.22,5.13
10518,0.45,-583.20,-26.35,-235.14,-132.41,5.13
10519,0.54,-498.76,-21.73,-124.61,-35.19,5.13
10520,0.69,-616.88,-26.90,-147.92,-44.84,5.77
10521,0.50,-843.00,-22.85,-220.84,-29.61,5.77
10522,0.46,-145.51,-24.87,-61.67,-29.86,5.77
10523,0.61,-482.89,-22.05,-140.28,-29.65,5.77
10524,0.32,-572.20,-21.45,-138.08,-36.29,5.77
10525,0.86,-586.64,-23.87,-146.60,-113.54,5.77
10526,0.37,-623.96,-25.57,-237.43,-134.06,5.77
10527,0.55,-804.70,-21.14,-170.36,-29.52,5.45
10528,0.70,-1095.17,-19.56,-233.90,-41.55,5.45
10529,0.52,-822.23,-19.12,-160.44,-35.58,5.45
10530,0.53,-136.42,-23.06,-71.32,-37.84,5.45
10531,0.44,-493.34,-21.50,-123.34,-36.26,5.45
10532,0.90,-1028.92,-20.08,-188.47,-33.22,5.45
10533,0.51,-591.39,-26.91,-137.05,-49.68,5.45
10534,0.52,-626.59,-26.97,-271.99,-32.35,6.41
10535,0.50,-101.30,-18.82,-42.55,-32.21,6.41
10536,0.46,-802.14,-30.38,-221.24,-42.05,5.45
10537,0.53,-157.78,-25.50,-49.49,-33.86,5.45
10538,0.71,-474.64,-24.57,-125.58,-34.89,5.45
10539,0.65,-1074.73,-26.39,-380.95,-170.15,5.45
10540,0.43,-749.35,-18.27,-192.19,-111.82,5.45
10541,0.64,-488.44,-22.93,-115.66,-38.44,5.45
10542,0.33,-566.86,-17.62,-129.19,-34.43,5.45
10543,0.47,-580.96,-22.46,-251.42,-137.98,5.45
10544,0.57,-832.03,-17.79,-184.19,-110.04,5.45
10545,0.55,-621.08,-25.40,-292.93,-342.06,5.45
10546,0.50,-797.72,-21.83,-245.47,-177.66,5.45
10547,0.68,-437.68,-17.93,-144.06,-33.18,5.13
10548,0.49,-797.04,-21.21,-218.33,-110.27,5.13
10549,0.53,-140.92,-25.35,-46.41,-29.56,5.13
10550,0.45,-317.51,-23.76,-94.81,-38.38,5.13
10551,0.44,-576.70,-22.56,-115.29,-30.11,5.13
10552,0.43,-501.54,-26.13,-192.97,-131.90,5.13
10553,0.44,-155.47,-17.74,-70.41,-38.79,5.45
10554,0.40,-559.72,-21.53,-238.73,-42.15,5.45
10555,0.56,-111.66,-25.82,-43.29,-32.69,5.45
10556,0.32,-595.44,-21.57,-152.69,-128.01,5.45
10557,0.31,-597.35,-25.00,-246.09,-115.88,5.45
10558,0.38,-288.76,-21.20,-68.17,-25.48,5.45
10559,0.73,-955.20,-26.14,-231.26,-88.14,5.45
10560,0.47,-415.30,-26.85,-141.12,-44.59,5.45
10561,0.54,-494.71,-27.12,-157.60,-44.54,5.13
10562,0.51,-813.63,-23.35,-225.91,-29.64,5.45
10563,0.48,-580.57,-24.39,-255.97,-112.64,4.49
10564,0.47,-826.18,-34.03,-341.32,-113.99,4.49
10565,1.13,-370.38,-31.08,-171.26,-106.01,4.49
10566,0.39,-216.82,-24.71,-69.03,-35.24,4.49
10567,1.08,-1009.44,-31.68,-520.28,-617.94,4.49
10568,0.64,-721.96,-18.31,-289.42,-113.98,4.49
10569,0.41,-586.02,-21.86,-168.80,-111.88,4.49
10570,0.45,-798.46,-23.28,-207.96,-109.57,5.45
10571,0.63,-98.96,-17.96,-41.15,-30.96,5.45
10572,1.15,-836.43,-28.44,-362.08,-472.37,5.45
10573,0.49,-757.64,-19.51,-240.18,-33.59,5.13
10574,0.67,-574.41,-19.39,-197.39,-41.44,5.13
10575,0.48,-943.08,-23.93,-422.43,-569.85,5.13
10576,0.99,-569.97,-22.86,-118.78,-38.60,5.13
10577,0.52,-361.18,-22.92,-102.85,-50.26,5.13
10578,0.85,-779.41,-26.95,-371.92,-498.26,5.13
10579,0.51,-653.66,-22.96,-124.44,-31.73,5.13
10580,0.64,-919.02,-18.82,-272.21,-26.66,5.13
10581,0.37,-629.99,-20.64,-196.82,-35.50,5.13
10582,0.45,-446.81,-17.54,-90.73,-30.89,5.13
10583,0.74,-938.93,-25.46,-194.68,-40.88,5.13
10584,0.37,-604.98,-16.45,-137.37,-30.92,5.13
10585,0.49,-899.07,-36.06,-350.54,-348.48,5.13
10586,1.09,-850.54,-19.61,-214.58,-25.29,5.13
10587,0.52,-539.25,-32.59,-212.73,-165.03,4.81
10588,0.63,-607.31,-24.45,-185.72,-113.45,4.81
10589,0.73,-968.60,-24.96,-424.81,-599.21,4.49
10590,0.90,-1114.67,-15.89,-297.81,-82.42,4.49
10591,0.98,-597.36,-25.34,-240.74,-134.29,4.49
10592,0.68,-698.68,-31.84,-246.97,-57.81,4.49
10593,1.06,-1485.06,-18.92,-446.46,-48.08,5.45
10594,0.73,-1009.11,-29.54,-320.56,-133.09,5.45
10595,0.48,-806.71,-27.27,-313.63,-114.89,6.41
10596,0.48,-593.14,-27.49,-189.15,-35.49,6.41
10597,0.68,-568.81,-27.60,-110.30,-36.22,7.05
10598,0.35,-107.41,-19.59,-37.65,-26.42,7.37
10599,0.52,-345.19,-20.61,-74.30,-29.14,7.37
10600,0.55,-984.59,-21.59,-178.37,-35.41,7.37
10601,0.94,-672.48,-24.82,-138.21,-34.95,7.37
10602,0.43,-574.58,-21.22,-105.34,-28.19,7.37
10603,0.46,-610.22,-22.98,-185.74,-34.30,6.73
10604,0.50,-645.97,-17.80,-175.16,-30.71,6.73
10605,0.73,-112.12,-21.93,-42.18,-31.29,6.73
10606,0.52,-593.46,-26.14,-172.90,-34.51,6.73
10607,0.58,-650.08,-25.73,-197.67,-35.66,6.09
10608,0.58,-808.93,-18.51,-140.60,-36.08,6.09
10609,0.61,-1101.47,-23.17,-223.54,-50.59,5.45
10610,0.72,-1067.25,-27.26,-359.52,-131.95,5.45
10611,0.74,-1096.37,-16.71,-196.27,-43.25,5.45
10612,0.53,-679.75,-22.86,-241.52,-113.65,6.73
10613,0.49,-622.85,-24.73,-161.67,-32.50,6.73
10614,0.49,-778.41,-23.08,-244.56,-36.07,6.73
10615,0.70,-1215.56,-25.06,-371.31,-357.91,6.73
10616,0.43,-580.95,-19.26,-222.50,-43.74,6.73
10617,0.45,-130.24,-29.49,-47.67,-33.28,6.73
10618,0.59,-132.54,-26.70,-58.82,-42.94,7.05
10619,0.75,-542.42,-28.46,-157.79,-45.98,7.05
10620,1.02,-849.79,-20.46,-147.03,-28.44,7.05
10621,0.60,-908.43,-24.17,-170.60,-39.11,7.05
10622,0.53,-561.86,-26.25,-174.04,-39.04,7.05
10623,0.61,-826.48,-26.22,-300.64,-203.69,7.05
10624,0.49,-573.18,-23.95,-109.02,-32.12,7.05
10625,1.03,-321.36,-19.94,-88.99,-40.91,7.05
10626,0.42,-113.49,-22.50,-45.10,-35.86,7.05
10627,0.44,-548.63,-24.03,-129.63,-33.67,7.05
10628,0.91,-294.95,-18.98,-75.74,-34.58,7.69
10629,0.46,-584.27,-15.21,-105.68,-25.36,6.41
10630,0.55,-937.62,-21.02,-186.05,-32.13,6.41
10631,0.57,-822.78,-21.48,-144.74,-32.44,4.49
10632,0.48,-490.74,-23.61,-202.35,-74.35,4.49
10633,0.67,-936.42,-31.81,-245.72,-37.49,4.49
10634,0.59,-815.94,-23.44,-221.14,-38.80,4.49
10635,0.42,-650.40,-24.20,-211.12,-29.68,4.49
10636,0.65,-253.02,-22.95,-82.32,-47.65,4.49
10637,0.76,-587.41,-20.60,-154.99,-29.22,6.09
10638,0.47,-613.45,-25.16,-201.90,-37.20,6.09
10639,0.36,-380.87,-23.06,-138.22,-50.66,6.09
10640,0.72,-474.20,-22.78,-94.34,-30.71,6.09
10641,0.42,-581.06,-26.01,-155.29,-36.47,6.09
10642,0.54,-987.04,-16.86,-261.20,-26.98,5.13
10643,0.57,-829.61,-19.22,-321.85,-165.47,5.13
10644,0.40,-501.47,-26.48,-200.84,-164.56,5.13
10645,1.11,-359.57,-20.76,-86.14,-44.20,5.13
10646,0.44,-409.56,-26.66,-96.63,-37.75,5.13
10647,0.56,-887.78,-24.56,-227.91,-57.96,5.13
10648,0.45,-476.10,-24.77,-208.26,-94.68,5.13
10649,0.46,-848.27,-25.87,-420.75,-546.68,5.13
10650,0.64,-1031.87,-22.75,-313.72,-112.41,5.13
10651,0.58,-452.09,-20.43,-117.61,-26.16,5.13
10652,0.40,-135.87,-26.98,-56.18,-28.95,5.13
10653,0.42,-572.57,-26.49,-225.47,-88.29,6.41
10654,0.52,-817.72,-19.51,-142.97,-28.60,6.41
10655,0.42,-43.08,-21.67,-30.28,-26.22,6.41
10656,0.45,-731.62,-18.15,-151.35,-24.28,5.77
10657,0.64,-873.72,-23.16,-210.57,-44.40,5.77
10658,1.50,-265.16,-28.63,-94.40,-47.67,5.77
10659,0.90,-706.43,-20.29,-124.16,-26.93,5.45
10660,0.50,-862.53,-23.81,-288.56,-55.90,5.45
10661,0.78,-1380.32,-23.05,-308.03,-30.44,5.45
10662,0.50,-374.92,-21.13,-79.10,-32.67,6.41
10663,0.49,-581.17,-23.15,-168.88,-35.07,6.73
10664,0.84,-165.84,-22.20,-82.22,-45.73,6.73
10665,0.62,-557.54,-25.61,-116.77,-32.31,5.45
10666,0.43,-56.78,-19.49,-30.16,-25.33,5.45
10667,0.43,-579.07,-24.61,-149.82,-40.26,5.45
10668,0.54,-812.88,-17.66,-149.14,-28.37,4.81
10669,1.19,-306.74,-28.35,-98.15,-42.44,4.81
10670,0.70,-570.96,-27.06,-234.67,-38.28,4.81
10671,0.43,-502.85,-24.17,-120.71,-33.84,4.81
10672,0.55,-846.60,-14.86,-156.42,-35.65,3.85
10673,0.48,-499.08,-29.59,-185.41,-34.83,3.85
10674,0.71,-589.44,-18.99,-148.96,-38.61,4.17
10675,0.63,-1216.10,-16.43,-402.81,-473.90,4.17
10676,0.34,-132.88,-22.96,-57.00,-40.42,4.17
10677,0.47,-819.93,-19.54,-246.51,-42.29,4.17
10678,0.44,-484.51,-24.13,-97.09,-33.16,4.17
10679,0.82,-920.74,-23.90,-292.39,-30.36,4.17
10680,0.58,-850.54,-24.23,-288.20,-32.93,4.49
10681,0.49,-824.07,-26.08,-266.66,-28.56,4.49
10682,0.57,-857.68,-24.28,-161.56,-29.03,4.17
10683,0.57,-956.17,-26.55,-217.13,-37.84,4.17
10684,0.36,-271.39,-26.82,-66.57,-31.54,4.17
10685,0.43,-110.53,-22.55,-41.95,-32.66,4.81
10686,0.42,-481.89,-27.10,-106.64,-32.24,4.81
10687,0.40,-491.79,-28.78,-176.74,-110.92,6.73
10688,0.42,-701.20,-22.95,-201.39,-34.30,6.73
10689,0.96,-559.63,-21.71,-143.25,-31.09,6.73
10690,0.34,-37.74,-21.15,-27.21,-25.55,6.73
10691,0.50,-858.89,-25.06,-161.53,-34.91,7.05
10692,0.65,-961.45,-18.90,-161.43,-30.04,7.05
10693,0.48,-595.31,-24.21,-110.24,-30.98,7.05
10694,1.10,-603.92,-27.08,-148.88,-40.15,7.05
10695,0.72,-771.06,-33.56,-306.59,-335.22,7.05
10696,0.37,-31.41,-19.28,-26.14,-26.89,7.05
10697,0.67,-1066.56,-20.43,-199.68,-28.59,7.05
10698,0.39,-170.96,-24.77,-78.04,-39.53,7.37
10699,0.33,-131.16,-29.75,-49.27,-35.73,7.37
10700,0.40,-640.37,-23.04,-129.91,-27.29,7.37
10701,0.41,-717.69,-28.58,-207.77,-34.74,6.09
10702,0.56,-650.11,-27.21,-131.38,-33.53,6.09
10703,0.40,-671.90,-27.17,-223.49,-33.09,6.09
10704,0.38,-353.81,-25.43,-77.32,-31.88,6.09
10705,0.47,-559.70,-24.94,-169.08,-33.91,6.09
10706,0.41,-142.82,-25.61,-45.43,-27.82,6.09
10707,0.53,-699.79,-26.85,-218.35,-31.31,6.09
10708,0.48,-781.72,-26.29,-139.38,-33.01,6.09
10709,0.58,-760.56,-21.34,-234.04,-49.57,6.09
10710,0.62,-900.94,-25.07,-310.33,-217.21,6.09
10711,0.48,-748.54,-24.76,-225.75,-30.18,6.09
10712,0.69,-1031.67,-28.50,-259.72,-34.43,6.09
10713,1.22,-1131.42,-24.02,-328.06,-113.63,6.09
10714,0.36,-46.15,-21.69,-30.08,-28.11,6.09
10715,0.40,-633.21,-25.68,-118.91,-33.43,6.09
10716,0.69,-896.66,-24.64,-288.01,-73.43,6.09
10717,0.42,-127.77,-20.13,-55.15,-31.17,6.09
10718,0.51,-673.40,-29.66,-251.85,-38.66,6.09
10719,0.97,-113.77,-20.85,-42.57,-31.15,5.13
10720,0.51,-865.70,-26.47,-299.48,-90.52,5.13
10721,0.34,-131.46,-25.96,-56.89,-34.97,5.13
10722,0.46,-566.66,-22.89,-183.33,-30.85,5.13
10723,0.56,-952.53,-27.88,-330.16,-35.39,5.77
10724,0.45,-35.85,-24.07,-28.99,-28.46,5.77
10725,0.82,-947.44,-25.89,-280.80,-30.83,5.77
10726,0.33,-32.38,-24.85,-28.15,-28.59,5.45
10727,0.66,-291.14,-23.78,-79.12,-30.39,5.45
10728,0.32,-41.11,-21.37,-32.57,-34.00,5.45
10729,0.32,-165.15,-24.80,-66.40,-31.51,5.45
10730,0.59,-984.66,-28.99,-294.19,-38.54,5.45
10731,0.32,-223.68,-21.74,-55.96,-30.43,5.45
10732,0.34,-566.58,-28.22,-194.46,-48.05,5.45
10733,0.35,-560.82,-24.12,-105.86,-32.99,5.45
10734,0.55,-687.98,-28.53,-222.37,-38.48,5.45
10735,0.52,-699.48,-22.34,-241.16,-35.17,5.45
10736,0.30,-598.09,-28.82,-138.29,-33.77,5.45
10737,0.48,-435.36,-22.67,-214.46,-149.51,5.45
10738,0.61,-1073.04,-22.14,-268.61,-26.12,5.45
10739,0.66,-124.68,-24.18,-42.86,-30.87,5.45
10740,0.47,-553.84,-27.85,-106.85,-31.91,4.81
10741,0.79,-875.92,-23.57,-313.53,-38.46,4.81
10742,0.61,-1020.10,-24.64,-342.32,-38.13,4.81
10743,0.37,-713.45,-19.94,-318.67,-136.44,4.81
10744,0.34,-187.25,-23.84,-69.49,-27.90,4.81
10745,0.30,-572.24,-20.09,-119.08,-28.50,4.81
10746,0.58,-677.07,-23.77,-253.11,-58.18,4.81
10747,0.44,-624.48,-34.78,-150.74,-51.48,4.81
10748,1.46,-669.21,-21.72,-259.72,-36.24,5.13
10749,0.57,-775.05,-28.40,-223.13,-33.39,4.81
10750,0.46,-846.24,-27.82,-256.65,-33.66,4.81
10751,0.74,-975.83,-21.44,-339.72,-33.77,4.17
10752,0.50,-553.07,-24.58,-221.19,-193.91,4.17
10753,0.53,-667.33,-22.52,-250.06,-39.37,4.49
10754,0.29,-583.85,-24.87,-201.33,-108.90,4.49
10755,0.52,-783.99,-25.01,-254.97,-154.54,4.49
10756,0.45,-637.75,-19.93,-117.50,-32.06,4.49
10757,0.51,-928.55,-22.57,-216.29,-36.15,4.49
10758,0.39,-662.13,-26.84,-121.60,-33.39,4.49
10759,0.52,-884.03,-24.79,-232.72,-29.76,4.49
10760,0.58,-926.35,-23.10,-423.30,-488.63,4.49
10761,0.47,-638.40,-27.33,-299.20,-303.28,4.49
10762,1.05,-561.86,-21.11,-154.07,-31.53,4.49
10763,0.61,-852.50,-32.24,-350.89,-114.52,4.49
10764,0.70,-465.42,-27.02,-125.59,-43.16,4.49
10765,0.41,-113.29,-20.97,-64.86,-37.47,4.49
10766,0.38,-700.33,-28.32,-293.76,-35.86,4.49
10767,0.59,-1051.54,-22.96,-258.99,-34.60,4.49
10768,0.71,-1174.81,-22.50,-275.42,-31.09,4.81
10769,0.39,-693.91,-28.82,-163.70,-115.52,4.81
10770,0.52,-885.58,-24.40,-197.44,-100.04,4.81
10771,0.29,-610.54,-27.50,-247.79,-134.30,4.81
10772,0.39,-700.64,-28.52,-263.35,-93.14,4.81
10773,0.38,-665.57,-34.93,-179.41,-52.70,4.81
10774,0.66,-665.14,-27.24,-233.46,-51.79,4.81
10775,0.30,-159.63,-22.25,-61.52,-28.61,4.81
10776,0.59,-706.58,-23.24,-255.47,-33.22,4.81
10777,0.37,-332.30,-27.57,-99.60,-39.61,4.49
10778,0.55,-642.83,-27.88,-196.30,-32.86,4.49
10779,0.57,-817.24,-26.40,-214.06,-39.72,5.45
10780,0.34,-128.70,-26.26,-45.46,-32.66,5.45
10781,0.55,-960.07,-23.96,-306.75,-130.56,5.45
10782,0.59,-785.19,-25.23,-275.99,-41.92,5.45
10783,0.42,-672.51,-22.78,-144.48,-25.46,5.13
10784,0.44,-560.72,-24.11,-103.80,-25.40,5.13
10785,0.77,-708.06,-24.99,-317.02,-359.10,4.81
10786,0.43,-785.92,-23.72,-149.09,-30.65,4.81
10787,0.38,-154.16,-24.36,-49.88,-27.27,4.81
10788,0.46,-838.19,-24.46,-187.62,-29.27,4.81
10789,0.75,-888.97,-29.73,-291.13,-113.72,4.49
10790,0.38,-152.99,-25.09,-55.05,-40.86,4.49
10791,0.68,-907.28,-22.97,-397.96,-112.72,4.49
10792,0.84,-520.48,-18.91,-155.15,-33.84,4.49
10793,0.48,-785.54,-24.74,-201.76,-32.54,4.49
10794,0.47,-772.51,-26.65,-253.52,-124.46,4.49
10795,0.37,-596.45,-28.36,-189.01,-31.87,5.13
10796,0.43,-360.10,-37.33,-123.78,-105.72,5.13
10797,0.66,-980.05,-25.57,-273.20,-37.92,5.13
10798,0.67,-829.32,-28.14,-208.09,-45.22,5.13
10799,0.66,-668.00,-30.85,-140.00,-44.84,5.13
10800,0.62,-878.93,-24.24,-267.63,-31.24,5.13
10801,0.33,-168.67,-21.67,-73.59,-30.05,5.13
10802,0.53,-512.67,-21.44,-113.89,-30.16,5.13
10803,0.39,-688.52,-25.67,-188.35,-30.60,5.13
10804,0.64,-792.55,-23.59,-151.35,-27.24,5.13
10805,0.45,-536.86,-28.07,-120.75,-30.72,5.13
10806,0.67,-785.69,-25.09,-268.11,-161.70,5.13
10807,0.50,-834.93,-28.07,-282.90,-103.50,5.13
10808,0.70,-1188.92,-24.62,-349.03,-31.96,5.13
10809,1.11,-577.30,-20.51,-146.16,-37.66,5.13
10810,0.51,-890.26,-32.93,-319.70,-132.71,5.13
10811,0.75,-996.23,-26.31,-408.75,-579.11,5.45
10812,0.71,-738.17,-23.34,-134.63,-38.68,5.45
10813,0.48,-811.38,-25.29,-222.56,-28.86,5.45
10814,0.50,-885.23,-28.33,-212.77,-114.98,5.13
10815,0.60,-881.69,-27.82,-301.83,-34.19,5.13
10816,0.51,-495.11,-17.75,-128.00,-34.79,5.13
10817,0.66,-1005.61,-29.76,-224.83,-33.51,5.13
10818,0.30,-289.41,-25.98,-99.13,-45.32,4.17
10819,0.48,-600.45,-32.19,-188.43,-129.94,5.77
10820,1.09,-628.48,-23.33,-114.75,-26.32,5.13
10821,0.41,-190.02,-28.62,-90.00,-40.46,5.13
10822,0.30,-579.86,-23.50,-139.05,-36.02,5.13
10823,0.49,-891.30,-26.90,-194.08,-37.81,5.13
10824,0.39,-593.03,-24.86,-190.04,-34.47,5.13
10825,0.51,-926.39,-24.21,-226.42,-31.23,5.45
10826,0.36,-692.36,-25.97,-289.11,-255.89,5.13
10827,0.48,-516.55,-25.07,-101.79,-34.66,5.13
10828,0.55,-580.61,-22.34,-121.14,-34.78,5.13
10829,0.68,-725.29,-29.07,-186.69,-31.91,5.13
10830,0.45,-288.18,-23.81,-78.15,-29.26,5.13
10831,0.53,-329.99,-26.12,-84.14,-34.18,5.13
10832,0.31,-286.70,-22.43,-92.40,-43.96,5.13
10833,0.30,-575.46,-20.22,-110.24,-30.08,5.13
10834,1.15,-1254.27,-27.65,-344.82,-98.60,5.13
10835,1.91,-133.55,-29.43,-62.66,-34.39,5.13
10836,0.42,-625.44,-24.30,-167.39,-92.53,4.81
10837,0.80,-691.72,-25.61,-137.36,-29.99,5.45
10838,0.64,-936.34,-24.87,-276.84,-32.08,5.45
10839,0.45,-824.86,-30.83,-218.64,-41.39,5.45
10840,0.44,-680.27,-33.27,-216.12,-45.64,5.45
10841,0.30,-562.15,-25.53,-192.33,-111.62,5.45
10842,0.51,-792.96,-25.85,-140.43,-31.34,5.45
10843,0.36,-669.28,-23.18,-256.95,-221.40,5.45
10844,0.36,-620.93,-25.15,-136.93,-32.92,5.13
10845,0.56,-984.22,-25.62,-302.39,-35.88,5.13
10846,0.47,-445.63,-24.33,-154.99,-31.82,5.45
10847,0.59,-362.51,-27.49,-81.19,-36.27,5.77
10848,0.41,-670.11,-22.03,-293.14,-137.68,5.77
10849,0.37,-159.32,-27.09,-55.63,-31.94,5.77
10850,0.54,-573.67,-28.94,-205.15,-100.13,5.77
10851,0.31,-31.62,-21.99,-27.25,-27.10,5.77
10852,0.30,-610.43,-23.74,-189.43,-31.03,5.77
10853,0.47,-693.81,-28.22,-277.85,-112.27,5.77
10854,0.36,-169.60,-28.15,-62.68,-32.64,5.77
10855,1.32,-615.37,-32.26,-196.76,-135.54,5.77
10856,0.53,-595.56,-26.87,-166.73,-111.80,5.77
10857,0.30,-364.52,-23.04,-152.34,-29.50,5.77
10858,0.58,-839.95,-29.40,-175.15,-38.96,5.45
10859,0.32,-587.06,-24.49,-186.44,-32.41,5.45
10860,0.93,-912.40,-20.12,-282.75,-32.89,6.09
10861,0.40,-667.74,-27.09,-298.31,-113.05,6.09
10862,0.59,-625.15,-26.31,-130.83,-32.21,6.09
10863,0.32,-607.98,-25.20,-113.20,-29.66,5.77
10864,0.43,-622.89,-32.57,-194.93,-34.84,5.45
10865,0.44,-359.72,-28.11,-97.58,-36.14,4.81
10866,0.55,-896.54,-23.80,-206.36,-42.58,4.17
10867,0.51,-734.88,-32.65,-293.55,-139.34,4.17
10868,0.42,-720.92,-27.64,-158.05,-38.67,4.17
10869,0.67,-944.36,-20.96,-536.86,-580.77,4.17
10870,0.31,-147.27,-25.65,-81.20,-113.35,4.17
10871,0.45,-694.04,-22.82,-226.16,-29.91,4.17
10872,0.38,-706.62,-28.52,-236.72,-143.55,4.17
10873,0.37,-142.48,-23.46,-44.74,-28.97,4.49
10874,0.33,-567.08,-21.16,-192.14,-42.75,4.17
10875,0.69,-980.24,-28.21,-420.26,-36.43,4.17
10876,0.50,-563.50,-29.26,-343.21,-477.46,4.17
10877,0.53,-771.43,-22.73,-302.92,-303.36,4.81
10878,0.35,-688.77,-22.84,-152.70,-29.85,4.81
10879,0.44,-700.19,-24.19,-297.13,-109.86,5.45
10880,0.71,-956.07,-25.39,-243.33,-33.63,5.45
10881,0.44,-129.10,-27.93,-45.46,-30.58,5.45
10882,0.31,-590.53,-27.60,-172.71,-36.00,5.45
10883,0.40,-114.58,-21.16,-41.87,-32.24,5.45
10884,0.40,-579.28,-25.27,-183.53,-33.81,5.45
10885,1.54,-1289.17,-27.04,-318.75,-37.56,5.77
10886,0.57,-619.34,-23.67,-112.89,-26.65,5.77
10887,0.65,-974.37,-27.64,-263.74,-99.13,6.09
10888,0.55,-982.36,-33.42,-306.20,-41.33,6.09
10889,0.81,-1080.45,-28.15,-292.10,-36.16,6.09
10890,0.38,-622.05,-28.25,-132.61,-35.60,6.09
10891,0.38,-680.06,-24.83,-211.79,-40.12,6.09
10892,0.49,-891.62,-24.50,-200.00,-30.13,6.09
10893,0.45,-350.50,-25.91,-95.16,-33.05,6.41
10894,0.70,-49.23,-24.73,-37.58,-37.83,6.41
10895,0.48,-136.30,-26.54,-66.19,-44.92,6.41
10896,0.78,-433.37,-17.03,-94.46,-39.65,6.41
10897,0.73,-357.45,-16.60,-103.57,-51.82,6.41
10898,0.58,-921.23,-24.38,-278.65,-114.77,6.41
10899,0.69,-836.15,-25.85,-422.83,-587.23,6.41
10900,1.01,-839.33,-22.92,-275.18,-54.31,6.41
10901,1.10,-358.32,-20.16,-90.06,-34.23,6.73
10902,0.56,-563.26,-22.65,-108.06,-31.59,6.73
10903,0.62,-887.53,-22.98,-228.19,-28.99,6.41
10904,0.57,-891.09,-23.34,-178.64,-51.15,6.41
10905,0.62,-935.66,-22.98,-165.86,-34.53,6.41
10906,0.70,-962.55,-15.44,-227.41,-58.59,6.41
10907,0.59,-804.32,-27.79,-161.83,-45.81,6.41
10908,0.64,-134.57,-30.06,-52.37,-43.26,6.09
10909,0.45,-355.81,-24.93,-79.81,-34.83,6.09
10910,0.52,-94.13,-27.57,-49.41,-40.26,6.09
10911,0.77,-569.56,-19.27,-123.49,-44.24,6.09
10912,0.64,-385.79,-36.55,-180.76,-138.42,6.09
10913,0.92,-1157.22,-21.96,-359.74,-46.77,6.41
10914,0.52,-368.98,-24.08,-96.58,-41.91,7.05
10915,0.79,-352.36,-26.99,-123.75,-38.36,7.05
10916,0.59,-565.57,-30.90,-124.13,-35.16,7.05
10917,0.43,-596.15,-25.86,-176.82,-49.44,7.05
10918,0.78,-358.80,-16.23,-77.65,-26.97,7.05
10919,0.51,-54.52,-19.96,-33.20,-28.18,7.05
10920,0.49,-42.74,-24.09,-34.50,-36.64,8.01
10921,0.84,-39.68,-19.77,-32.65,-31.92,8.01
10922,0.96,-1105.89,-40.60,-297.94,-135.43,8.01
10923,0.40,-543.68,-24.34,-108.69,-38.55,8.01
10924,0.95,-93.63,-26.90,-48.19,-36.18,8.01
10925,0.52,-131.90,-27.31,-49.72,-36.48,8.01
10926,0.53,-689.92,-17.69,-327.92,-265.12,8.01
10927,0.76,-637.13,-18.33,-135.82,-44.31,8.01
10928,0.59,-502.12,-23.67,-101.06,-39.02,8.01
10929,0.48,-633.65,-20.18,-120.22,-27.61,8.01
10930,0.54,-849.79,-20.71,-168.42,-33.93,5.77
10931,0.65,-1000.78,-18.61,-192.63,-46.96,5.45
10932,1.31,-1140.03,-22.99,-268.09,-33.50,5.45
10933,0.47,-107.19,-20.82,-43.41,-35.80,5.45
10934,0.66,-694.94,-33.75,-258.38,-129.24,5.45
10935,0.67,-597.69,-23.94,-126.91,-46.70,5.45
10936,0.76,-273.10,-30.62,-75.09,-43.79,5.45
10937,0.66,-843.99,-29.27,-168.01,-48.76,5.45
10938,0.55,-130.39,-22.20,-46.92,-32.05,5.45
10939,0.57,-939.67,-14.15,-201.25,-37.36,5.45
10940,0.58,-978.51,-30.18,-206.24,-45.42,5.45
10941,0.85,-902.97,-26.71,-198.31,-34.60,5.45
10942,1.09,-745.92,-40.24,-407.97,-458.71,5.45
10943,0.83,-566.66,-20.09,-239.63,-206.98,5.77
10944,0.65,-57.95,-27.87,-34.76,-31.81,5.77
10945,0.64,-582.06,-20.80,-148.92,-40.73,5.45
10946,0.51,-782.04,-27.01,-152.95,-33.18,5.45
10947,0.50,-43.59,-21.41,-30.50,-28.96,5.45
10948,1.47,-577.05,-31.85,-145.36,-59.21,5.13
10949,0.65,-1003.13,-23.10,-318.21,-113.96,5.13
10950,0.58,-1094.01,-21.58,-186.57,-39.19,4.81
10951,0.69,-949.03,-38.77,-347.01,-114.40,4.81
10952,0.86,-1144.37,-23.62,-357.15,-41.18,4.49
10953,0.59,-893.18,-31.41,-172.29,-40.22,4.49
10954,0.58,-325.96,-15.28,-109.33,-39.37,3.53
10955,0.43,-597.09,-26.02,-243.08,-168.98,4.17
10956,0.57,-706.68,-21.44,-219.71,-40.17,4.17
10957,0.66,-861.94,-30.26,-342.95,-38.00,4.17
10958,0.60,-859.20,-17.26,-160.29,-34.07,4.17
10959,0.55,-141.17,-26.35,-62.61,-40.10,4.17
10960,0.66,-1058.10,-28.49,-419.47,-141.07,6.09
10961,0.77,-53.94,-24.26,-33.99,-30.29,6.09
10962,0.38,-611.32,-20.33,-112.76,-27.61,6.09
10963,0.60,-483.65,-24.91,-124.60,-55.15,6.09
10964,0.67,-1037.55,-30.94,-192.72,-48.05,6.41
10965,0.50,-55.98,-21.77,-38.32,-36.82,6.41
10966,0.78,-890.81,-21.35,-157.16,-33.79,6.41
10967,0.56,-867.29,-28.88,-321.77,-136.44,6.41
10968,0.57,-940.85,-18.95,-259.66,-49.97,5.77
10969,0.99,-639.14,-31.45,-195.01,-114.87,5.77
10970,0.51,-897.56,-25.02,-239.13,-54.25,6.73
10971,0.63,-471.11,-28.69,-168.01,-41.74,5.77
10972,0.58,-830.45,-20.24,-176.53,-43.94,5.77
10973,0.65,-251.92,-27.43,-81.18,-40.14,4.81
10974,0.68,-577.56,-23.59,-144.91,-33.88,4.81
10975,0.46,-656.96,-22.79,-147.31,-40.29,4.81
10976,0.66,-346.00,-16.69,-82.44,-30.02,4.81
10977,1.18,-132.38,-21.46,-47.50,-33.06,4.81
10978,0.72,-125.86,-22.15,-45.75,-34.24,4.81
10979,0.61,-41.98,-34.14,-37.17,-35.45,4.81
10980,0.67,-601.10,-23.00,-189.30,-40.39,4.81
10981,0.48,-566.82,-18.94,-185.82,-37.00,4.81
10982,0.32,-587.13,-19.31,-209.40,-112.63,4.81
10983,0.78,-822.67,-21.07,-350.72,-282.47,4.81
10984,0.92,-362.03,-13.04,-90.39,-44.14,4.81
10985,0.52,-598.40,-18.88,-130.05,-53.95,4.81
10986,0.71,-537.30,-21.01,-120.74,-48.08,6.09
10987,0.55,-599.52,-34.47,-228.60,-114.86,6.09
10988,0.81,-58.39,-22.74,-37.97,-39.04,6.09
10989,0.45,-121.26,-21.99,-43.01,-32.44,6.09
10990,0.59,-44.49,-20.33,-32.07,-32.16,6.09
10991,0.49,-864.10,-28.04,-216.96,-37.83,6.09
10992,0.66,-921.84,-21.91,-275.43,-55.12,6.09
10993,0.52,-786.16,-21.44,-163.12,-56.89,6.73
10994,0.64,-671.64,-21.66,-133.73,-33.64,6.09
10995,0.57,-112.99,-22.20,-62.95,-59.06,6.73
10996,0.68,-42.46,-25.17,-34.47,-34.94,6.73
10997,0.64,-129.64,-19.26,-46.76,-40.95,6.41
10998,0.71,-970.07,-17.31,-161.45,-27.37,6.41
10999,0.59,-748.58,-28.51,-232.64,-46.09,6.41
11000,0.90,-136.01,-39.37,-58.83,-47.99,6.41
11001,0.60,-920.28,-30.73,-250.85,-37.63,6.41
11002,1.39,-583.43,-33.16,-124.22,-54.13,6.41
11003,1.29,-875.48,-27.26,-169.19,-46.32,5.77
11004,0.73,-667.36,-30.63,-155.69,-60.80,5.77
11005,0.70,-202.13,-15.48,-68.47,-36.41,5.77
11006,0.47,-131.20,-20.41,-43.51,-30.57,5.77
11007,0.60,-668.38,-22.85,-146.40,-38.07,5.77
11008,0.64,-51.49,-22.10,-33.46,-30.91,5.77
11009,0.50,-739.87,-23.66,-212.83,-34.97,5.13
11010,0.44,-771.60,-19.99,-175.84,-27.75,5.45
11011,0.70,-415.85,-23.06,-85.84,-33.90,5.45
11012,0.52,-409.12,-17.51,-143.46,-46.13,5.45
11013,0.63,-849.75,-24.49,-153.98,-38.53,5.45
11014,0.76,-1098.61,-23.82,-384.77,-407.69,5.45
11015,0.67,-381.09,-18.00,-97.52,-33.17,5.45
11016,0.68,-783.02,-26.44,-149.26,-44.93,5.45
11017,0.67,-114.75,-21.35,-47.11,-38.72,5.45
11018,0.58,-141.15,-25.35,-85.00,-112.71,5.45
11019,0.45,-545.38,-21.31,-107.92,-38.11,5.45
11020,0.54,-365.07,-21.70,-76.10,-26.46,5.45
11021,0.62,-594.95,-23.16,-185.35,-111.65,5.45
11022,0.67,-1007.32,-25.94,-249.97,-35.18,5.77
11023,0.66,-337.20,-27.04,-115.44,-70.55,5.77
11024,0.43,-535.43,-16.82,-103.46,-36.65,5.13
11025,0.85,-548.46,-30.23,-175.54,-42.84,5.13
11026,0.41,-575.69,-18.75,-273.95,-113.41,5.13
11027,0.61,-652.38,-22.00,-168.59,-78.97,5.13
11028,0.49,-281.87,-26.44,-98.37,-46.32,5.13
11029,0.65,-115.57,-36.55,-66.29,-55.64,5.13
11030,1.03,-131.90,-20.14,-59.78,-34.96,5.13
11031,0.47,-559.36,-23.62,-110.18,-40.48,5.13
11032,0.45,-574.28,-23.05,-143.85,-33.92,4.81
11033,0.56,-619.73,-21.08,-141.51,-33.14,4.81
11034,0.64,-565.53,-21.77,-126.67,-40.67,4.81
11035,1.13,-281.77,-32.52,-107.88,-106.26,3.53
11036,0.91,-1026.36,-33.36,-390.17,-356.61,4.81
11037,0.76,-1125.79,-25.95,-226.87,-71.97,4.81
11038,0.70,-773.92,-12.20,-212.73,-38.05,5.45
11039,0.55,-751.16,-30.01,-295.55,-44.05,5.45
11040,0.56,-253.90,-25.49,-65.62,-37.89,5.45
11041,0.63,-330.08,-19.30,-95.74,-55.76,5.45
11042,0.88,-504.63,-17.15,-115.98,-40.84,5.45
11043,0.49,-574.74,-38.83,-135.80,-47.83,5.77
11044,0.73,-538.47,-29.81,-110.82,-39.07,5.77
11045,0.53,-523.18,-31.02,-183.00,-44.86,4.17
11046,0.59,-977.02,-21.54,-223.84,-57.20,4.17
11047,0.33,-576.71,-25.03,-215.21,-130.48,4.17
11048,0.84,-878.45,-18.31,-334.97,-111.61,4.49
11049,0.61,-1236.41,-31.43,-458.62,-583.48,4.49
11050,1.11,-591.77,-26.70,-204.34,-44.35,5.45
11051,0.56,-112.54,-18.17,-55.08,-36.15,5.45
11052,0.45,-163.21,-25.81,-65.00,-42.55,5.13
11053,0.45,-42.72,-17.54,-28.07,-26.42,5.77
11054,0.56,-914.48,-15.60,-238.21,-34.48,5.77
11055,1.33,-110.96,-25.82,-44.96,-33.69,5.77
11056,0.50,-891.89,-16.02,-200.34,-45.85,5.77
11057,0.66,-619.13,-26.96,-272.52,-35.58,5.77
11058,0.59,-248.58,-17.67,-77.45,-42.79,5.77
11059,0.92,-58.63,-21.76,-37.13,-31.69,5.77
11060,0.68,-138.30,-28.51,-63.56,-38.95,5.77
11061,0.66,-595.40,-23.51,-141.21,-50.80,5.77
11062,0.47,-632.25,-23.52,-133.33,-40.98,5.45
11063,0.71,-689.81,-29.03,-169.90,-44.60,5.45
11064,1.00,-938.56,-28.99,-210.58,-41.60,5.45
11065,0.48,-641.11,-21.64,-206.47,-35.53,5.45
11066,0.53,-897.62,-30.42,-159.05,-37.77,5.45
11067,0.62,-984.90,-26.96,-330.89,-146.36,5.45
11068,0.49,-137.29,-18.56,-51.20,-41.45,5.45
11069,0.47,-345.72,-18.33,-78.84,-37.60,5.45
11070,0.84,-974.87,-23.84,-243.37,-38.78,5.45
11071,0.45,-628.39,-16.23,-186.99,-30.91,5.45
11072,0.46,-61.16,-26.36,-36.50,-33.62,5.45
11073,0.54,-948.37,-23.09,-182.05,-48.41,5.45
11074,0.61,-891.86,-41.08,-337.10,-110.92,5.45
11075,0.60,-996.84,-18.53,-171.12,-36.45,5.45
11076,0.40,-621.21,-28.92,-144.17,-57.28,5.45
11077,0.78,-1062.50,-31.54,-449.61,-501.26,4.81
11078,0.66,-926.65,-28.47,-263.57,-135.34,5.13
11079,0.56,-128.73,-26.41,-59.47,-41.29,5.13
11080,0.54,-919.69,-34.76,-278.41,-51.02,5.13
11081,0.47,-556.25,-20.26,-195.67,-47.92,5.13
11082,0.50,-667.55,-25.70,-222.64,-112.12,5.13
11083,0.52,-644.37,-27.34,-144.50,-40.37,5.13
11084,1.03,-955.33,-25.87,-194.04,-44.59,5.13
11085,1.11,-612.85,-26.13,-131.48,-60.67,5.13
11086,0.91,-758.29,-35.51,-201.61,-54.01,5.13
11087,0.46,-554.27,-26.82,-262.46,-135.86,5.13
11088,0.63,-938.09,-28.32,-379.44,-133.10,6.41
11089,0.62,-642.98,-32.72,-125.27,-38.08,6.73
11090,0.52,-850.78,-16.43,-386.00,-563.16,6.73
11091,0.69,-566.10,-26.92,-112.04,-34.51,6.73
11092,1.52,-111.81,-19.87,-48.10,-37.13,5.77
11093,0.59,-896.40,-16.68,-204.66,-46.87,5.77
11094,1.13,-672.64,-16.19,-140.78,-37.47,4.17
11095,0.65,-595.61,-32.98,-166.03,-130.13,4.17
11096,0.77,-902.42,-31.52,-321.26,-44.96,4.17
11097,0.45,-578.78,-14.33,-245.88,-201.76,4.17
11098,1.10,-607.41,-25.35,-166.71,-46.72,4.17
11099,0.52,-638.09,-30.67,-296.41,-130.18,4.81
11100,0.63,-892.75,-24.69,-310.76,-102.99,4.81
11101,0.64,-659.80,-37.40,-283.48,-49.34,4.81
11102,0.52,-797.23,-33.39,-331.13,-111.80,4.81
11103,0.92,-939.41,-27.33,-253.12,-42.61,4.81
11104,0.48,-807.46,-34.53,-228.02,-131.62,4.81
11105,1.02,-1055.54,-27.46,-392.65,-162.10,4.81
11106,0.54,-134.88,-38.57,-56.09,-43.05,4.81
11107,0.49,-824.10,-31.71,-264.85,-57.68,4.81
11108,0.74,-563.02,-19.14,-122.80,-37.68,4.81
11109,0.52,-582.40,-30.69,-125.93,-47.49,4.81
11110,0.53,-642.87,-29.62,-204.77,-46.52,4.81
11111,1.05,-659.86,-43.32,-338.04,-435.89,4.81
11112,0.46,-42.11,-23.26,-33.68,-33.17,4.81
11113,0.71,-789.01,-31.23,-145.65,-35.83,4.81
11114,0.85,-1408.12,-32.82,-255.22,-44.52,4.81
11115,0.55,-870.39,-30.48,-239.89,-43.92,4.81
11116,0.82,-49.08,-21.16,-37.03,-39.31,4.81
11117,0.67,-504.65,-25.80,-114.19,-47.89,4.81
11118,0.67,-967.87,-33.33,-392.74,-518.35,4.49
11119,0.53,-892.88,-26.75,-160.60,-42.65,4.49
11120,0.67,-496.65,-33.64,-170.03,-46.52,5.13
11121,0.60,-387.07,-26.76,-93.77,-42.35,4.81
11122,0.67,-953.41,-25.62,-270.97,-112.30,4.81
11123,0.84,-51.08,-28.09,-37.25,-36.47,4.81
11124,0.88,-998.64,-20.34,-284.39,-110.67,4.81
11125,0.69,-400.96,-34.94,-128.93,-97.46,5.13
11126,0.52,-386.58,-21.02,-88.45,-37.40,5.13
11127,0.67,-161.38,-20.55,-60.12,-39.11,5.13
11128,0.67,-354.11,-23.77,-90.72,-44.69,5.13
11129,0.62,-1037.95,-24.80,-386.20,-45.45,5.13
11130,0.52,-804.01,-19.14,-311.03,-56.81,6.09
11131,0.62,-55.98,-15.94,-33.72,-31.87,6.09
11132,0.67,-1158.30,-21.92,-351.27,-96.17,6.09
11133,0.60,-808.69,-12.58,-252.13,-55.03,6.09
11134,0.46,-594.08,-19.53,-165.84,-36.34,6.09
11135,0.64,-646.10,-26.59,-122.89,-36.53,6.09
11136,0.97,-666.59,-19.36,-151.98,-40.18,6.09
11137,0.89,-110.12,-20.89,-47.04,-38.98,5.13
11138,0.44,-114.99,-25.37,-45.60,-38.01,5.13
11139,0.65,-896.32,-35.54,-308.71,-136.52,5.13
11140,0.98,-56.14,-24.81,-40.54,-45.77,5.13
11141,0.60,-864.85,-34.45,-202.89,-123.29,5.13
11142,0.52,-900.35,-24.72,-281.49,-53.35,5.13
11143,0.54,-939.09,-37.84,-345.85,-76.28,5.13
11144,0.59,-556.44,-26.62,-161.44,-39.68,5.45
11145,0.54,-51.88,-27.49,-34.56,-31.69,5.45
11146,0.56,-815.75,-29.35,-152.05,-35.69,5.45
11147,0.85,-88.37,-18.28,-48.20,-41.23,5.45
11148,0.62,-934.71,-18.93,-254.13,-50.08,5.45
11149,0.85,-58.40,-11.42,-39.59,-39.07,5.45
11150,0.71,-909.20,-22.05,-172.57,-45.04,5.45
11151,0.52,-99.28,-17.22,-41.43,-29.92,5.45
11152,0.66,-852.67,-30.91,-187.54,-40.29,5.45
11153,0.81,-993.35,-38.73,-318.07,-51.05,5.45
11154,0.54,-922.98,-23.06,-215.50,-111.23,5.45
11155,0.45,-624.21,-26.04,-118.37,-34.18,6.73
11156,0.50,-46.43,-23.46,-36.21,-35.12,6.73
11157,0.74,-113.30,-27.70,-52.00,-42.44,6.73
11158,0.56,-893.97,-18.49,-163.60,-30.30,6.41
11159,1.06,-563.44,-30.85,-163.13,-49.77,6.41
11160,0.65,-111.71,-32.45,-62.97,-50.58,6.41
11161,0.57,-501.47,-16.32,-95.20,-31.34,6.41
11162,0.51,-387.34,-20.75,-93.42,-36.41,3.85
11163,0.43,-560.90,-25.58,-139.41,-42.63,3.85
11164,0.46,-700.01,-26.15,-315.74,-114.95,3.85
11165,0.51,-334.63,-36.85,-121.12,-114.66,3.85
11166,0.52,-995.93,-25.96,-185.35,-31.67,3.85
11167,0.68,-657.71,-21.08,-159.77,-110.27,3.85
11168,0.51,-882.03,-24.72,-317.88,-146.29,3.85
11169,0.50,-138.60,-24.21,-62.23,-40.41,3.85
11170,0.36,-604.50,-30.58,-202.87,-114.21,3.85
11171,0.46,-638.64,-24.48,-295.37,-139.94,4.49
11172,0.38,-115.04,-14.54,-45.61,-32.15,4.49
11173,0.57,-581.15,-18.50,-123.14,-37.09,4.49
11174,0.50,-40.26,-24.33,-33.91,-36.25,4.17
11175,0.51,-719.23,-29.18,-389.65,-543.33,4.17
11176,0.73,-916.39,-18.27,-386.42,-503.60,4.17
11177,0.40,-575.44,-24.23,-141.55,-60.00,4.81
11178,0.52,-562.31,-29.97,-259.87,-89.59,4.81
11179,0.86,-1044.70,-20.59,-192.19,-34.52,4.81
11180,0.69,-513.62,-13.23,-107.56,-38.48,4.81
11181,0.79,-618.44,-32.55,-236.00,-51.80,4.81
11182,1.51,-814.40,-23.31,-228.84,-38.14,4.49
11183,0.49,-274.47,-23.10,-68.37,-33.53,4.49
11184,0.65,-990.48,-22.50,-177.81,-25.57,4.49
11185,0.88,-843.33,-36.56,-424.89,-529.15,4.49
11186,0.79,-561.90,-28.44,-193.72,-41.03,4.81
11187,0.65,-627.31,-26.02,-215.75,-52.27,3.85
11188,0.53,-889.49,-19.30,-273.30,-141.09,3.85
11189,0.62,-872.89,-18.73,-238.43,-39.87,3.85
11190,1.11,-673.76,-36.01,-351.85,-387.95,3.85
11191,0.51,-827.19,-28.91,-304.45,-128.85,3.85
11192,0.72,-869.66,-17.21,-328.75,-130.58,5.13
11193,0.54,-701.10,-24.01,-142.79,-45.27,5.13
11194,0.48,-113.92,-25.72,-50.58,-38.37,4.49
11195,0.63,-654.55,-28.76,-240.28,-116.04,4.49
11196,0.54,-135.66,-21.36,-44.48,-31.28,4.49
11197,0.63,-1013.13,-23.67,-192.32,-51.29,4.81
11198,1.11,-841.99,-25.64,-265.72,-45.05,4.81
11199,0.68,-1133.01,-24.49,-200.20,-35.08,4.81
11200,0.60,-747.89,-32.77,-223.26,-38.85,3.85
11201,0.58,-608.41,-19.60,-133.42,-55.65,3.53
11202,0.65,-955.89,-30.79,-293.24,-45.21,3.53
11203,0.73,-897.39,-26.36,-192.56,-40.84,4.17
11204,0.49,-113.23,-27.55,-60.06,-44.11,4.17
11205,0.39,-268.46,-20.85,-83.59,-35.18,4.17
11206,1.35,-136.80,-14.60,-68.55,-58.49,4.17
11207,0.52,-664.02,-38.76,-230.80,-132.97,4.17
11208,0.46,-661.35,-28.01,-244.95,-45.10,4.17
11209,1.00,-165.67,-27.65,-74.92,-30.71,4.17
11210,0.98,-664.31,-33.83,-178.63,-41.03,4.17
11211,0.85,-534.56,-24.72,-193.11,-51.93,4.17
11212,0.53,-828.84,-30.67,-152.28,-40.00,4.17
11213,0.93,-621.62,-27.80,-131.65,-33.85,4.17
11214,0.75,-586.24,-23.40,-164.42,-40.93,4.17
11215,0.52,-766.43,-19.79,-223.42,-42.02,3.53
11216,0.42,-146.65,-30.38,-74.70,-42.11,3.53
11217,0.76,-806.29,-34.67,-444.25,-538.76,3.53
11218,0.83,-1008.74,-31.90,-494.45,-537.80,3.53
11219,0.36,-598.56,-29.14,-220.97,-134.35,3.53
11220,0.49,-784.42,-18.59,-301.64,-129.38,3.53
11221,0.51,-199.62,-26.49,-82.10,-41.21,3.53
11222,0.54,-609.97,-34.41,-193.38,-41.69,3.53
11223,0.67,-842.55,-31.08,-350.60,-389.63,4.49
11224,0.49,-665.18,-12.00,-179.83,-109.65,4.49
11225,0.47,-666.45,-32.40,-139.06,-39.50,4.81
11226,0.98,-602.33,-21.97,-198.78,-43.40,3.53
11227,0.43,-867.87,-21.45,-279.34,-126.77,3.53
11228,0.49,-578.50,-19.37,-162.31,-113.39,3.53
11229,1.14,-691.48,-24.20,-282.76,-38.61,5.13
11230,1.14,-151.74,-23.32,-48.97,-38.12,4.49
11231,0.56,-900.44,-27.95,-166.63,-47.63,4.49
11232,0.63,-929.72,-19.42,-297.48,-40.11,4.49
11233,0.53,-883.89,-31.34,-182.51,-42.67,3.85
11234,0.74,-650.60,-36.09,-212.49,-55.65,3.85
11235,1.04,-559.51,-25.53,-251.57,-53.05,3.85
11236,1.45,-920.41,-25.33,-191.80,-62.32,3.85
11237,0.96,-780.59,-23.91,-321.71,-43.82,3.85
11238,0.46,-617.30,-29.72,-264.24,-137.63,3.85
11239,0.51,-980.36,-24.29,-265.48,-46.53,3.85
11240,1.13,-581.61,-25.18,-120.63,-36.18,5.13
11241,0.50,-567.70,-25.54,-154.88,-43.71,4.17
11242,0.50,-563.47,-37.86,-199.08,-48.96,4.17
11243,1.39,-588.50,-36.27,-261.25,-133.01,4.17
11244,0.90,-991.27,-29.57,-213.35,-108.72,4.17
11245,0.65,-872.20,-23.46,-253.45,-49.49,4.17
11246,0.59,-613.64,-17.65,-118.41,-36.27,4.17
11247,0.76,-837.97,-34.16,-353.66,-133.52,4.17
11248,1.05,-596.47,-28.88,-192.63,-66.45,3.53
11249,0.75,-656.33,-23.61,-144.86,-37.33,3.53
11250,0.84,-890.72,-26.86,-465.14,-687.49,3.53
11251,0.62,-934.97,-21.42,-334.75,-137.96,3.53
11252,0.72,-638.92,-24.39,-230.01,-112.83,3.53
11253,0.43,-782.12,-27.36,-384.60,-581.86,3.53
11254,0.39,-605.68,-29.00,-226.44,-110.59,3.53
11255,0.71,-954.61,-25.65,-377.50,-139.30,3.53
11256,0.56,-892.80,-30.38,-222.88,-106.86,3.53
11257,0.69,-1015.70,-20.49,-193.05,-35.72,3.53
11258,0.56,-1058.52,-24.24,-268.88,-54.68,3.85
11259,0.46,-615.90,-27.36,-265.76,-49.36,3.85
11260,0.48,-874.13,-25.94,-241.77,-45.49,4.17
11261,0.70,-1042.29,-34.07,-403.30,-528.37,4.17
11262,0.62,-690.92,-38.54,-146.42,-46.31,4.17
11263,0.46,-849.13,-28.32,-377.27,-132.04,4.17
11264,0.57,-835.78,-26.17,-359.76,-114.14,4.17
11265,1.98,-686.69,-32.56,-452.53,-576.96,4.17
11266,0.93,-821.46,-20.95,-260.35,-112.35,3.85
11267,0.55,-590.23,-23.19,-319.30,-350.60,3.85
11268,0.51,-613.74,-23.83,-214.59,-112.94,3.85
11269,0.87,-806.95,-15.41,-206.53,-36.58,3.85
11270,0.77,-794.74,-29.79,-263.71,-43.05,3.85
11271,0.75,-966.66,-21.49,-457.60,-596.50,3.85
11272,0.55,-924.39,-31.99,-241.44,-46.13,3.85
11273,0.31,-587.58,-18.68,-210.79,-110.68,4.17
11274,0.48,-678.33,-32.57,-186.85,-52.20,4.17
11275,0.42,-827.11,-22.88,-325.34,-128.59,4.17
11276,0.69,-662.62,-34.32,-142.81,-47.37,4.17
11277,0.43,-814.73,-27.80,-360.36,-312.19,4.17
11278,0.96,-695.05,-18.85,-128.42,-36.04,4.17
11279,0.64,-757.72,-25.44,-400.26,-595.32,4.17
11280,1.01,-133.76,-23.78,-59.99,-52.70,4.17
11281,0.44,-348.84,-20.92,-135.99,-114.86,4.17
11282,0.75,-1115.03,-36.05,-465.77,-579.31,4.17
11283,0.39,-646.63,-19.79,-145.18,-41.60,4.17
11284,0.48,-557.84,-45.21,-221.64,-113.35,4.17
11285,0.61,-1195.04,-23.76,-407.81,-54.99,4.17
11286,0.28,-565.23,-22.03,-350.45,-514.79,4.17
11287,0.66,-776.90,-22.29,-318.18,-305.41,4.17
11288,0.65,-982.78,-26.75,-299.92,-34.72,4.49
11289,0.68,-1263.01,-24.10,-335.19,-74.41,4.49
11290,0.32,-580.13,-25.19,-270.72,-115.74,4.49
11291,0.48,-926.48,-36.63,-331.89,-126.34,4.49
11292,0.40,-550.38,-27.57,-200.75,-112.96,4.49
11293,0.50,-790.82,-20.38,-225.11,-41.60,4.49
11294,0.66,-1078.81,-24.11,-513.95,-687.32,4.49
11295,0.50,-829.79,-17.06,-194.26,-28.87,4.49
11296,0.47,-769.85,-23.76,-282.14,-120.14,4.49
11297,0.73,-537.79,-27.73,-133.42,-63.42,4.49
11298,0.39,-135.41,-25.04,-70.35,-31.35,4.49
11299,1.16,-508.44,-25.58,-156.18,-42.86,4.49
11300,0.71,-682.49,-26.78,-204.19,-38.73,4.49
11301,0.71,-892.33,-24.07,-385.25,-494.96,6.09
11302,0.72,-1213.93,-33.88,-310.87,-46.04,6.09
11303,0.47,-574.73,-26.99,-124.13,-31.83,6.09
11304,0.46,-33.24,-19.71,-28.05,-28.98,6.09
11305,0.61,-935.17,-21.53,-161.24,-30.99,6.09
11306,0.50,-790.31,-26.83,-142.74,-36.51,6.09
11307,0.40,-555.45,-19.51,-105.24,-30.97,6.09
11308,0.37,-614.84,-22.91,-126.36,-29.05,6.09
11309,0.44,-80.31,-25.65,-37.73,-32.63,6.09
11310,0.57,-815.24,-25.69,-266.95,-36.92,6.09
11311,0.40,-575.05,-22.23,-108.63,-32.53,6.09
11312,0.37,-693.50,-19.98,-168.93,-110.69,6.09
11313,0.36,-594.58,-23.38,-121.67,-33.88,6.09
11314,0.76,-799.18,-26.14,-222.15,-32.97,6.09
11315,0.43,-33.65,-23.83,-29.43,-29.18,6.09
11316,0.61,-830.49,-22.75,-146.96,-38.03,5.77
11317,0.32,-115.34,-22.91,-40.99,-30.32,5.77
11318,0.58,-870.62,-21.85,-320.22,-34.47,5.13
11319,0.61,-604.73,-23.99,-187.69,-44.74,6.41
11320,0.88,-559.52,-21.56,-108.15,-31.60,6.41
11321,1.38,-110.13,-22.07,-39.87,-26.93,6.41
11322,0.44,-577.02,-18.44,-188.63,-34.33,6.41
11323,0.44,-524.51,-23.49,-170.82,-33.81,6.41
11324,0.47,-597.88,-25.61,-201.03,-108.22,6.41
11325,0.41,-514.54,-28.54,-137.45,-108.00,6.41
11326,0.33,-550.19,-24.54,-125.19,-37.21,6.41
11327,0.44,-557.02,-25.87,-105.11,-27.29,6.41
11328,0.47,-499.17,-21.42,-104.46,-33.77,6.41
11329,0.47,-549.70,-28.76,-117.58,-36.70,6.41
11330,0.53,-558.15,-16.35,-113.12,-29.57,6.41
11331,0.43,-42.96,-25.20,-31.45,-28.56,6.41
11332,0.57,-43.25,-22.81,-29.25,-27.26,6.09
11333,0.40,-114.05,-21.96,-39.32,-25.99,5.13
11334,0.31,-584.30,-21.94,-124.97,-33.16,5.13
11335,0.56,-1006.90,-22.14,-338.42,-30.71,5.13
11336,0.37,-597.00,-21.30,-128.16,-35.67,5.13
11337,0.39,-700.60,-21.55,-126.58,-31.33,4.81
11338,0.41,-785.07,-25.03,-293.66,-35.81,4.81
11339,0.45,-565.94,-28.35,-216.18,-44.84,4.81
11340,0.45,-763.60,-22.09,-181.57,-112.32,4.81
11341,0.34,-580.37,-20.07,-184.04,-29.76,4.81
11342,0.77,-663.22,-19.72,-167.35,-34.35,4.81
11343,0.42,-694.31,-30.84,-171.88,-31.43,4.81
11344,0.33,-605.48,-26.66,-124.16,-31.78,5.13
11345,0.42,-577.87,-26.95,-126.92,-41.11,5.13
11346,0.83,-754.17,-25.79,-293.71,-50.48,5.13
11347,0.42,-578.66,-27.64,-109.16,-29.90,5.13
11348,0.33,-576.72,-33.83,-339.94,-552.40,5.13
11349,0.78,-488.07,-25.06,-110.37,-41.94,5.13
11350,0.41,-125.72,-28.81,-64.13,-45.51,5.13
11351,0.52,-896.51,-18.48,-244.18,-33.48,5.13
11352,0.37,-637.98,-29.22,-212.70,-39.56,5.13
11353,0.36,-353.89,-25.04,-95.22,-41.86,5.13
11354,0.48,-829.73,-22.79,-313.30,-56.52,5.13
11355,0.66,-1027.24,-24.01,-210.58,-110.46,5.13
11356,0.39,-113.86,-27.65,-56.73,-39.01,5.13
11357,0.43,-614.35,-22.70,-129.82,-33.82,5.13
11358,0.54,-836.43,-22.15,-216.80,-39.01,5.13
11359,0.32,-113.71,-20.48,-40.23,-26.00,5.13
11360,0.43,-564.74,-20.30,-120.71,-31.16,4.81
11361,0.76,-1293.70,-29.06,-212.68,-30.76,5.13
11362,0.91,-1283.12,-19.75,-310.72,-52.74,5.13
11363,0.44,-496.03,-20.06,-95.95,-30.53,5.13
11364,0.54,-826.46,-23.24,-441.00,-488.59,5.13
11365,0.65,-590.91,-27.33,-210.85,-113.33,5.13
11366,0.42,-474.26,-13.69,-96.45,-24.56,4.49
11367,0.51,-844.01,-30.16,-230.99,-37.60,4.49
11368,0.30,-576.10,-19.40,-172.28,-113.23,4.49
11369,0.52,-782.34,-19.57,-140.11,-38.10,4.49
11370,0.58,-740.54,-17.20,-267.17,-37.52,4.49
11371,0.59,-938.52,-23.47,-328.50,-27.55,4.49
11372,0.40,-495.15,-24.82,-259.30,-302.33,4.49
11373,0.39,-193.65,-16.87,-75.59,-37.62,4.49
11374,0.38,-556.64,-25.13,-189.46,-28.59,4.81
11375,0.33,-141.18,-22.43,-46.61,-30.98,4.81
11376,0.58,-880.86,-20.78,-310.73,-30.48,4.81
11377,0.37,-36.21,-23.44,-29.49,-27.68,4.81
11378,0.63,-39.28,-19.99,-28.92,-26.05,4.81
11379,0.75,-660.38,-24.51,-142.73,-27.73,4.81
11380,0.58,-945.50,-30.15,-307.59,-41.59,5.13
11381,0.48,-741.00,-21.08,-143.73,-36.88,5.13
11382,0.53,-806.25,-18.81,-219.86,-31.96,5.13
11383,0.43,-493.60,-26.11,-168.24,-29.84,5.13
11384,0.40,-617.84,-24.76,-193.02,-38.93,5.13
11385,0.33,-582.53,-19.10,-157.67,-39.86,5.13
11386,0.61,-40.46,-24.54,-30.91,-29.24,5.13
11387,0.56,-1049.36,-16.53,-239.86,-30.48,4.81
11388,0.62,-860.23,-18.92,-209.23,-32.51,4.81
11389,0.33,-599.91,-19.25,-121.23,-30.86,4.81
11390,0.73,-340.85,-19.86,-72.49,-29.22,4.81
11391,0.39,-145.15,-16.35,-58.55,-46.02,4.81
11392,0.45,-117.79,-19.90,-39.43,-27.18,5.77
11393,0.58,-460.39,-25.35,-93.03,-32.88,5.77
11394,0.45,-125.46,-27.13,-45.36,-29.16,5.77
11395,0.65,-1116.49,-19.97,-195.20,-28.36,4.81
11396,0.57,-935.82,-23.15,-314.82,-32.84,4.81
11397,0.51,-932.71,-22.26,-245.43,-35.24,4.81
11398,0.31,-561.58,-20.74,-134.00,-24.58,4.49
11399,0.73,-573.14,-25.06,-243.34,-72.82,4.49
11400,0.66,-960.11,-27.56,-311.21,-33.40,4.49
11401,0.32,-566.23,-23.46,-131.99,-35.68,4.49
11402,0.37,-287.59,-25.47,-81.98,-36.13,4.49
11403,0.47,-492.58,-21.96,-93.99,-30.23,4.49
11404,0.38,-137.51,-27.57,-66.07,-31.43,4.49
11405,0.53,-672.66,-26.63,-284.12,-191.83,4.81
11406,0.98,-661.20,-25.17,-327.49,-321.24,5.45
11407,0.65,-84.06,-24.80,-41.35,-37.07,5.13
11408,1.16,-973.93,-21.09,-275.98,-37.07,5.13
11409,0.44,-804.61,-20.98,-156.46,-27.16,5.13
11410,0.81,-38.66,-26.02,-30.57,-29.06,5.13
11411,0.58,-563.54,-19.52,-235.32,-46.59,5.13
11412,1.04,-862.68,-30.07,-246.33,-111.85,5.13
11413,0.37,-683.10,-25.50,-241.83,-89.01,5.13
11414,0.56,-1014.82,-22.49,-263.42,-43.19,5.13
11415,0.31,-139.42,-24.65,-58.33,-30.51,5.13
11416,0.51,-917.36,-28.65,-263.25,-90.32,5.13
11417,0.74,-725.17,-26.61,-168.33,-39.23,5.13
11418,0.91,-757.62,-26.50,-282.51,-41.16,5.13
11419,0.34,-579.86,-18.61,-121.82,-28.48,5.13
11420,0.62,-974.83,-25.94,-274.40,-115.34,5.13
11421,0.47,-43.42,-21.26,-30.65,-30.11,5.13
11422,0.35,-557.75,-17.55,-117.82,-33.09,5.13
11423,0.42,-562.81,-24.21,-109.90,-34.28,5.45
11424,0.58,-896.89,-21.94,-274.86,-30.03,5.45
11425,0.33,-142.47,-23.51,-59.90,-30.62,5.45
11426,0.40,-557.34,-21.18,-212.35,-38.07,5.45
11427,0.40,-610.66,-25.98,-147.21,-33.22,5.45
11428,0.58,-912.95,-18.68,-237.26,-31.37,5.45
11429,0.41,-561.07,-31.23,-196.84,-38.88,5.45
11430,0.49,-47.29,-21.72,-33.20,-29.60,5.45
11431,0.45,-554.30,-24.17,-139.76,-33.99,5.45
11432,0.80,-1125.04,-24.84,-289.73,-101.72,5.45
11433,0.67,-1180.23,-26.76,-197.43,-35.60,5.45
11434,0.33,-566.68,-20.79,-105.25,-29.63,5.45
11435,0.41,-112.47,-23.28,-48.85,-32.77,5.45
11436,0.38,-296.60,-17.57,-66.76,-32.58,5.45
11437,0.40,-129.62,-17.79,-39.75,-26.73,5.45
11438,0.63,-508.30,-18.14,-170.57,-48.54,5.45
11439,0.41,-562.09,-24.22,-190.10,-27.21,5.45
11440,0.91,-328.51,-25.18,-89.41,-35.81,5.45
11441,0.35,-36.86,-21.23,-28.28,-28.33,4.17
11442,0.42,-137.90,-26.64,-46.62,-32.30,4.17
11443,0.34,-591.55,-17.21,-139.50,-30.69,4.17
11444,0.36,-659.31,-26.46,-136.63,-39.26,4.81
11445,0.44,-327.44,-22.87,-70.06,-28.57,4.49
11446,0.29,-138.02,-24.24,-98.18,-111.26,4.49
11447,0.52,-950.40,-23.09,-161.77,-30.78,4.49
11448,0.89,-576.66,-26.98,-166.85,-48.46,4.49
11449,0.35,-569.53,-20.82,-186.79,-27.27,5.45
11450,0.65,-1104.53,-23.17,-184.76,-30.24,5.45
11451,0.37,-144.84,-21.56,-69.21,-42.33,5.45
11452,0.38,-140.61,-28.97,-54.93,-35.34,5.45
11453,0.50,-566.90,-21.33,-187.12,-40.00,5.45
11454,0.42,-115.21,-28.59,-69.38,-41.29,5.45
11455,0.34,-102.52,-18.15,-37.19,-25.56,5.45
11456,0.75,-375.11,-23.00,-116.10,-107.31,5.45
11457,0.46,-571.32,-23.48,-115.49,-35.83,4.81
11458,0.41,-106.70,-25.19,-40.57,-28.37,4.81
11459,0.40,-693.72,-27.12,-224.97,-90.68,4.81
11460,0.45,-104.31,-25.08,-40.08,-29.36,4.81
11461,0.49,-570.34,-26.14,-140.66,-46.61,4.81
11462,0.45,-826.25,-22.54,-250.80,-114.60,4.81
11463,0.48,-756.56,-26.36,-222.61,-30.80,4.81
11464,0.43,-706.20,-23.49,-210.83,-36.28,4.81
11465,0.61,-1102.02,-32.26,-322.94,-41.08,4.81
11466,0.78,-1063.15,-20.96,-254.40,-30.16,4.81
11467,0.46,-580.11,-21.62,-126.10,-35.96,4.81
11468,0.67,-873.85,-25.08,-382.32,-35.18,4.17
11469,0.85,-607.20,-28.56,-197.95,-33.81,4.17
11470,0.92,-317.27,-23.36,-79.49,-37.44,4.17
11471,0.73,-1198.34,-29.47,-370.09,-121.42,4.17
11472,0.50,-398.55,-24.39,-102.13,-41.54,4.17
11473,0.60,-919.68,-19.84,-201.20,-33.29,4.17
11474,0.62,-589.45,-24.39,-173.21,-134.94,4.17
11475,0.66,-172.09,-32.64,-72.51,-36.18,4.17
11476,0.46,-884.57,-21.21,-162.12,-31.36,4.17
11477,0.37,-586.17,-18.21,-149.83,-29.95,4.17
11478,0.75,-1195.24,-25.09,-503.37,-394.44,4.17
11479,0.77,-814.67,-25.09,-198.66,-31.37,4.17
11480,0.55,-941.02,-25.87,-239.87,-38.81,4.17
11481,0.31,-112.57,-20.92,-41.34,-30.24,4.17
11482,0.49,-394.85,-22.94,-107.34,-60.44,4.17
11483,0.51,-872.63,-21.90,-364.91,-515.77,4.17
11484,0.50,-728.51,-25.64,-134.83,-34.44,4.49
11485,0.32,-615.74,-27.49,-278.01,-35.00,4.81
11486,0.40,-559.73,-22.97,-184.06,-38.59,4.81
11487,0.47,-793.19,-29.30,-326.20,-60.82,4.81
11488,0.77,-1152.77,-25.82,-436.72,-564.24,4.49
11489,0.44,-51.43,-24.30,-33.70,-28.36,4.49
11490,0.43,-532.97,-19.46,-148.26,-29.98,4.17
11491,0.42,-132.55,-20.37,-42.89,-29.12,4.17
11492,0.68,-611.52,-24.96,-199.96,-34.76,4.17
11493,0.44,-596.12,-17.05,-189.37,-89.49,4.17
11494,0.40,-553.12,-23.12,-142.08,-34.59,3.53
11495,0.45,-917.46,-26.41,-332.11,-38.31,3.53
11496,0.84,-473.68,-29.16,-204.40,-82.38,3.53
11497,0.52,-821.95,-23.50,-263.15,-113.98,3.53
11498,0.77,-860.34,-30.06,-324.69,-136.00,3.53
11499,0.48,-778.86,-27.60,-159.42,-32.39,4.17
11500,0.71,-1034.48,-20.43,-276.91,-111.71,4.17
11501,0.31,-105.86,-24.66,-38.68,-27.00,4.17
11502,0.38,-373.26,-25.29,-118.98,-97.11,4.17
11503,0.49,-674.05,-26.73,-140.32,-35.12,4.81
11504,0.56,-589.16,-26.92,-124.26,-34.43,5.45
11505,0.80,-1358.60,-26.41,-400.36,-114.83,5.45
11506,0.40,-578.57,-24.93,-128.60,-50.55,5.45
11507,0.44,-577.89,-24.71,-108.44,-30.31,5.45
11508,0.65,-904.49,-21.48,-280.18,-39.62,5.45
11509,0.32,-138.73,-19.95,-45.29,-26.97,5.45
11510,0.75,-705.35,-25.84,-242.20,-55.45,5.45
11511,0.52,-742.05,-19.40,-202.19,-35.35,5.13
11512,0.57,-919.08,-27.88,-334.31,-143.89,5.13
11513,0.51,-865.40,-22.80,-228.42,-29.53,5.13
11514,0.35,-584.28,-21.30,-109.40,-29.57,5.13
11515,0.55,-960.02,-29.14,-274.94,-34.58,5.13
11516,0.48,-877.51,-26.22,-180.85,-40.88,5.13
11517,0.94,-561.76,-19.82,-121.06,-40.25,5.13
11518,0.40,-626.69,-25.57,-224.85,-40.08,5.13
11519,0.40,-725.52,-24.36,-139.66,-29.72,5.13
11520,0.44,-768.60,-26.08,-241.69,-75.08,5.13
11521,0.69,-975.15,-24.65,-428.41,-578.65,5.13
11522,0.49,-692.40,-25.04,-125.52,-33.04,5.13
11523,0.77,-626.54,-23.31,-167.50,-26.50,5.13
11524,0.61,-894.05,-24.61,-405.92,-113.31,4.17
11525,0.51,-775.71,-25.81,-261.57,-34.73,4.17
11526,0.58,-702.18,-21.77,-313.50,-40.21,4.81
11527,0.50,-779.45,-24.92,-273.24,-130.24,4.81
11528,1.11,-894.88,-22.69,-280.09,-38.87,6.09
11529,0.55,-913.34,-22.49,-288.23,-113.04,5.13
11530,0.93,-1318.88,-23.33,-214.47,-30.99,5.13
11531,0.35,-582.56,-19.53,-107.77,-30.72,5.77
11532,0.44,-676.99,-22.17,-212.59,-28.72,5.77
11533,0.49,-320.48,-22.35,-96.18,-42.30,5.45
11534,0.44,-760.31,-26.91,-311.02,-29.06,5.45
11535,0.56,-658.29,-27.36,-201.02,-37.43,5.45
11536,0.33,-144.12,-21.84,-61.28,-33.85,5.45
11537,0.53,-677.04,-23.82,-212.32,-42.56,5.45
11538,0.58,-582.89,-22.35,-208.70,-114.60,3.85
11539,0.45,-744.21,-21.34,-189.48,-28.73,3.85
11540,0.43,-778.78,-23.69,-257.80,-44.20,3.85
11541,0.55,-907.21,-20.56,-267.30,-34.89,4.81
11542,0.67,-872.06,-28.74,-403.84,-574.78,4.81
11543,0.72,-1385.09,-20.80,-376.49,-38.42,5.77
11544,0.85,-960.26,-27.37,-166.17,-31.72,6.73
11545,0.49,-870.88,-22.52,-162.09,-33.99,6.41
11546,0.35,-319.74,-23.18,-109.69,-35.57,6.41
11547,0.47,-739.52,-27.22,-147.05,-30.01,6.41
11548,1.00,-481.22,-19.22,-114.36,-29.23,6.09
11549,0.87,-431.22,-26.04,-116.86,-45.49,5.45
11550,0.47,-671.79,-26.38,-233.63,-112.44,5.13
11551,0.41,-611.80,-24.50,-163.03,-36.94,5.13
11552,0.52,-829.68,-23.49,-249.44,-28.64,6.09
11553,0.56,-919.50,-15.11,-155.06,-28.63,6.09
11554,0.44,-472.35,-22.08,-143.10,-35.89,5.13
11555,0.43,-580.65,-20.25,-223.94,-32.91,5.13
11556,0.46,-227.37,-23.72,-69.56,-26.12,5.13
11557,0.39,-157.32,-24.60,-71.39,-38.57,5.13
11558,0.61,-112.78,-21.69,-40.66,-29.38,5.13
11559,0.58,-976.22,-25.40,-388.70,-113.02,5.13
11560,0.56,-825.22,-27.27,-154.78,-29.26,5.13
11561,0.59,-1000.88,-26.55,-370.70,-36.09,5.45
11562,0.42,-112.65,-27.06,-45.84,-33.73,5.45
11563,0.47,-289.48,-26.18,-68.68,-35.12,6.41
11564,0.58,-842.36,-22.10,-207.61,-33.41,6.41
11565,0.85,-783.78,-17.93,-236.69,-40.24,6.41
11566,0.63,-858.25,-28.88,-378.30,-528.80,6.41
11567,0.42,-593.49,-29.73,-128.57,-43.35,6.41
11568,0.37,-42.26,-22.53,-30.90,-30.26,6.41
11569,0.50,-626.19,-26.46,-338.24,-482.11,6.41
11570,0.45,-761.76,-25.17,-162.55,-45.40,6.41
11571,0.99,-596.02,-24.02,-144.82,-29.90,6.41
11572,0.44,-50.72,-21.96,-33.28,-28.40,6.41
11573,0.52,-40.50,-20.81,-28.10,-26.63,6.41
11574,0.37,-136.40,-20.71,-46.70,-34.04,6.41
11575,0.35,-113.22,-19.03,-41.08,-30.40,6.41
11576,0.36,-311.98,-20.14,-143.90,-140.64,6.41
11577,0.65,-998.96,-30.81,-346.49,-33.23,6.41
11578,0.56,-904.90,-21.54,-190.26,-29.86,6.41
11579,0.41,-250.32,-20.01,-61.37,-30.55,6.41
11580,0.65,-771.35,-24.08,-328.63,-114.05,6.41
11581,1.04,-115.87,-21.64,-52.37,-32.00,6.09
11582,0.41,-565.46,-28.28,-122.73,-32.67,5.13
11583,0.31,-142.18,-19.67,-55.98,-25.62,5.13
11584,0.72,-106.36,-28.23,-45.37,-37.65,6.41
11585,0.35,-534.79,-22.72,-119.00,-35.05,6.41
11586,0.53,-348.80,-23.07,-167.02,-224.07,6.41
11587,0.57,-287.94,-26.76,-82.69,-39.68,6.41
11588,0.48,-307.35,-23.73,-80.50,-29.33,6.41
11589,0.58,-43.42,-25.65,-30.91,-28.11,6.41
11590,0.91,-469.88,-21.11,-138.02,-33.36,6.41
11591,0.49,-310.45,-21.26,-100.57,-29.22,6.41
11592,0.95,-363.76,-23.38,-78.32,-29.75,5.77
11593,0.47,-329.94,-22.75,-98.56,-30.65,5.77
11594,0.59,-684.97,-22.10,-280.42,-46.55,5.77
11595,0.64,-1149.99,-25.62,-245.36,-117.46,5.77
11596,0.39,-548.74,-28.11,-126.61,-39.01,5.77
11597,0.43,-750.14,-20.42,-163.25,-67.91,5.77
11598,0.41,-583.07,-24.23,-111.63,-26.75,6.09
11599,0.97,-337.20,-26.96,-88.69,-31.27,6.41
11600,0.60,-940.95,-21.98,-203.92,-31.26,6.41
11601,0.59,-835.54,-25.38,-223.42,-30.59,6.41
11602,0.48,-730.64,-20.45,-128.44,-29.68,6.41
11603,0.49,-45.03,-18.06,-29.87,-31.89,6.41
11604,0.54,-336.48,-27.05,-82.93,-35.22,6.41
11605,0.38,-93.50,-26.98,-45.07,-37.40,5.77
11606,0.47,-137.80,-25.64,-46.61,-28.04,5.77
11607,0.42,-116.26,-20.89,-39.84,-28.44,5.77
11608,0.72,-1309.04,-28.25,-437.68,-44.19,5.77
11609,0.69,-710.27,-23.40,-267.45,-176.31,5.77
11610,0.71,-1139.81,-28.76,-222.91,-40.13,5.77
11611,0.43,-671.11,-30.52,-138.81,-41.28,5.77
11612,0.61,-748.62,-24.89,-220.18,-45.98,5.13
11613,0.49,-467.67,-30.90,-124.38,-48.31,5.13
11614,0.36,-704.91,-22.42,-162.27,-87.72,5.13
11615,0.48,-834.73,-29.52,-199.86,-33.69,4.81
11616,0.48,-106.35,-22.35,-42.40,-32.31,5.45
11617,0.50,-327.75,-20.27,-113.12,-33.49,5.45
11618,0.79,-958.18,-20.29,-263.25,-36.38,5.45
11619,0.36,-589.25,-28.34,-112.29,-31.29,5.45
11620,0.32,-42.28,-24.66,-32.40,-33.38,5.45
11621,0.46,-704.57,-24.29,-243.30,-35.57,5.45
11622,0.38,-561.62,-22.57,-121.43,-36.19,5.45
11623,0.93,-823.62,-22.98,-185.61,-29.68,5.45
11624,1.07,-675.83,-27.46,-280.24,-114.12,5.45
11625,0.44,-132.69,-26.47,-48.90,-31.88,5.45
11626,1.01,-940.73,-31.32,-269.21,-213.71,6.73
11627,0.82,-125.99,-24.31,-43.13,-26.52,6.73
11628,0.42,-711.06,-22.71,-140.71,-31.60,6.73
11629,0.57,-859.59,-20.87,-330.56,-35.81,5.77
11630,0.44,-689.16,-35.99,-158.14,-64.58,5.77
11631,0.56,-244.71,-22.25,-81.32,-35.39,5.77
11632,0.60,-293.25,-25.18,-111.96,-42.25,5.77
11633,0.54,-154.40,-26.41,-54.15,-32.14,6.73
11634,0.62,-762.77,-21.87,-134.35,-31.25,5.77
11635,0.55,-274.84,-23.29,-79.59,-38.33,5.77
11636,0.51,-898.82,-25.34,-185.58,-43.97,5.77
11637,0.56,-568.43,-20.20,-110.73,-34.64,5.77
11638,0.58,-901.48,-19.74,-156.02,-32.71,5.77
11639,0.53,-849.51,-22.45,-276.53,-37.33,5.13
11640,0.78,-1010.01,-26.65,-315.47,-223.58,5.13
11641,0.55,-570.16,-29.50,-193.25,-117.52,5.13
11642,0.69,-1000.39,-18.36,-250.61,-30.82,5.45
11643,0.53,-855.91,-15.86,-244.35,-29.49,5.45
11644,0.40,-124.48,-13.46,-41.45,-33.57,4.49
11645,0.52,-146.54,-23.16,-50.50,-29.50,4.49
11646,0.55,-923.17,-18.84,-184.63,-38.67,4.49
11647,0.47,-503.00,-28.51,-113.91,-37.05,4.81
11648,0.65,-478.78,-25.14,-156.28,-115.36,5.13
11649,0.71,-206.96,-21.36,-80.67,-35.33,5.13
11650,0.50,-834.82,-25.61,-156.12,-33.41,5.13
11651,0.42,-308.05,-23.43,-83.93,-32.13,5.13
11652,0.35,-573.54,-30.21,-196.64,-32.23,5.13
11653,0.48,-608.00,-22.02,-192.52,-32.60,4.81
11654,1.34,-114.01,-18.91,-42.73,-34.07,4.81
11655,1.30,-596.40,-21.08,-107.56,-24.55,4.81
11656,0.33,-198.57,-19.46,-63.33,-31.13,4.81
11657,0.68,-977.02,-26.77,-311.75,-31.77,4.81
11658,0.69,-600.64,-21.53,-158.04,-52.93,4.81
11659,0.48,-603.31,-27.84,-156.19,-44.58,4.81
11660,0.62,-1052.90,-23.31,-266.56,-53.83,5.45
11661,1.08,-605.08,-34.11,-331.75,-386.60,5.45
11662,0.70,-643.97,-27.52,-156.52,-39.00,5.45
11663,0.66,-937.07,-28.46,-180.60,-34.29,6.09
11664,0.40,-604.80,-25.02,-110.87,-27.09,6.41
11665,0.36,-42.40,-17.88,-28.97,-28.58,6.41
11666,0.56,-900.52,-21.28,-200.97,-42.08,6.41
11667,0.47,-138.47,-18.29,-41.82,-27.44,6.41
11668,0.40,-131.54,-25.39,-48.72,-34.80,6.41
11669,0.92,-549.92,-24.32,-148.27,-34.26,6.41
11670,0.65,-971.38,-28.73,-166.48,-32.17,6.41
11671,0.42,-149.96,-25.91,-51.11,-33.54,6.41
11672,0.53,-767.07,-23.74,-184.48,-46.68,6.41
11673,0.40,-40.66,-18.15,-32.36,-33.30,6.41
11674,0.99,-346.78,-19.89,-122.08,-34.58,7.05
11675,0.43,-242.72,-22.59,-77.60,-42.63,6.41
11676,0.63,-870.06,-18.68,-187.88,-29.81,6.09
11677,0.45,-42.61,-21.94,-31.97,-33.42,6.09
11678,0.73,-879.19,-19.16,-243.74,-46.05,6.09
11679,0.45,-112.31,-18.51,-37.66,-25.58,6.09
11680,0.46,-97.33,-13.49,-36.78,-26.02,6.09
11681,0.64,-1127.26,-15.57,-225.40,-42.41,6.09
11682,0.44,-138.36,-30.01,-83.90,-108.11,6.09
11683,0.57,-985.40,-23.04,-261.01,-41.16,6.09
11684,0.56,-281.34,-28.78,-73.20,-39.54,6.09
11685,0.77,-83.20,-22.83,-41.66,-39.27,5.77
11686,0.82,-305.29,-26.96,-74.59,-37.91,5.77
11687,0.96,-631.16,-25.31,-210.06,-115.29,5.77
11688,0.58,-799.60,-19.28,-215.24,-33.44,5.45
11689,0.50,-842.34,-22.95,-231.35,-37.87,5.45
11690,0.51,-318.43,-18.56,-108.58,-32.28,5.77
11691,0.68,-133.06,-22.30,-62.72,-43.96,5.77
11692,0.41,-557.96,-16.96,-147.16,-34.90,5.77
11693,0.42,-511.29,-23.05,-98.67,-33.34,5.77
11694,0.42,-138.98,-27.40,-67.51,-33.61,5.13
11695,0.72,-158.73,-15.28,-45.68,-24.84,5.13
11696,0.43,-171.80,-20.63,-48.05,-26.39,5.13
11697,0.51,-846.20,-19.74,-232.76,-30.60,5.13
11698,0.47,-43.88,-19.84,-33.96,-32.11,5.13
11699,0.64,-625.41,-22.84,-116.94,-36.55,5.13
11700,0.74,-611.26,-22.40,-218.33,-58.09,5.13
11701,0.45,-516.10,-26.36,-112.16,-34.15,5.13
11702,0.50,-115.75,-27.89,-58.43,-36.28,5.77
11703,0.55,-500.87,-19.64,-93.16,-23.84,5.77
11704,0.53,-518.03,-25.01,-102.92,-35.41,6.09
11705,0.34,-226.08,-18.64,-79.75,-30.97,6.09
11706,0.50,-935.88,-17.40,-194.39,-26.73,6.09
11707,0.58,-1021.81,-19.07,-175.35,-31.60,6.09
11708,0.53,-827.99,-23.14,-226.12,-29.46,6.09
11709,0.47,-608.62,-22.85,-190.09,-40.14,4.81
11710,0.41,-110.04,-23.00,-41.00,-27.88,4.81
11711,0.58,-1048.37,-25.15,-202.09,-42.20,4.81
11712,0.58,-137.15,-26.73,-51.64,-39.76,4.81
11713,0.43,-342.00,-19.54,-78.13,-34.01,5.13
11714,0.42,-555.11,-25.99,-178.60,-110.16,5.13
11715,0.34,-335.37,-28.04,-146.48,-114.20,5.13
11716,1.02,-1007.56,-22.31,-286.83,-135.45,5.13
11717,0.68,-1007.93,-23.77,-185.59,-39.16,5.45
11718,0.52,-935.31,-18.51,-383.87,-499.35,4.49
11719,0.42,-717.22,-32.19,-150.20,-41.79,4.49
11720,0.62,-890.59,-28.73,-345.90,-42.83,6.73
11721,0.51,-41.27,-28.46,-32.91,-30.69,6.73
11722,0.63,-42.40,-22.79,-29.79,-26.11,7.05
11723,0.35,-135.17,-28.10,-71.62,-43.02,7.05
11724,0.55,-114.31,-25.37,-44.91,-37.17,7.05
11725,0.68,-1013.06,-20.85,-185.71,-28.28,4.17
11726,0.71,-117.44,-15.56,-41.24,-29.14,4.17
11727,0.40,-668.32,-20.99,-255.15,-137.11,4.81
11728,0.69,-639.40,-26.60,-254.31,-49.40,4.81
11729,0.48,-814.16,-21.27,-185.76,-28.01,5.13
11730,0.38,-687.85,-21.45,-201.18,-30.69,5.13
11731,0.40,-39.76,-17.89,-26.95,-22.49,4.49
11732,0.40,-169.80,-29.10,-82.86,-41.36,4.49
11733,0.52,-924.13,-29.93,-251.10,-37.46,5.13
11734,0.52,-888.97,-25.43,-159.51,-30.89,4.17
11735,0.51,-663.38,-20.74,-203.07,-39.40,4.17
11736,0.57,-864.14,-25.57,-464.35,-609.06,4.17
11737,0.59,-980.47,-25.78,-330.36,-337.39,4.17
11738,0.55,-893.64,-25.96,-158.24,-33.84,4.81
11739,0.49,-876.62,-23.01,-230.65,-32.37,4.81
11740,0.71,-1182.68,-30.97,-217.83,-38.26,4.81
11741,0.35,-594.14,-27.40,-142.00,-37.74,4.81
11742,0.58,-830.67,-27.60,-230.03,-41.68,4.81
11743,0.81,-1028.14,-24.38,-376.62,-288.03,4.81
11744,0.66,-574.91,-21.28,-191.08,-30.18,4.81
11745,0.47,-563.57,-35.12,-123.68,-38.70,4.81
11746,0.43,-219.25,-29.52,-67.18,-44.10,4.81
11747,0.52,-866.22,-25.18,-150.64,-34.88,4.81
11748,0.45,-597.34,-29.02,-203.86,-41.12,4.81
11749,0.51,-835.92,-30.10,-195.34,-35.39,4.81
11750,0.43,-349.67,-23.84,-154.15,-137.89,4.81
11751,0.57,-989.56,-26.95,-405.81,-136.60,4.81
11752,0.49,-803.99,-31.77,-275.46,-54.55,5.77
11753,0.70,-857.43,-28.75,-154.06,-42.25,5.77
11754,0.42,-115.25,-18.31,-46.39,-35.47,5.77
11755,0.66,-335.34,-16.63,-102.64,-75.67,5.77
11756,0.54,-986.02,-20.64,-392.90,-142.35,5.77
11757,0.43,-227.27,-26.98,-79.63,-42.07,5.77
11758,0.71,-613.84,-22.69,-112.71,-30.24,5.77
11759,0.45,-184.13,-28.77,-85.06,-64.19,5.77
11760,0.88,-862.32,-31.91,-257.48,-113.96,5.77
11761,0.68,-1053.07,-22.75,-238.37,-39.68,5.77
11762,0.45,-80.00,-21.12,-39.58,-31.61,5.45
11763,0.63,-666.29,-21.63,-235.26,-112.27,5.45
11764,0.77,-1069.57,-15.83,-376.74,-116.56,5.45
11765,0.43,-47.23,-18.00,-32.63,-34.21,5.13
11766,0.66,-921.38,-25.38,-391.48,-40.55,5.13
11767,0.47,-306.36,-14.19,-72.71,-34.47,5.13
11768,0.60,-657.57,-20.70,-140.27,-45.61,5.13
11769,0.67,-1059.68,-25.28,-397.71,-114.53,4.49
11770,0.56,-908.85,-29.27,-351.53,-130.10,4.49
11771,0.88,-386.06,-20.77,-118.19,-27.12,4.49
11772,0.71,-954.53,-21.15,-301.59,-109.71,4.49
11773,0.53,-862.40,-26.01,-300.95,-112.66,4.49
11774,0.43,-41.64,-19.86,-31.55,-33.82,4.49
11775,0.83,-1687.57,-25.25,-376.99,-36.88,4.49
11776,0.30,-587.56,-26.55,-157.54,-125.46,4.49
11777,0.32,-413.01,-28.43,-147.09,-33.87,4.49
11778,0.49,-822.61,-23.72,-253.68,-43.50,4.49
11779,1.00,-580.10,-23.44,-245.33,-39.23,4.81
11780,0.35,-546.24,-23.22,-211.21,-58.48,5.13
11781,0.69,-1234.81,-28.30,-309.83,-132.13,5.13
11782,0.65,-571.48,-23.50,-150.66,-29.73,5.13
11783,0.44,-593.95,-19.38,-151.22,-115.43,5.13
11784,0.69,-779.38,-20.92,-350.00,-308.18,5.13
11785,0.45,-77.37,-21.97,-39.96,-37.84,5.13
11786,0.54,-841.25,-25.74,-224.96,-51.51,5.45
11787,0.76,-546.08,-28.21,-106.10,-32.14,5.13
11788,0.41,-503.61,-27.57,-118.19,-41.05,5.13
11789,0.42,-39.49,-21.19,-31.39,-36.04,5.13
11790,0.55,-937.86,-26.49,-214.05,-34.43,5.13
11791,0.85,-595.41,-21.86,-114.24,-36.90,5.13
11792,0.72,-708.88,-22.67,-306.94,-294.85,5.13
11793,1.06,-822.19,-23.95,-254.28,-116.29,5.13
11794,0.63,-899.14,-22.66,-324.33,-133.30,5.13
11795,0.49,-868.32,-21.25,-225.41,-29.60,5.77
11796,0.48,-935.59,-23.22,-241.56,-34.06,5.77
11797,0.43,-136.29,-23.26,-48.07,-30.76,5.77
11798,0.46,-338.13,-21.41,-81.41,-30.79,6.09
11799,0.57,-911.69,-23.67,-183.80,-38.70,6.09
11800,0.61,-1124.08,-26.44,-188.40,-31.78,6.09
11801,0.46,-114.37,-21.08,-44.12,-35.47,6.09
11802,0.40,-689.98,-23.76,-129.36,-37.55,6.09
11803,0.80,-771.23,-17.57,-138.60,-41.32,6.09
11804,0.67,-581.76,-24.68,-123.80,-32.02,6.09
11805,0.53,-135.99,-18.72,-59.45,-48.17,6.09
11806,0.69,-1157.66,-19.95,-206.19,-34.78,6.41
11807,0.42,-657.37,-21.83,-191.53,-27.04,6.41
11808,0.89,-892.51,-21.59,-232.68,-46.24,6.41
11809,0.33,-583.06,-25.77,-122.66,-27.97,6.41
11810,0.47,-114.97,-23.98,-45.13,-31.65,6.41
11811,0.67,-947.35,-19.74,-160.55,-33.60,6.41
11812,0.47,-597.32,-24.20,-115.60,-32.10,6.41
11813,0.47,-561.37,-24.61,-105.09,-30.52,5.77
11814,0.46,-714.22,-20.63,-128.93,-30.12,5.77
11815,0.45,-573.42,-28.36,-151.94,-33.99,6.73
11816,0.44,-327.54,-26.00,-91.89,-43.26,6.41
11817,0.45,-645.62,-26.24,-133.56,-32.18,6.41
11818,0.54,-60.34,-23.73,-34.03,-30.27,6.41
11819,0.46,-688.16,-22.00,-124.36,-28.06,5.13
11820,0.57,-1064.42,-16.83,-396.21,-67.58,5.77
11821,0.76,-1019.52,-21.76,-258.73,-36.20,5.77
11822,0.41,-257.60,-21.69,-62.77,-32.64,5.77
11823,0.48,-666.62,-21.58,-197.49,-37.75,5.77
11824,0.39,-619.07,-20.08,-112.43,-25.51,5.77
11825,0.58,-899.59,-17.12,-157.36,-35.95,5.77
11826,0.50,-808.25,-22.31,-139.25,-27.81,5.77
11827,0.45,-58.11,-21.80,-31.64,-25.14,5.77
11828,0.43,-136.80,-25.67,-43.81,-28.49,6.09
11829,0.38,-585.52,-25.92,-109.86,-32.62,6.09
11830,0.57,-581.15,-22.15,-154.16,-32.31,6.09
11831,0.47,-648.40,-21.84,-116.60,-28.05,6.09
11832,0.56,-578.16,-21.65,-121.62,-38.45,6.09
11833,0.39,-644.97,-27.50,-145.99,-37.40,6.09
11834,0.53,-43.92,-31.31,-36.62,-34.40,6.09
11835,0.57,-829.69,-22.66,-148.20,-37.46,6.09
11836,0.48,-619.04,-22.98,-120.83,-31.94,6.09
11837,0.49,-654.68,-24.33,-121.27,-38.59,6.09
11838,0.52,-921.66,-25.38,-159.01,-30.48,6.09
11839,0.57,-914.91,-23.59,-179.58,-36.18,6.09
11840,0.57,-858.74,-22.98,-273.81,-31.89,6.09
11841,0.70,-986.94,-29.82,-317.91,-132.60,6.41
11842,0.47,-479.86,-25.05,-138.53,-43.29,6.41
11843,0.51,-111.76,-28.72,-49.38,-41.91,6.41
11844,0.49,-833.12,-21.09,-287.75,-133.10,7.05
11845,0.48,-839.82,-35.48,-334.16,-124.38,5.13
11846,0.43,-584.26,-26.32,-219.78,-138.02,5.13
11847,0.51,-127.58,-29.53,-61.96,-43.79,5.13
11848,0.43,-705.17,-24.41,-230.33,-44.03,5.13
11849,0.39,-571.18,-30.90,-236.18,-134.83,5.13
11850,0.55,-844.39,-24.46,-149.42,-34.20,5.13
11851,0.42,-750.58,-23.09,-263.38,-36.33,5.13
11852,0.62,-862.40,-25.96,-157.58,-40.34,5.13
11853,0.49,-932.93,-23.94,-195.19,-40.80,5.13
11854,0.47,-511.36,-22.56,-104.35,-36.84,5.45
11855,0.43,-138.84,-19.11,-60.25,-40.10,5.45
11856,0.54,-872.45,-24.88,-247.47,-35.55,5.45
11857,0.59,-972.92,-28.82,-254.57,-38.82,5.45
11858,0.65,-1050.35,-19.21,-178.90,-35.21,5.45
11859,0.65,-1031.42,-19.56,-343.45,-44.79,5.13
11860,0.44,-659.66,-27.14,-213.60,-39.82,5.13
11861,0.37,-649.20,-23.18,-128.99,-30.69,5.13
11862,0.41,-166.12,-21.22,-60.84,-29.56,4.81
11863,0.45,-783.67,-24.53,-177.08,-31.53,5.77
11864,0.64,-1003.44,-16.63,-171.56,-36.06,5.77
11865,0.50,-897.65,-24.31,-274.44,-46.43,5.77
11866,0.47,-563.46,-19.71,-116.67,-31.20,5.77
11867,0.62,-990.16,-28.26,-257.07,-49.60,5.13
11868,0.81,-1124.51,-22.22,-305.11,-37.95,5.13
11869,0.52,-824.48,-22.66,-153.68,-28.90,5.13
11870,0.46,-805.48,-24.89,-230.31,-38.23,5.13
11871,0.67,-576.91,-20.21,-112.08,-38.28,5.13
11872,0.40,-358.01,-22.71,-110.13,-51.22,5.13
11873,0.37,-601.38,-21.72,-186.26,-36.29,5.13
11874,0.42,-113.06,-27.07,-43.65,-35.93,5.77
11875,0.49,-866.35,-23.29,-310.20,-113.44,6.09
11876,0.69,-277.00,-20.11,-72.22,-40.00,4.81
11877,1.12,-664.93,-28.47,-192.87,-60.78,4.81
11878,0.41,-556.94,-19.89,-135.97,-37.84,4.81
11879,0.49,-662.45,-19.64,-121.00,-31.46,4.81
11880,0.49,-573.88,-25.03,-139.37,-29.80,4.81
11881,0.85,-472.98,-14.10,-152.30,-125.93,4.81
11882,0.48,-797.17,-19.41,-178.77,-35.80,4.81
11883,0.55,-875.20,-26.07,-166.64,-39.02,4.81
11884,0.34,-591.95,-26.61,-131.12,-33.10,4.81
11885,0.52,-832.54,-19.87,-221.29,-39.60,4.81
11886,0.52,-843.00,-19.66,-228.71,-35.30,4.81
11887,0.90,-600.78,-21.34,-172.89,-33.12,4.81
11888,0.46,-579.55,-11.80,-109.10,-34.86,5.13
11889,0.42,-65.73,-26.03,-41.56,-40.12,5.13
11890,0.39,-656.86,-19.41,-144.15,-30.26,5.13
11891,0.54,-39.62,-30.24,-34.87,-34.19,5.13
11892,0.68,-938.47,-23.30,-158.46,-31.35,5.13
11893,0.43,-659.19,-22.73,-165.04,-36.33,6.41
11894,0.38,-44.81,-24.63,-31.65,-30.24,6.41
11895,0.33,-589.29,-27.17,-139.34,-32.92,6.41
11896,0.72,-854.79,-22.57,-232.82,-36.63,6.41
11897,0.59,-875.33,-27.28,-325.30,-42.29,6.41
11898,0.64,-907.43,-27.91,-264.15,-128.27,6.09
11899,0.77,-759.22,-24.97,-147.79,-35.14,6.09
11900,0.57,-51.38,-23.99,-40.40,-39.64,6.09
11901,0.59,-818.13,-33.18,-234.11,-34.91,6.09
11902,0.62,-825.48,-23.07,-144.68,-29.47,6.09
11903,0.45,-334.15,-31.78,-135.18,-91.42,6.09
11904,0.49,-34.35,-22.05,-29.20,-29.16,6.09
11905,0.46,-655.13,-27.80,-202.34,-74.31,6.09
11906,0.45,-630.45,-19.31,-133.65,-40.07,6.73
11907,0.40,-647.40,-19.18,-114.60,-27.12,6.73
11908,0.44,-117.10,-25.68,-43.43,-31.77,5.45
11909,0.40,-580.62,-25.36,-109.11,-31.35,5.45
11910,0.53,-138.86,-28.64,-64.86,-37.05,5.45
11911,0.41,-524.13,-21.65,-143.95,-32.90,5.77
11912,0.61,-607.68,-25.64,-192.05,-35.16,4.49
11913,0.63,-883.73,-21.39,-260.49,-41.02,4.49
11914,0.41,-133.66,-20.96,-57.35,-35.37,4.49
11915,0.43,-674.71,-25.76,-156.24,-50.78,4.49
11916,0.78,-697.49,-25.54,-215.05,-112.60,4.49
11917,0.66,-1214.05,-31.34,-373.05,-163.48,4.49
11918,0.72,-307.03,-25.14,-91.34,-44.06,4.49
11919,0.59,-829.35,-27.60,-336.71,-307.56,3.53
11920,0.72,-717.71,-30.27,-166.77,-48.70,3.53
11921,0.36,-419.75,-27.36,-162.86,-65.64,3.53
11922,0.34,-330.66,-28.14,-148.10,-133.52,3.53
11923,0.56,-994.13,-26.49,-431.73,-407.65,3.53
11924,0.91,-830.10,-33.90,-244.46,-57.57,3.53
11925,0.35,-333.88,-21.56,-110.56,-36.21,3.85
11926,0.37,-249.05,-35.42,-126.09,-115.26,4.49
11927,0.55,-608.00,-25.69,-209.02,-50.91,4.49
11928,0.51,-599.73,-32.71,-237.91,-46.35,4.49
11929,0.66,-900.54,-26.74,-276.57,-34.53,4.49
11930,0.58,-822.69,-27.11,-274.85,-40.63,4.49
11931,0.48,-377.41,-24.43,-139.50,-30.35,4.49
11932,0.51,-821.31,-30.97,-314.85,-338.79,4.49
11933,0.46,-790.22,-20.78,-134.31,-25.62,4.49
11934,0.43,-113.51,-20.57,-43.65,-29.35,4.49
11935,0.46,-837.05,-32.01,-160.67,-37.66,5.13
11936,0.55,-754.87,-27.40,-303.56,-115.66,5.77
11937,0.54,-857.21,-22.03,-228.68,-37.27,5.77
11938,1.22,-800.02,-28.70,-193.74,-31.29,5.77
11939,0.59,-999.24,-24.17,-250.08,-34.68,5.77
11940,0.58,-792.11,-29.28,-145.50,-33.61,5.77
11941,0.68,-941.13,-24.56,-163.05,-34.01,5.77
11942,0.46,-610.41,-22.93,-196.06,-41.04,6.41
11943,0.51,-608.41,-28.81,-143.64,-54.81,6.09
11944,0.80,-1032.17,-27.70,-329.75,-108.32,6.09
11945,0.45,-110.28,-34.30,-61.52,-37.27,6.09
11946,0.47,-74.58,-19.76,-40.69,-36.52,5.13
11947,0.62,-1142.84,-29.37,-349.37,-49.12,5.13
11948,0.83,-1344.73,-37.15,-323.49,-43.37,5.13
11949,0.60,-1026.92,-26.67,-284.81,-121.19,5.13
11950,0.44,-590.54,-37.30,-124.22,-46.51,5.13
11951,0.61,-871.23,-24.50,-165.31,-41.60,5.13
11952,0.58,-1021.33,-33.89,-204.86,-42.47,5.13
11953,0.59,-965.59,-25.91,-391.68,-129.87,5.13
11954,0.54,-999.10,-28.71,-266.32,-47.01,4.49
11955,0.71,-1260.45,-32.64,-221.87,-48.29,4.17
11956,0.60,-1081.83,-33.31,-333.44,-111.26,4.17
11957,0.64,-1186.48,-21.35,-210.00,-36.11,4.17
11958,0.50,-593.09,-23.35,-185.45,-39.82,5.45
11959,0.56,-906.33,-22.27,-242.73,-34.46,5.45
11960,0.42,-123.04,-23.78,-46.62,-32.60,5.45
11961,0.42,-645.26,-26.36,-213.96,-48.19,5.77
11962,0.72,-567.93,-23.61,-108.99,-32.91,5.77
11963,0.43,-135.14,-33.59,-64.04,-42.02,5.77
11964,0.45,-660.14,-28.48,-205.40,-42.57,6.09
11965,0.43,-153.62,-21.26,-57.52,-48.07,6.09
11966,0.65,-41.84,-20.83,-29.46,-29.01,5.45
11967,0.72,-1136.01,-24.83,-229.37,-97.76,5.45
11968,0.75,-561.07,-34.03,-118.51,-44.87,5.45
11969,0.41,-688.09,-28.37,-357.10,-553.59,4.81
11970,0.48,-632.46,-28.46,-125.83,-41.38,5.77
11971,0.61,-684.43,-37.83,-221.25,-41.75,5.77
11972,0.53,-135.63,-32.75,-69.92,-51.23,5.77
11973,0.91,-1447.58,-27.73,-312.49,-38.09,5.77
11974,0.42,-622.00,-27.84,-131.58,-49.46,6.09
11975,0.79,-849.90,-25.06,-237.43,-33.70,7.05
11976,0.58,-824.44,-29.03,-149.18,-40.13,7.05
11977,0.56,-166.89,-28.02,-57.15,-38.01,7.05
11978,0.45,-596.76,-32.08,-129.91,-39.95,7.05
11979,0.56,-504.47,-29.20,-116.72,-40.25,6.73
11980,0.79,-934.00,-31.20,-244.97,-39.61,6.73
11981,0.59,-859.35,-30.68,-246.33,-44.70,6.73
11982,0.58,-586.98,-31.57,-215.49,-100.84,6.73
11983,0.81,-798.85,-28.20,-196.37,-37.92,6.73
11984,0.44,-552.68,-25.61,-106.81,-35.15,6.73
11985,0.68,-110.95,-21.84,-47.32,-41.48,6.73
11986,0.33,-579.50,-28.22,-136.28,-45.17,6.73
11987,0.44,-558.64,-26.34,-110.71,-38.53,6.73
11988,0.69,-767.86,-25.80,-233.63,-36.70,6.73
11989,0.53,-747.36,-32.39,-151.90,-43.22,6.41
11990,0.69,-54.97,-26.19,-34.48,-31.72,5.45
11991,0.71,-820.60,-32.46,-394.89,-587.92,5.45
11992,0.61,-813.40,-26.09,-224.29,-42.93,5.45
11993,0.56,-127.36,-22.11,-48.10,-40.20,5.45
11994,0.59,-892.90,-21.91,-168.54,-44.87,5.45
11995,0.79,-1291.99,-28.06,-395.86,-141.65,5.45
11996,0.47,-602.12,-29.01,-191.80,-39.52,6.09
11997,0.39,-586.43,-19.23,-129.18,-43.84,6.09
11998,0.41,-135.86,-29.18,-48.41,-34.52,6.41
11999,0.54,-607.49,-24.29,-129.62,-36.61,5.45
12000,0.52,-620.74,-26.94,-195.15,-32.88,5.45
12001,0.84,-847.99,-25.99,-308.28,-39.49,4.49
12002,0.59,-563.28,-33.80,-154.52,-126.93,4.49
12003,0.38,-131.58,-28.90,-58.30,-42.93,4.81
12004,0.43,-51.74,-26.11,-34.19,-29.98,4.49
12005,0.56,-114.73,-29.34,-57.60,-32.14,4.49
12006,0.84,-1118.88,-27.34,-435.64,-127.54,4.49
12007,0.45,-114.67,-27.43,-58.13,-44.32,4.17
12008,0.43,-604.38,-32.55,-210.44,-49.98,4.17
12009,0.97,-47.74,-29.66,-40.36,-41.59,4.17
12010,0.86,-1179.86,-36.24,-265.35,-128.39,4.17
12011,0.55,-966.38,-31.54,-361.58,-110.35,4.17
12012,0.38,-618.82,-29.42,-210.11,-43.05,4.17
12013,0.91,-1336.92,-26.52,-278.67,-39.20,4.17
12014,0.47,-808.49,-23.05,-147.59,-41.82,4.17
12015,0.45,-601.19,-30.82,-140.93,-58.19,4.17
12016,0.83,-842.43,-26.37,-247.27,-40.02,4.17
12017,0.55,-875.05,-37.53,-404.58,-551.55,4.17
12018,0.85,-1018.97,-34.95,-270.83,-47.07,4.17
12019,0.78,-977.96,-25.48,-442.09,-530.13,4.17
12020,0.69,-1145.50,-30.04,-211.54,-56.90,4.49
12021,0.57,-46.46,-26.76,-37.37,-36.17,4.49
12022,0.30,-629.88,-30.90,-177.50,-135.98,4.49
12023,0.59,-136.08,-27.52,-47.94,-33.07,4.49
12024,0.63,-1093.26,-23.73,-199.33,-38.98,4.49
12025,0.52,-834.22,-30.78,-239.78,-40.99,4.49
12026,0.44,-111.73,-32.54,-51.05,-44.40,4.49
12027,0.69,-1156.45,-28.98,-222.19,-57.48,4.49
12028,0.66,-994.23,-31.05,-266.63,-40.75,5.45
12029,0.42,-596.34,-26.22,-142.86,-42.69,5.45
12030,0.67,-952.28,-32.75,-298.03,-138.33,5.45
12031,0.71,-1078.25,-18.14,-184.46,-40.32,5.45
12032,0.62,-589.32,-30.88,-115.10,-34.43,5.45
12033,0.34,-135.91,-25.74,-61.33,-41.06,5.45
12034,0.40,-114.41,-22.46,-42.00,-32.47,5.13
12035,0.71,-112.06,-22.63,-46.11,-35.42,5.13
12036,0.41,-471.61,-35.28,-111.01,-39.22,5.13
12037,0.41,-614.12,-33.14,-235.77,-113.87,5.13
12038,0.45,-162.05,-32.38,-82.53,-74.73,5.13
12039,0.48,-110.17,-19.50,-44.40,-31.33,5.13
12040,0.47,-706.56,-33.03,-231.71,-79.47,5.13
12041,0.40,-647.23,-29.97,-223.07,-47.23,5.13
12042,0.63,-598.60,-25.66,-130.47,-40.30,4.49
12043,0.33,-597.70,-36.92,-286.25,-115.40,4.49
12044,0.58,-986.54,-34.57,-187.44,-44.10,4.49
12045,0.44,-723.86,-31.02,-231.06,-51.92,3.85
12046,0.43,-558.73,-35.25,-140.67,-44.78,3.85
12047,0.43,-621.95,-27.70,-115.42,-28.89,3.85
12048,0.69,-992.75,-31.89,-352.19,-133.17,3.85
12049,0.70,-929.83,-29.96,-246.72,-37.01,4.49
12050,0.47,-602.85,-31.02,-211.13,-58.60,4.49
12051,0.73,-947.16,-27.11,-178.87,-35.23,4.49
12052,0.52,-551.45,-20.09,-120.11,-37.16,4.81
12053,0.58,-644.49,-25.40,-148.24,-54.95,5.45
12054,0.66,-685.79,-43.15,-292.10,-47.81,5.77
12055,0.43,-137.53,-35.50,-68.95,-44.06,5.77
12056,0.73,-1289.92,-35.21,-306.96,-44.05,5.13
12057,0.43,-109.93,-32.49,-58.38,-48.78,5.13
12058,0.82,-1233.06,-31.12,-240.65,-35.94,5.13
12059,0.59,-156.84,-22.42,-71.83,-46.87,5.77
12060,0.77,-590.31,-24.95,-199.98,-45.63,5.77
12061,1.15,-583.24,-28.93,-135.36,-38.65,5.77
12062,0.57,-833.45,-25.61,-251.91,-38.01,5.77
12063,0.43,-124.27,-31.52,-72.42,-55.15,5.77
12064,0.94,-913.85,-25.85,-274.34,-51.30,5.77
12065,0.83,-1236.85,-31.64,-303.37,-44.35,4.81
12066,0.81,-744.60,-25.45,-149.13,-38.43,4.81
12067,0.36,-608.91,-30.62,-283.93,-115.35,4.81
12068,0.59,-901.27,-35.28,-256.11,-48.58,4.81
12069,0.60,-869.22,-26.44,-167.45,-50.35,4.81
12070,1.04,-845.67,-38.74,-260.27,-106.37,4.81
12071,0.50,-792.60,-31.45,-274.34,-128.53,4.81
12072,0.53,-579.69,-31.91,-121.31,-45.66,4.81
12073,0.49,-830.67,-27.55,-164.44,-36.97,4.81
12074,0.75,-1378.19,-30.32,-460.77,-51.54,4.81
12075,0.43,-620.09,-29.37,-143.05,-47.83,4.81
12076,0.58,-766.27,-29.48,-247.97,-128.67,5.45
12077,0.50,-812.94,-46.46,-347.29,-146.65,5.45
12078,0.57,-1082.08,-27.07,-383.06,-111.82,5.45
12079,0.80,-757.73,-36.89,-335.29,-207.86,5.45
12080,0.52,-633.16,-24.87,-119.77,-38.12,5.45
12081,0.40,-612.34,-26.13,-127.98,-39.40,5.45
12082,0.42,-121.45,-25.93,-58.84,-46.17,5.45
12083,0.75,-1154.41,-28.35,-396.18,-140.08,4.81
12084,0.89,-876.72,-27.46,-237.85,-100.84,4.81
12085,0.62,-136.61,-31.58,-52.79,-40.33,4.81
12086,0.57,-1018.91,-19.68,-306.00,-60.98,4.81
12087,0.44,-609.50,-24.25,-125.70,-31.39,4.81
12088,0.35,-598.52,-24.19,-142.55,-42.86,4.81
12089,0.61,-619.66,-16.43,-273.06,-43.03,6.09
12090,0.60,-1117.86,-30.96,-208.40,-50.04,6.09
12091,0.67,-863.37,-28.41,-275.97,-37.68,6.09
12092,0.56,-868.46,-32.66,-162.36,-46.55,6.09
12093,1.10,-555.36,-29.45,-121.90,-31.22,6.09
12094,0.57,-816.90,-28.08,-312.83,-46.74,7.05
12095,0.63,-1163.20,-27.27,-277.79,-41.60,6.41
12096,0.45,-112.30,-27.39,-45.74,-38.78,6.41
12097,0.48,-560.34,-27.90,-107.52,-31.72,6.41
12098,0.60,-47.40,-26.17,-35.71,-33.71,6.41
12099,0.46,-633.68,-30.42,-281.92,-50.73,6.09
12100,0.62,-618.36,-36.59,-146.04,-45.96,6.09
12101,0.42,-622.96,-27.18,-123.78,-47.26,6.09
12102,0.45,-41.88,-32.08,-36.40,-35.77,6.09
12103,0.76,-1277.29,-25.25,-224.73,-36.61,6.09
12104,0.48,-125.91,-27.12,-57.52,-34.18,6.09
12105,0.46,-628.95,-30.61,-237.46,-138.72,6.09
12106,0.43,-135.51,-28.05,-65.68,-43.95,6.09
12107,0.59,-610.12,-27.32,-205.10,-41.09,6.09
12108,0.58,-923.33,-19.62,-185.38,-56.89,6.09
12109,0.40,-113.99,-25.40,-59.77,-46.78,6.09
12110,0.65,-595.36,-22.38,-138.71,-39.64,6.09
12111,0.57,-592.09,-28.36,-128.43,-38.42,6.09
12112,0.54,-130.74,-28.73,-58.95,-41.59,6.09
12113,0.40,-117.06,-25.89,-46.82,-36.05,5.45
12114,0.41,-136.48,-38.32,-80.85,-47.16,5.45
12115,0.52,-869.43,-32.19,-169.79,-39.08,5.45
12116,0.52,-598.66,-24.69,-113.04,-34.92,5.45
12117,0.65,-1018.17,-31.66,-188.26,-38.43,5.45
12118,0.46,-43.62,-25.21,-33.23,-34.10,5.45
12119,0.80,-1080.99,-28.70,-281.93,-36.85,5.45
12120,0.63,-1079.51,-21.04,-183.34,-38.21,5.45
12121,0.57,-143.00,-25.98,-63.99,-42.50,5.45
12122,0.57,-808.50,-21.91,-159.51,-48.74,5.45
12123,0.41,-608.27,-30.29,-158.66,-115.58,5.45
12124,0.77,-1260.55,-25.99,-211.84,-35.13,5.13
12125,0.48,-617.22,-30.06,-126.41,-50.21,5.13
12126,0.42,-582.50,-30.59,-112.47,-34.19,5.13
12127,0.58,-1004.62,-30.58,-254.76,-37.07,5.13
12128,0.89,-1444.96,-34.49,-258.29,-44.57,5.13
12129,0.47,-842.19,-19.43,-243.42,-49.70,5.13
12130,0.45,-623.28,-26.75,-217.14,-58.12,5.77
12131,0.50,-33.91,-29.22,-31.72,-31.74,5.77
12132,0.74,-1179.62,-24.64,-286.67,-43.65,5.77
12133,0.61,-1042.29,-31.03,-332.18,-48.83,7.05
12134,0.78,-579.19,-25.72,-127.40,-43.37,7.05
12135,0.42,-607.08,-22.97,-268.63,-52.03,7.05
12136,0.44,-43.11,-26.84,-35.21,-35.83,7.05
12137,0.52,-838.94,-31.53,-281.93,-46.07,7.05
12138,0.48,-555.42,-31.93,-127.04,-47.01,7.05
12139,0.46,-55.94,-25.07,-31.93,-25.76,6.73
12140,0.55,-607.70,-28.20,-119.14,-37.89,6.73
12141,0.49,-769.03,-30.84,-151.33,-38.91,6.73
12142,0.48,-810.85,-27.27,-163.00,-43.47,6.73
12143,0.73,-1282.53,-24.01,-324.89,-125.46,6.41
12144,0.88,-595.84,-26.48,-119.19,-40.78,6.41
12145,0.40,-608.24,-23.23,-124.32,-31.47,6.41
12146,0.48,-606.26,-25.84,-116.49,-32.57,6.41
12147,0.48,-556.60,-26.02,-122.85,-40.43,6.41
12148,0.59,-857.16,-27.06,-172.23,-46.03,6.41
12149,0.85,-802.58,-31.89,-311.39,-68.98,6.41
12150,1.56,-513.25,-33.77,-119.84,-39.94,6.41
12151,0.42,-586.85,-23.91,-129.59,-38.74,6.41
12152,0.59,-635.50,-29.50,-213.08,-45.57,6.41
12153,0.87,-601.02,-26.42,-127.98,-36.79,6.41
12154,0.45,-124.76,-23.93,-53.18,-39.53,6.41
12155,0.51,-616.36,-26.82,-194.06,-34.02,6.41
12156,0.37,-133.16,-29.63,-60.12,-34.70,6.41
12157,0.79,-110.99,-28.85,-46.68,-35.36,6.41
12158,0.49,-528.48,-28.53,-106.37,-37.62,6.41
12159,0.50,-605.74,-29.62,-119.32,-33.64,6.41
12160,0.48,-576.61,-22.97,-111.22,-33.91,6.41
12161,0.47,-592.47,-19.79,-123.61,-36.68,5.77
12162,0.62,-1101.79,-21.03,-206.05,-41.69,5.77
12163,0.69,-1233.65,-20.30,-207.21,-37.78,5.77
12164,0.69,-437.51,-30.02,-97.22,-38.19,5.77
12165,0.59,-584.23,-21.44,-127.06,-42.23,5.77
12166,0.57,-831.46,-20.81,-326.82,-33.19,5.77
12167,0.43,-606.28,-32.70,-132.37,-45.48,5.77
12168,0.73,-582.68,-26.71,-132.49,-55.60,5.45
12169,0.41,-130.62,-27.71,-55.67,-50.43,5.45
12170,0.81,-1103.65,-23.62,-204.59,-43.72,5.45
12171,0.55,-588.47,-27.30,-114.76,-34.26,6.41
12172,0.68,-878.04,-23.13,-177.62,-42.15,6.41
12173,0.39,-189.73,-26.11,-54.50,-33.03,6.41
12174,0.68,-1008.92,-25.42,-289.49,-35.55,6.41
12175,0.69,-1092.62,-31.82,-289.98,-112.46,6.41
12176,0.58,-578.67,-22.09,-112.45,-37.98,6.41
12177,0.65,-894.65,-31.38,-201.94,-111.24,6.41
12178,0.71,-609.29,-29.25,-232.10,-41.53,6.41
12179,0.90,-599.02,-23.62,-194.05,-36.96,6.41
12180,0.44,-589.92,-27.12,-206.92,-40.17,6.41
12181,0.53,-569.83,-21.75,-133.37,-42.91,6.41
12182,0.47,-805.34,-27.55,-157.59,-40.79,6.41
12183,0.94,-622.97,-29.46,-134.95,-48.49,6.41
12184,0.95,-46.96,-27.87,-34.93,-36.11,6.41
12185,0.56,-920.77,-28.84,-367.79,-89.75,6.41
12186,0.81,-140.31,-26.75,-55.10,-40.44,6.41
12187,0.42,-599.82,-29.63,-164.99,-122.49,6.41
12188,0.46,-758.79,-32.99,-305.14,-113.80,6.41
12189,0.40,-583.59,-28.21,-198.40,-38.74,5.77
12190,0.59,-1035.91,-28.82,-315.76,-36.52,4.81
12191,0.56,-645.30,-38.02,-220.51,-54.20,4.81
12192,0.56,-583.67,-31.20,-139.81,-55.07,4.81
12193,0.71,-669.66,-26.33,-217.84,-42.30,4.81
12194,0.79,-637.11,-30.26,-357.34,-581.43,4.49
12195,0.48,-767.67,-26.22,-225.15,-61.58,4.49
12196,0.35,-606.07,-27.06,-141.41,-43.85,4.49
12197,0.77,-630.53,-28.55,-267.33,-47.35,4.49
12198,0.55,-873.23,-35.45,-327.50,-127.56,4.17
12199,0.52,-943.99,-30.00,-257.94,-126.29,4.49
12200,0.45,-111.17,-27.41,-48.86,-42.52,4.49
12201,0.38,-56.93,-24.27,-38.92,-35.35,4.49
12202,0.72,-750.43,-32.24,-140.33,-37.78,4.49
12203,0.72,-1240.86,-29.02,-379.75,-109.48,4.49
12204,0.43,-538.70,-28.42,-128.47,-40.08,4.49
12205,0.36,-638.62,-29.71,-160.86,-110.96,4.49
12206,0.70,-1135.29,-34.77,-282.47,-39.50,4.49
12207,0.39,-576.25,-26.48,-110.90,-37.55,4.49
12208,0.93,-608.67,-23.18,-115.39,-36.36,4.49
12209,0.68,-1107.00,-28.03,-324.87,-119.47,4.17
12210,0.88,-1196.43,-29.06,-390.42,-88.83,5.45
12211,0.61,-1138.95,-31.39,-211.74,-42.34,5.45
12212,0.48,-126.09,-33.80,-54.78,-41.90,5.45
12213,0.78,-798.26,-32.43,-143.42,-33.48,5.45
12214,0.46,-790.43,-25.77,-301.17,-42.32,5.45
12215,0.74,-1253.50,-23.05,-219.49,-34.00,5.45
12216,0.74,-1225.35,-33.11,-288.18,-48.02,5.45
12217,0.39,-620.03,-27.96,-129.45,-43.14,5.45
12218,0.48,-168.94,-25.29,-59.30,-35.26,5.45
12219,0.44,-119.23,-29.57,-58.52,-36.58,5.45
12220,0.82,-614.60,-34.65,-348.81,-490.81,4.81
12221,0.74,-644.37,-27.29,-206.25,-40.26,4.17
12222,0.74,-1179.77,-34.19,-203.43,-42.69,4.17
12223,0.61,-1124.15,-31.64,-377.95,-41.76,4.17
12224,0.42,-614.29,-29.52,-272.76,-44.15,4.17
12225,0.54,-605.53,-36.32,-141.35,-63.21,4.17
12226,0.43,-600.22,-25.68,-137.64,-43.65,4.17
12227,0.35,-585.42,-19.88,-137.59,-36.72,4.81
12228,2.12,-1269.30,-30.58,-309.23,-33.42,4.81
12229,0.35,-606.59,-30.22,-286.64,-108.60,4.81
12230,0.48,-635.86,-32.45,-191.90,-41.91,3.85
12231,0.34,-612.96,-23.71,-119.05,-30.81,3.85
12232,0.62,-775.97,-32.23,-148.22,-41.04,3.85
12233,0.75,-1173.25,-24.37,-604.24,-620.02,4.49
12234,0.57,-1028.74,-24.14,-188.48,-39.63,4.49
12235,0.46,-620.70,-31.56,-235.17,-120.62,4.49
12236,0.80,-1074.69,-21.77,-263.97,-34.99,4.49
12237,0.53,-875.92,-25.07,-303.14,-35.96,3.53
12238,0.56,-588.08,-36.23,-205.41,-135.14,3.53
12239,0.82,-1247.74,-32.75,-276.34,-55.46,3.85
12240,0.61,-1082.16,-36.11,-342.62,-46.45,3.85
12241,0.83,-1299.96,-22.49,-427.93,-121.30,3.85
12242,1.13,-432.37,-21.10,-104.66,-39.64,3.85
12243,0.42,-588.74,-22.52,-127.69,-48.76,4.17
12244,0.34,-604.56,-42.06,-173.26,-132.10,4.17
12245,0.60,-125.95,-20.27,-58.68,-40.16,4.17
12246,0.78,-1149.46,-38.24,-392.55,-95.16,4.17
12247,0.65,-1130.76,-25.46,-219.61,-56.66,5.13
12248,0.75,-1178.81,-31.12,-313.18,-127.42,5.13
12249,0.56,-915.69,-45.02,-265.78,-49.70,5.13
12250,1.53,-529.36,-23.62,-117.87,-41.24,6.41
12251,0.89,-1095.08,-30.75,-352.92,-210.42,6.41
12252,0.43,-574.36,-35.93,-116.44,-41.56,5.77
12253,0.92,-1297.79,-24.58,-280.93,-32.80,5.77
12254,1.59,-140.84,-26.48,-61.21,-35.38,5.77
12255,0.55,-620.11,-23.50,-206.00,-43.64,5.77
12256,0.64,-575.28,-37.50,-131.49,-48.43,5.77
12257,0.74,-1117.34,-31.83,-208.32,-42.75,5.77
12258,0.81,-1252.84,-36.33,-393.27,-136.44,5.77
12259,0.36,-556.44,-27.38,-109.91,-34.33,5.77
12260,0.59,-900.91,-29.21,-252.54,-41.61,5.77
12261,0.70,-1156.20,-34.45,-231.15,-61.64,6.09
12262,0.51,-131.98,-13.92,-71.74,-47.76,5.13
12263,1.07,-656.97,-25.43,-207.93,-39.92,5.13
12264,0.41,-125.60,-35.02,-66.77,-56.85,5.77
12265,0.39,-136.73,-31.00,-62.34,-38.82,5.77
12266,0.50,-594.18,-28.51,-116.62,-38.94,5.13
12267,0.41,-600.70,-18.06,-115.48,-34.02,5.13
12268,0.62,-570.78,-35.32,-212.17,-111.24,4.17
12269,0.36,-40.75,-23.94,-32.59,-33.90,4.17
12270,0.37,-606.05,-32.85,-278.14,-103.26,4.17
12271,1.12,-1447.61,-32.43,-517.55,-578.59,4.17
12272,0.66,-1109.08,-22.80,-480.58,-583.58,4.49
12273,0.74,-1150.42,-32.00,-278.23,-45.79,5.45
12274,0.53,-612.54,-18.76,-128.30,-45.15,5.45
12275,0.42,-48.31,-30.90,-36.67,-33.90,5.13
12276,0.37,-525.73,-20.92,-105.25,-39.54,5.13
12277,0.57,-852.52,-18.63,-242.22,-38.48,5.13
12278,0.47,-50.18,-22.03,-35.05,-34.67,5.77
12279,0.67,-384.29,-30.95,-98.34,-38.72,5.13
12280,0.56,-619.40,-33.41,-206.99,-44.26,5.13
12281,0.41,-520.11,-33.52,-122.15,-43.57,4.17
12282,0.52,-627.66,-30.72,-163.38,-112.29,4.17
12283,0.92,-621.39,-39.93,-308.03,-120.90,4.17
12284,0.66,-630.30,-38.28,-217.50,-43.66,4.17
12285,0.31,-196.11,-37.07,-95.29,-111.87,4.17
12286,0.42,-642.47,-36.34,-159.58,-111.48,3.85
12287,0.40,-135.22,-23.89,-80.30,-104.75,3.85
12288,0.52,-970.51,-34.91,-405.12,-135.93,3.85
12289,0.68,-1138.78,-24.77,-290.48,-34.16,3.53
12290,0.55,-878.71,-45.64,-263.10,-105.26,3.53
12291,0.46,-589.03,-25.99,-123.46,-34.22,4.49
12292,0.40,-169.22,-33.52,-68.71,-42.42,4.81
12293,0.45,-139.79,-44.17,-91.84,-112.04,5.45
12294,0.56,-319.66,-22.39,-74.18,-35.58,5.45
12295,0.45,-70.97,-31.10,-42.24,-38.84,5.45
12296,0.52,-592.53,-26.89,-208.03,-43.64,5.45
12297,0.72,-1236.26,-23.44,-312.86,-47.56,5.45
12298,0.58,-593.64,-30.90,-216.92,-52.37,5.13
12299,0.46,-579.60,-30.61,-126.44,-43.37,5.13
12300,0.85,-713.22,-41.37,-235.88,-108.69,5.13
12301,0.39,-605.12,-29.01,-128.56,-41.66,5.13
12302,0.39,-572.71,-30.98,-145.38,-46.46,6.41
12303,0.52,-881.48,-26.83,-157.77,-41.51,6.09
12304,0.65,-1078.35,-34.29,-303.60,-40.43,6.09
12305,0.40,-501.31,-23.09,-125.04,-54.84,6.09
12306,0.60,-114.11,-17.06,-51.58,-43.09,6.09
12307,0.44,-50.19,-25.21,-37.48,-36.94,6.73
12308,0.46,-601.97,-30.28,-175.68,-37.92,6.73
12309,0.44,-45.60,-26.79,-38.14,-40.99,6.73
12310,0.51,-641.50,-24.63,-125.06,-40.36,5.45
12311,0.61,-125.11,-27.67,-62.52,-40.07,5.45
12312,0.47,-487.16,-19.01,-131.77,-48.00,5.45
12313,1.03,-929.00,-25.32,-312.14,-114.44,5.45
12314,0.58,-884.82,-20.58,-248.03,-29.99,4.81
12315,0.51,-942.09,-24.31,-251.93,-43.77,4.81
12316,0.63,-837.38,-23.58,-245.60,-48.18,4.81
12317,0.50,-796.85,-18.76,-138.36,-29.02,4.81
12318,0.50,-760.89,-23.74,-208.74,-30.88,4.81
12319,0.82,-907.77,-25.00,-220.32,-30.75,4.81
12320,0.62,-975.85,-15.03,-350.31,-115.54,4.49
12321,0.52,-323.80,-26.63,-91.60,-47.30,4.49
12322,0.44,-638.54,-21.76,-140.16,-39.89,5.77
12323,0.37,-597.08,-28.88,-128.58,-33.08,5.77
12324,0.52,-829.71,-23.11,-159.23,-33.80,5.77
12325,0.55,-808.93,-16.03,-135.52,-22.33,5.77
12326,0.48,-709.53,-30.29,-210.87,-36.26,5.77
12327,0.54,-330.29,-27.22,-131.51,-114.16,5.77
12328,0.52,-812.10,-22.04,-155.92,-40.50,5.77
12329,0.86,-864.71,-25.21,-156.86,-33.76,4.81
12330,0.79,-1116.90,-17.18,-362.28,-132.47,4.81
12331,0.49,-819.44,-20.57,-182.91,-43.39,4.81
12332,0.82,-874.09,-16.71,-148.53,-24.16,4.81
12333,1.06,-371.17,-21.38,-80.77,-28.85,4.81
12334,0.66,-605.72,-28.78,-288.74,-111.31,4.81
12335,0.44,-112.42,-27.76,-69.56,-57.79,4.49
12336,0.88,-528.65,-29.50,-228.85,-197.49,4.49
12337,0.51,-927.03,-25.49,-261.13,-35.99,3.53
12338,0.53,-772.56,-28.76,-327.05,-133.89,3.53
12339,0.57,-643.56,-26.89,-291.42,-110.18,3.53
12340,0.75,-1344.48,-29.58,-402.52,-110.99,3.53
12341,0.67,-673.41,-19.48,-149.30,-54.88,3.53
12342,0.41,-514.69,-29.94,-168.86,-90.49,3.53
12343,0.37,-646.71,-22.20,-184.13,-100.40,3.53
12344,0.74,-1049.64,-20.25,-383.45,-322.46,3.53
12345,0.48,-715.47,-22.38,-313.36,-114.00,4.49
12346,0.49,-203.78,-36.33,-88.55,-47.34,4.49
12347,1.21,-418.89,-29.46,-105.11,-37.60,4.17
12348,0.41,-612.77,-19.82,-239.44,-61.25,4.81
12349,0.52,-57.82,-21.43,-34.72,-34.28,4.81
12350,0.86,-1365.66,-25.41,-395.46,-57.37,4.81
12351,0.75,-1130.88,-25.42,-369.70,-40.66,4.81
12352,0.73,-907.75,-28.70,-245.28,-31.81,4.81
12353,0.92,-935.33,-23.70,-498.20,-635.26,4.81
12354,0.52,-775.41,-21.46,-334.72,-165.32,4.81
12355,1.05,-55.68,-28.01,-38.49,-38.28,4.81
12356,0.73,-860.94,-34.69,-433.93,-467.95,4.81
12357,0.82,-567.20,-21.48,-110.82,-29.97,4.81
12358,0.42,-555.29,-26.04,-119.76,-33.07,4.81
12359,0.56,-971.83,-28.81,-512.28,-640.25,4.81
12360,0.36,-130.65,-19.10,-55.89,-32.85,4.81
12361,0.53,-135.06,-21.51,-47.60,-36.77,4.81
12362,0.37,-564.59,-26.60,-124.11,-30.15,4.49
12363,0.41,-135.26,-22.77,-45.91,-33.76,4.49
12364,0.98,-1162.30,-15.45,-210.69,-41.69,4.49
12365,0.44,-273.18,-27.66,-78.83,-34.82,4.49
12366,0.41,-658.61,-36.70,-231.05,-110.23,4.49
12367,0.41,-697.26,-21.23,-257.76,-114.18,4.49
12368,0.48,-787.80,-16.65,-134.65,-26.44,4.49
12369,0.42,-136.09,-22.45,-47.13,-36.38,4.49
12370,0.79,-1079.54,-29.16,-448.61,-295.03,4.49
12371,0.46,-671.23,-34.95,-240.49,-132.17,4.49
12372,0.43,-558.97,-21.12,-139.31,-30.87,5.77
12373,0.76,-655.55,-18.47,-120.67,-32.23,5.45
12374,0.46,-785.34,-22.84,-220.82,-35.98,5.13
12375,0.58,-623.69,-19.19,-118.20,-38.85,5.13
12376,0.51,-681.31,-22.03,-343.43,-509.81,5.13
12377,0.98,-694.35,-24.08,-219.42,-38.99,5.13
12378,0.33,-585.44,-24.82,-280.02,-132.97,5.45
12379,0.75,-896.86,-27.10,-279.56,-47.37,5.45
12380,0.56,-773.49,-25.73,-311.49,-111.62,5.45
12381,0.98,-1348.28,-27.90,-467.90,-281.01,5.45
12382,0.49,-585.68,-23.94,-114.22,-39.52,5.45
12383,0.83,-751.99,-40.30,-249.09,-112.30,5.45
12384,0.38,-699.48,-29.70,-363.93,-549.69,5.45
12385,0.46,-135.51,-21.85,-60.65,-37.83,5.45
12386,0.33,-535.02,-25.69,-120.14,-36.57,5.45
12387,1.09,-794.49,-20.76,-291.06,-28.92,5.45
12388,0.48,-620.18,-20.97,-129.96,-42.23,5.45
12389,0.43,-638.43,-22.89,-120.07,-37.28,4.81
12390,0.45,-720.94,-26.22,-278.50,-108.68,4.81
12391,0.39,-651.69,-25.04,-173.08,-113.57,4.49
12392,0.56,-900.82,-22.23,-193.72,-34.67,4.49
12393,0.87,-629.95,-24.24,-260.01,-207.04,4.49
12394,0.73,-809.42,-27.32,-282.49,-114.54,4.49
12395,0.79,-788.73,-15.46,-174.64,-32.33,4.81
12396,0.44,-815.07,-23.27,-281.60,-142.85,4.81
12397,0.79,-1498.19,-24.86,-242.86,-31.97,4.81
12398,0.54,-605.19,-24.89,-283.94,-332.19,4.81
12399,0.52,-489.45,-23.91,-116.18,-32.83,4.81
12400,1.16,-521.88,-17.52,-167.91,-33.11,5.45
12401,0.60,-942.40,-30.50,-170.70,-33.05,5.45
12402,0.38,-133.59,-20.98,-54.56,-34.95,5.45
12403,0.62,-984.77,-19.00,-247.36,-47.20,5.45
12404,0.40,-41.67,-26.99,-33.71,-33.55,5.45
12405,0.41,-46.46,-23.12,-35.31,-32.79,5.45
12406,0.50,-757.86,-25.24,-213.27,-29.38,5.45
12407,0.77,-581.64,-31.47,-188.34,-33.22,5.45
12408,0.68,-1211.70,-33.41,-337.76,-46.81,4.17
12409,0.46,-832.46,-22.61,-238.27,-46.15,4.17
12410,0.61,-137.77,-22.89,-53.24,-40.70,4.17
12411,0.41,-115.16,-22.78,-43.50,-32.59,4.17
12412,0.72,-1228.71,-26.73,-369.93,-134.92,4.17
12413,0.62,-1050.03,-23.04,-175.94,-29.51,4.17
12414,0.43,-617.25,-27.89,-225.74,-116.09,4.17
12415,0.61,-849.92,-34.68,-318.09,-60.89,5.13
12416,0.51,-826.68,-19.07,-247.10,-123.03,5.13
12417,0.92,-553.68,-14.63,-154.45,-41.54,5.13
12418,0.55,-911.17,-26.95,-394.14,-530.63,5.13
12419,0.68,-859.59,-37.63,-218.15,-50.12,5.13
12420,0.76,-685.73,-30.19,-157.37,-52.28,5.13
12421,0.49,-657.92,-36.89,-209.22,-112.75,5.13
12422,0.58,-590.57,-47.64,-162.50,-58.35,5.13
12423,0.75,-692.19,-28.77,-152.24,-52.49,5.13
12424,0.74,-565.61,-20.94,-126.50,-49.80,5.13
12425,0.49,-117.78,-32.38,-79.85,-70.81,5.13
12426,0.72,-558.14,-22.39,-133.12,-59.93,5.13
12427,0.57,-894.13,-38.57,-345.78,-119.75,5.13
12428,0.64,-543.10,-17.57,-110.38,-42.22,6.09
12429,0.43,-246.47,-38.03,-101.28,-87.66,6.09
12430,0.71,-137.44,-28.31,-55.84,-43.97,4.81
12431,0.65,-1006.03,-24.22,-280.49,-131.42,4.81
12432,0.49,-666.89,-21.08,-226.06,-55.54,4.81
12433,0.55,-693.28,-27.46,-155.07,-40.71,3.85
12434,0.62,-902.61,-45.13,-235.17,-117.93,3.53
12435,0.66,-791.58,-20.82,-327.54,-89.64,3.53
12436,0.67,-124.93,-38.73,-65.13,-46.05,3.53
12437,0.51,-765.48,-26.58,-312.06,-61.25,3.53
12438,0.48,-817.81,-29.69,-321.17,-118.29,4.81
12439,0.41,-562.96,-38.55,-213.43,-117.83,4.81
12440,0.46,-135.17,-34.07,-61.79,-48.02,4.81
12441,1.02,-822.94,-29.73,-208.88,-59.58,4.81
12442,0.57,-132.65,-27.97,-74.61,-50.51,4.81
12443,1.04,-1384.12,-30.98,-498.10,-51.91,4.81
12444,0.63,-51.35,-20.82,-38.91,-40.15,4.81
12445,0.67,-793.53,-34.36,-237.65,-130.15,4.81
12446,0.53,-472.82,-21.47,-184.86,-52.93,5.77
12447,0.63,-119.14,-21.01,-62.72,-54.78,5.77
12448,0.57,-137.11,-26.60,-63.10,-53.01,5.77
12449,0.74,-579.67,-20.91,-115.88,-42.18,5.45
12450,0.84,-135.32,-28.47,-58.02,-47.18,5.45
12451,0.47,-495.14,-38.31,-160.80,-83.55,5.45
12452,0.87,-591.22,-33.82,-282.54,-351.25,5.45
12453,0.60,-933.48,-38.18,-297.98,-51.49,5.45
12454,0.44,-132.79,-19.36,-59.55,-35.84,5.45
12455,0.67,-982.82,-45.48,-354.24,-129.08,5.45
12456,0.89,-139.44,-40.73,-59.25,-47.04,5.45
12457,1.27,-621.94,-38.91,-298.89,-295.46,5.45
12458,0.54,-818.03,-43.49,-296.56,-130.62,5.77
12459,0.90,-843.32,-45.50,-190.23,-59.77,5.77
12460,0.97,-656.85,-31.43,-233.18,-139.17,5.77
12461,0.52,-781.89,-19.33,-152.40,-38.30,5.77
12462,0.82,-631.38,-35.59,-131.29,-43.59,5.77
12463,0.53,-897.98,-32.21,-286.91,-46.10,4.17
12464,0.29,-100.50,-30.36,-41.84,-31.58,4.17
12465,0.72,-1254.40,-27.70,-284.13,-32.17,4.17
12466,0.28,-605.15,-30.93,-205.69,-79.82,4.17
12467,0.64,-986.09,-29.00,-281.19,-108.35,4.17
12468,0.29,-572.69,-28.68,-161.01,-40.86,3.53
12469,0.47,-815.50,-28.21,-234.98,-103.58,4.17
12470,0.29,-108.62,-32.27,-44.84,-35.15,3.53
12471,0.43,-816.29,-28.75,-245.72,-36.98,3.53
12472,0.40,-684.05,-28.57,-382.45,-567.46,3.53
12473,0.27,-574.02,-32.33,-172.77,-129.01,3.53
12474,0.41,-791.37,-25.64,-231.34,-36.78,3.53
12475,0.60,-1025.23,-28.15,-316.86,-93.16,3.85
12476,0.77,-1535.10,-32.43,-420.04,-112.43,3.85
12477,0.59,-870.31,-31.87,-244.10,-39.11,3.85
12478,0.43,-820.53,-38.39,-327.57,-115.31,3.85
12479,0.56,-901.23,-29.73,-170.82,-32.84,3.85
12480,0.49,-899.00,-28.34,-180.73,-35.05,3.85
12481,0.62,-1031.52,-28.70,-250.25,-124.84,3.85
12482,0.28,-133.21,-28.56,-73.12,-37.71,3.85
12483,0.57,-633.44,-28.46,-167.73,-40.64,3.85
12484,0.40,-629.49,-30.44,-201.66,-39.86,3.85
12485,0.44,-890.00,-28.50,-180.59,-35.54,3.85
12486,0.52,-857.22,-34.97,-270.73,-39.31,3.85
12487,0.75,-955.99,-30.03,-332.14,-34.01,3.85
12488,0.49,-774.07,-30.25,-323.33,-257.59,3.85
12489,0.70,-1016.58,-30.78,-539.13,-594.36,3.21
12490,0.27,-321.77,-27.91,-101.11,-41.34,3.21
12491,0.35,-664.01,-31.25,-160.83,-113.20,3.21
12492,0.94,-611.28,-27.12,-384.34,-542.88,3.53
12493,0.79,-623.03,-32.38,-230.31,-125.79,3.53
12494,0.47,-797.74,-32.39,-303.65,-37.40,3.53
12495,0.59,-947.75,-26.99,-262.05,-36.46,3.85
12496,0.28,-138.54,-31.69,-84.21,-103.58,3.85
12497,0.42,-707.10,-29.99,-307.41,-34.37,3.85
12498,0.35,-655.89,-36.85,-188.67,-129.79,3.85
12499,0.44,-881.85,-29.61,-353.88,-136.53,3.53
12500,0.95,-455.22,-28.01,-129.97,-34.78,3.53
12501,0.60,-1093.42,-30.93,-202.33,-35.85,3.53
12502,0.58,-812.96,-29.89,-286.15,-132.31,3.53
12503,0.36,-650.47,-34.72,-188.67,-121.31,3.53
12504,0.54,-931.50,-28.16,-310.78,-113.47,4.17
12505,0.29,-603.08,-31.11,-229.52,-140.59,4.17
12506,0.30,-129.01,-30.99,-48.62,-37.03,4.17
12507,0.29,-42.69,-29.43,-35.21,-35.49,4.49
12508,0.35,-699.86,-24.82,-229.96,-115.80,4.49
12509,0.65,-1069.80,-32.75,-397.16,-139.09,4.49
12510,0.49,-678.70,-27.62,-201.68,-35.85,4.49
12511,0.31,-163.18,-28.86,-62.26,-32.68,4.49
12512,0.30,-608.18,-27.45,-146.15,-41.91,3.85
12513,0.64,-1253.90,-33.43,-428.30,-136.37,3.85
12514,0.43,-596.96,-29.32,-135.66,-39.71,3.85
12515,0.28,-595.54,-31.23,-258.66,-142.40,3.85
12516,0.29,-610.22,-28.95,-238.85,-133.22,3.85
12517,0.57,-902.36,-30.75,-271.84,-112.90,3.85
12518,0.45,-617.42,-26.06,-301.65,-181.31,3.85
12519,0.29,-592.80,-25.57,-112.74,-34.16,3.53
12520,0.50,-1002.24,-30.74,-314.63,-131.65,3.53
12521,0.49,-954.82,-30.30,-368.19,-112.28,3.53
12522,0.64,-1078.47,-29.86,-458.33,-591.51,3.53
12523,0.64,-1057.10,-33.98,-295.81,-109.16,3.21
12524,0.40,-662.10,-28.55,-255.88,-128.62,3.21
12525,0.37,-38.96,-32.27,-35.39,-34.55,3.21
12526,0.47,-844.46,-34.94,-356.18,-337.59,3.21
12527,0.51,-914.31,-31.14,-492.72,-561.64,3.21
12528,0.26,-601.74,-32.60,-244.17,-134.35,3.21
12529,0.56,-964.82,-34.32,-455.17,-553.41,3.21
12530,0.52,-1076.51,-32.66,-232.42,-111.73,4.49
12531,0.69,-620.76,-27.59,-126.96,-33.07,4.49
12532,0.29,-111.56,-32.56,-45.33,-33.72,4.49
12533,0.43,-594.66,-30.51,-116.67,-39.17,3.53
12534,0.56,-991.64,-32.54,-337.54,-113.46,3.53
12535,0.56,-926.72,-35.79,-379.93,-135.06,3.53
12536,0.92,-691.27,-32.15,-206.23,-36.02,3.53
12537,0.49,-818.39,-28.46,-331.63,-38.47,3.53
12538,0.42,-650.12,-31.68,-268.79,-38.25,3.21
12539,0.27,-112.71,-30.23,-66.59,-38.40,3.21
12540,0.40,-789.58,-25.26,-275.27,-132.47,3.21
12541,0.86,-730.24,-29.36,-271.73,-142.30,3.53
12542,0.49,-578.58,-29.42,-196.98,-139.97,3.53
12543,0.59,-899.14,-31.39,-249.61,-37.53,3.53
12544,0.53,-981.61,-30.45,-271.79,-37.75,3.53
12545,0.47,-806.89,-29.98,-302.81,-35.47,3.53
12546,0.68,-910.23,-33.18,-297.45,-131.08,3.53
12547,0.68,-1162.95,-29.58,-282.05,-36.07,3.53
12548,0.29,-592.05,-31.42,-316.39,-293.09,4.49
12549,0.46,-490.29,-29.15,-115.30,-34.16,4.49
12550,0.37,-656.53,-31.12,-134.14,-37.05,3.21
12551,0.65,-868.61,-28.75,-372.30,-130.26,3.21
12552,0.73,-659.84,-25.38,-131.99,-36.29,3.21
12553,0.63,-832.23,-29.38,-449.19,-596.25,3.21
12554,0.51,-823.10,-28.30,-240.18,-37.74,4.17
12555,0.62,-817.56,-27.69,-287.29,-35.37,4.17
12556,0.34,-640.01,-33.42,-206.39,-111.97,4.17
12557,0.34,-570.68,-28.12,-121.68,-40.11,4.17
12558,0.30,-568.50,-29.73,-149.34,-37.92,4.17
12559,0.37,-454.26,-27.34,-104.61,-36.84,4.17
12560,0.55,-907.27,-28.84,-395.07,-559.91,4.17
12561,0.80,-1020.76,-26.06,-323.88,-38.33,3.53
12562,0.37,-433.79,-31.72,-182.74,-145.70,3.53
12563,0.39,-586.59,-29.45,-200.49,-129.49,3.53
12564,0.57,-905.92,-28.84,-274.57,-152.12,3.85
12565,0.37,-455.91,-29.93,-118.12,-32.94,4.17
12566,0.36,-685.84,-32.42,-272.82,-132.37,4.17
12567,0.30,-614.92,-30.34,-116.53,-33.92,4.17
12568,0.30,-115.86,-26.57,-44.14,-33.29,3.85
12569,0.38,-576.73,-32.61,-149.50,-47.97,3.85
12570,0.35,-643.46,-29.19,-203.02,-33.58,3.85
12571,0.55,-862.47,-29.52,-243.35,-33.66,2.88
12572,0.45,-834.22,-26.83,-325.61,-36.64,2.88
12573,0.28,-580.44,-30.50,-204.21,-173.12,2.88
12574,0.48,-649.46,-27.62,-178.39,-92.37,3.53
12575,0.45,-751.03,-31.21,-305.79,-38.66,3.53
12576,0.49,-813.87,-27.30,-237.74,-32.87,3.53
12577,0.75,-975.36,-34.61,-335.26,-113.47,3.53
12578,0.48,-879.13,-34.07,-235.32,-36.51,3.21
12579,0.72,-932.13,-31.42,-300.59,-127.75,3.21
12580,0.50,-1003.06,-33.30,-337.26,-140.87,3.53
12581,0.28,-313.56,-31.51,-120.00,-112.82,3.53
12582,0.85,-1188.03,-31.67,-423.15,-447.72,3.21
12583,0.56,-857.09,-31.99,-375.56,-441.47,3.21
12584,0.55,-1010.90,-30.97,-251.44,-34.25,4.49
12585,0.40,-595.53,-29.68,-216.54,-114.28,4.49
12586,0.32,-619.51,-31.95,-241.12,-110.74,3.85
12587,0.60,-899.17,-27.46,-185.87,-37.95,3.53
12588,0.48,-809.56,-30.11,-400.20,-571.60,3.53
12589,0.28,-113.54,-30.34,-66.46,-33.07,3.53
12590,0.39,-691.20,-29.25,-217.31,-40.76,3.53
12591,0.72,-1034.70,-27.85,-401.53,-98.41,3.53
12592,0.57,-351.74,-28.82,-106.34,-36.43,3.53
12593,0.49,-829.23,-32.26,-267.18,-137.20,3.53
12594,0.58,-893.23,-34.66,-491.24,-587.47,3.53
12595,0.64,-1260.17,-33.35,-417.93,-134.30,3.53
12596,0.45,-712.97,-32.57,-292.16,-124.32,3.53
12597,0.43,-828.00,-29.42,-370.69,-306.78,4.17
12598,0.93,-674.71,-29.99,-139.12,-33.35,3.85
12599,0.92,-812.30,-32.55,-187.14,-111.56,3.85
12600,0.44,-598.00,-33.69,-221.01,-113.51,3.85
12601,0.38,-657.91,-34.11,-385.12,-564.83,3.85
12602,0.29,-604.98,-32.94,-214.40,-111.88,3.85
12603,0.28,-554.55,-30.10,-133.74,-36.99,3.85
12604,0.28,-132.55,-28.96,-81.43,-112.04,3.85
12605,0.28,-564.85,-28.40,-107.93,-32.76,3.85
12606,0.31,-597.88,-25.37,-125.84,-39.83,4.49
12607,0.31,-584.42,-30.62,-190.04,-37.44,4.49
12608,0.31,-36.64,-27.60,-32.84,-33.38,4.81
12609,0.41,-605.71,-25.66,-126.10,-35.82,4.81
12610,0.41,-623.83,-27.59,-213.24,-87.01,4.81
12611,1.26,-559.81,-25.15,-143.76,-33.57,4.81
12612,0.43,-477.21,-27.66,-108.07,-37.48,5.13
12613,0.31,-112.51,-27.08,-43.61,-32.34,5.13
12614,0.33,-586.11,-28.04,-218.31,-33.70,5.13
12615,0.45,-746.75,-26.26,-316.33,-112.67,5.13
12616,0.30,-119.83,-32.10,-58.22,-35.93,4.81
12617,0.58,-976.69,-30.94,-179.54,-34.85,4.81
12618,1.05,-1536.99,-30.74,-347.82,-35.88,4.17
12619,0.54,-950.29,-28.29,-164.58,-33.18,4.17
12620,0.64,-962.61,-30.01,-245.95,-35.33,4.49
12621,0.64,-1228.56,-31.36,-207.00,-35.93,4.49
12622,0.60,-989.50,-30.55,-198.72,-85.69,4.49
12623,0.53,-857.76,-27.96,-260.68,-33.44,4.49
12624,0.67,-1082.97,-31.08,-422.43,-207.69,3.85
12625,0.43,-801.74,-30.46,-263.95,-36.19,4.17
12626,0.30,-585.45,-30.70,-123.04,-32.95,4.17
12627,0.79,-885.46,-30.01,-307.21,-47.89,5.45
12628,0.30,-570.29,-32.35,-151.86,-36.62,5.45
12629,0.43,-765.11,-26.89,-214.47,-34.43,4.49
12630,0.60,-1097.60,-33.78,-341.27,-37.25,4.49
12631,0.78,-808.01,-28.81,-240.71,-33.95,4.49
12632,0.30,-604.95,-31.94,-316.36,-184.63,4.49
12633,0.31,-35.60,-29.03,-32.47,-33.37,4.49
12634,0.46,-830.14,-29.59,-224.32,-35.62,4.49
12635,0.49,-814.53,-29.12,-249.61,-122.90,4.49
12636,0.29,-205.52,-29.71,-74.37,-37.95,4.81
12637,0.47,-790.18,-29.38,-305.96,-37.84,4.81
12638,0.30,-35.61,-29.33,-32.60,-32.24,4.17
12639,0.28,-135.61,-25.44,-57.15,-32.13,4.17
12640,0.30,-617.58,-30.29,-258.47,-137.54,4.17
12641,0.35,-590.21,-30.23,-146.49,-35.75,4.17
12642,0.29,-536.30,-27.70,-146.72,-46.70,4.17
12643,0.29,-588.44,-29.64,-112.91,-35.53,3.85
12644,0.68,-686.44,-29.81,-222.29,-33.69,3.85
12645,0.49,-905.94,-29.85,-184.47,-35.97,4.49
12646,0.68,-597.98,-34.27,-261.94,-36.81,4.49
12647,0.44,-291.06,-33.41,-119.81,-112.92,4.49
12648,0.61,-1044.74,-27.29,-340.72,-114.21,4.49
12649,0.28,-581.87,-26.51,-140.55,-31.71,4.49
12650,0.27,-609.61,-31.09,-126.73,-34.74,4.49
12651,0.46,-789.04,-29.45,-154.84,-34.25,4.49
12652,0.57,-613.33,-30.06,-163.33,-35.89,4.49
12653,0.29,-571.12,-29.04,-199.18,-43.11,4.49
12654,0.81,-1083.88,-31.86,-274.37,-39.48,4.49
12655,0.28,-134.64,-23.16,-74.08,-35.85,4.49
12656,0.59,-961.53,-26.58,-253.68,-127.75,4.17
12657,0.44,-919.06,-33.75,-242.49,-110.42,4.17
12658,0.45,-813.89,-30.67,-350.33,-291.99,4.17
12659,0.62,-953.63,-31.90,-308.91,-114.67,4.17
12660,0.30,-602.23,-29.36,-114.32,-30.97,4.17
12661,0.62,-1235.76,-24.35,-243.18,-35.56,3.21
12662,0.59,-1032.42,-29.45,-380.66,-303.69,3.21
12663,0.36,-671.92,-28.46,-282.71,-36.18,3.85
12664,0.35,-638.43,-27.87,-119.16,-32.63,3.85
12665,0.41,-570.59,-29.71,-203.58,-112.60,3.85
12666,0.29,-585.98,-28.46,-145.72,-110.40,3.85
12667,0.53,-959.51,-30.92,-253.18,-39.52,3.53
12668,0.49,-909.18,-33.43,-348.07,-138.12,3.53
12669,0.29,-611.99,-28.61,-160.40,-38.58,3.53
12670,0.66,-982.03,-28.81,-239.15,-99.88,3.85
12671,0.30,-618.72,-35.51,-193.34,-135.43,3.85
12672,0.46,-707.23,-31.03,-207.48,-128.37,3.53
12673,1.18,-746.92,-30.92,-282.61,-117.56,3.53
12674,0.31,-594.75,-32.06,-129.00,-36.31,4.49
12675,0.47,-809.63,-31.65,-238.88,-59.26,4.49
12676,0.30,-570.10,-33.63,-139.45,-36.79,4.49
12677,0.31,-535.63,-28.23,-114.74,-32.24,4.81
12678,0.29,-140.57,-26.57,-48.63,-33.49,4.81
12679,0.52,-885.76,-28.47,-205.49,-33.67,4.81
12680,0.77,-1089.76,-29.72,-558.93,-376.75,4.81
12681,0.69,-467.92,-30.38,-118.42,-33.85,4.81
12682,0.42,-709.65,-31.41,-217.76,-36.63,4.81
12683,0.51,-888.99,-28.19,-181.72,-32.43,4.81
12684,0.53,-648.54,-24.69,-215.07,-55.52,4.81
12685,0.28,-576.35,-26.72,-199.14,-36.53,4.81
12686,0.49,-917.68,-27.27,-201.32,-113.68,4.81
12687,0.32,-595.04,-30.15,-210.78,-112.43,4.81
12688,0.43,-535.00,-35.57,-146.48,-112.66,4.81
12689,0.30,-112.98,-28.73,-43.71,-34.25,4.81
12690,0.40,-514.13,-29.76,-114.91,-32.81,4.81
12691,0.41,-780.44,-25.84,-206.87,-33.91,4.81
12692,0.81,-659.65,-30.87,-227.11,-114.29,4.81
12693,0.64,-962.87,-28.65,-298.68,-35.33,4.81
12694,0.26,-251.42,-34.22,-129.63,-130.89,4.81
12695,0.48,-909.82,-25.95,-287.56,-136.42,4.81
12696,0.30,-588.46,-33.63,-215.45,-101.65,4.81
12697,0.46,-691.09,-23.28,-288.30,-36.30,5.77
12698,0.31,-561.59,-30.52,-257.38,-39.53,4.49
12699,0.84,-299.80,-32.74,-118.81,-110.88,4.49
12700,0.96,-704.98,-32.33,-175.93,-39.21,4.49
12701,0.66,-1094.94,-34.46,-400.47,-254.96,4.49
12702,0.27,-552.89,-31.68,-205.43,-102.58,4.49
12703,1.10,-680.58,-31.34,-251.07,-122.31,4.49
12704,0.30,-576.34,-29.53,-109.81,-30.87,4.49
12705,0.60,-840.46,-29.97,-345.24,-136.46,4.49
12706,0.75,-959.22,-31.79,-340.13,-107.24,3.85
12707,1.40,-1378.66,-34.93,-321.82,-104.26,3.85
12708,0.29,-327.86,-29.94,-89.10,-33.65,3.85
12709,0.49,-910.34,-32.28,-373.20,-133.93,3.85
12710,0.96,-534.73,-30.58,-165.37,-110.89,3.85
12711,0.29,-576.04,-32.81,-231.54,-37.26,3.85
12712,0.27,-579.93,-29.29,-148.22,-100.61,3.21
12713,0.94,-827.50,-28.99,-305.02,-129.05,3.21
12714,0.37,-612.34,-31.07,-223.59,-132.07,3.21
12715,0.37,-648.92,-30.41,-153.95,-84.88,3.53
12716,1.79,-1401.27,-30.48,-521.82,-572.95,3.53
12717,0.64,-604.98,-30.15,-216.21,-111.56,3.53
12718,0.26,-611.03,-41.74,-313.61,-138.42,3.53
12719,0.44,-708.64,-31.85,-349.21,-464.96,3.85
12720,0.41,-717.95,-29.91,-259.93,-131.24,3.85
12721,0.37,-665.57,-24.38,-182.79,-83.27,3.85
12722,0.30,-595.30,-30.66,-129.59,-34.27,3.85
12723,0.29,-554.00,-28.87,-181.59,-36.68,3.85
12724,0.44,-820.37,-24.37,-330.18,-37.94,3.53
12725,0.46,-741.88,-27.46,-184.94,-110.18,3.53
12726,0.33,-636.83,-25.82,-194.19,-39.26,3.21
12727,0.42,-808.83,-30.81,-231.65,-36.96,3.21
12728,0.37,-752.52,-29.43,-227.43,-39.80,3.21
12729,0.30,-625.59,-27.42,-276.94,-33.52,3.21
12730,0.49,-937.68,-27.49,-346.66,-129.99,3.21
12731,0.64,-1019.56,-24.18,-438.00,-247.54,3.21
12732,0.53,-900.82,-26.92,-429.62,-587.61,3.21
12733,0.44,-668.26,-27.92,-435.76,-558.06,3.21
12734,0.55,-667.84,-24.02,-249.84,-33.07,3.21
12735,0.54,-877.46,-30.92,-440.56,-553.04,3.21
12736,0.56,-1055.05,-30.15,-336.14,-140.99,3.21
12737,0.56,-1087.77,-24.94,-203.94,-33.37,3.21
12738,0.36,-579.70,-28.73,-226.29,-38.96,3.53
12739,0.51,-939.80,-25.60,-250.28,-64.81,3.53
12740,0.81,-690.87,-24.50,-215.78,-30.15,3.53
12741,0.64,-923.18,-26.43,-455.04,-543.64,3.53
12742,0.65,-983.50,-25.40,-298.78,-130.98,3.53
12743,0.98,-653.22,-26.90,-286.61,-246.33,3.21
12744,0.55,-956.29,-35.02,-412.38,-125.53,3.21
12745,0.94,-748.13,-27.51,-312.86,-130.79,4.17
12746,0.38,-691.20,-25.16,-180.84,-111.75,4.17
12747,0.46,-849.67,-26.74,-217.38,-100.09,3.53
12748,0.86,-740.04,-24.83,-256.81,-111.57,3.53
12749,0.49,-354.26,-22.69,-115.22,-25.29,3.53
12750,0.57,-1087.87,-25.47,-424.70,-280.60,3.53
12751,0.49,-709.66,-23.99,-240.81,-31.45,3.53
12752,0.43,-769.47,-29.60,-363.52,-333.43,3.53
12753,0.49,-898.88,-24.68,-180.35,-31.30,3.85
12754,0.55,-1062.27,-24.62,-290.32,-137.21,3.85
12755,0.69,-674.47,-27.66,-301.37,-113.87,4.17
12756,0.30,-602.16,-32.01,-183.91,-108.02,4.17
12757,0.47,-951.22,-29.83,-374.58,-337.43,4.17
12758,0.91,-943.43,-24.67,-403.69,-368.59,4.17
12759,0.32,-318.05,-25.39,-70.64,-31.26,4.17
12760,0.64,-875.11,-24.09,-345.01,-165.67,3.85
12761,0.65,-950.82,-20.76,-246.83,-33.42,3.85
12762,0.32,-130.81,-21.99,-65.29,-32.03,4.49
12763,0.55,-807.61,-23.92,-150.46,-35.24,4.49
12764,0.91,-823.47,-23.41,-237.08,-85.76,4.49
12765,0.36,-632.51,-23.90,-208.97,-33.71,4.49
12766,0.37,-597.96,-22.96,-202.78,-32.73,4.49
12767,0.62,-1055.52,-27.43,-476.62,-578.42,4.49
12768,0.33,-584.00,-34.58,-167.85,-38.90,4.49
12769,0.52,-915.81,-23.63,-264.85,-110.74,4.49
12770,0.40,-638.30,-22.49,-206.66,-34.10,4.49
12771,0.31,-134.09,-25.86,-45.22,-32.11,4.49
12772,0.30,-583.95,-26.38,-133.35,-37.40,4.49
12773,0.51,-923.84,-28.02,-274.70,-57.95,4.17
12774,0.68,-1052.56,-27.84,-383.71,-38.95,4.17
12775,0.56,-664.68,-24.89,-353.44,-517.76,4.17
12776,0.54,-1027.62,-24.12,-296.05,-33.43,4.17
12777,0.44,-588.35,-26.01,-136.99,-35.71,4.17
12778,0.41,-583.61,-25.31,-109.58,-31.66,4.17
12779,0.51,-1018.81,-27.02,-316.72,-29.96,4.17
12780,0.68,-964.44,-31.47,-273.06,-38.40,4.17
12781,0.57,-928.18,-27.54,-255.65,-99.16,4.17
12782,0.57,-1130.98,-28.03,-291.72,-142.44,4.17
12783,0.49,-941.85,-28.23,-280.76,-35.39,4.17
12784,0.97,-657.07,-22.04,-204.36,-32.14,4.17
12785,0.74,-1016.66,-27.03,-264.45,-32.52,5.45
12786,0.32,-111.53,-23.29,-41.05,-30.67,5.45
12787,0.31,-110.82,-24.71,-40.25,-28.62,4.49
12788,0.50,-351.97,-26.12,-110.61,-32.98,4.49
12789,0.34,-610.35,-28.17,-112.92,-30.36,3.53
12790,0.75,-1319.38,-29.88,-274.80,-53.05,3.53
12791,0.44,-828.89,-24.98,-237.77,-46.71,4.17
12792,0.32,-131.75,-24.30,-42.66,-29.59,3.85
12793,0.54,-1019.37,-22.74,-298.58,-110.41,3.85
12794,0.58,-914.58,-23.35,-274.99,-28.91,3.85
12795,0.94,-647.01,-29.14,-236.10,-141.20,3.53
12796,0.96,-841.30,-24.78,-204.73,-110.70,3.53
12797,0.45,-844.63,-30.78,-321.64,-134.75,3.53
12798,0.76,-1392.85,-29.10,-367.97,-121.45,3.53
12799,0.28,-576.23,-26.40,-207.04,-95.76,4.17
12800,0.39,-693.84,-22.46,-124.39,-31.19,4.17
12801,0.32,-590.25,-25.94,-124.92,-31.78,4.17
12802,0.68,-1040.27,-22.89,-171.86,-28.05,4.17
12803,0.61,-1005.67,-24.91,-211.71,-36.49,4.17
12804,0.51,-836.50,-28.31,-220.95,-36.16,4.17
12805,0.58,-621.98,-26.83,-190.77,-32.59,4.17
12806,0.30,-111.80,-26.61,-43.18,-32.16,3.85
12807,0.61,-1054.06,-27.43,-211.51,-111.41,3.85
12808,0.49,-761.77,-22.93,-147.46,-27.96,3.85
12809,0.46,-855.29,-24.49,-381.07,-191.90,3.85
12810,0.51,-920.44,-25.24,-213.85,-32.67,3.53
12811,0.45,-740.65,-25.89,-257.00,-32.26,3.53
12812,0.47,-897.26,-25.23,-247.28,-96.64,3.53
12813,0.53,-908.25,-24.56,-329.57,-130.29,4.17
12814,0.31,-571.05,-27.45,-168.01,-32.05,2.88
12815,0.98,-554.15,-41.16,-293.37,-339.01,2.88
12816,0.49,-538.31,-36.47,-304.98,-336.20,2.88
12817,0.57,-525.89,-27.46,-237.78,-112.71,4.17
12818,0.88,-902.83,-25.69,-281.97,-137.11,4.17
12819,0.34,-555.34,-22.24,-105.33,-29.01,4.17
12820,0.54,-818.95,-26.67,-150.75,-31.33,4.17
12821,0.31,-306.51,-23.69,-69.19,-31.58,4.17
12822,0.73,-947.47,-29.66,-492.90,-572.27,4.17
12823,0.67,-922.52,-22.98,-293.47,-35.56,4.17
12824,0.39,-736.43,-23.04,-337.02,-254.76,4.17
12825,0.30,-593.40,-24.94,-165.63,-28.46,4.17
12826,0.60,-1024.12,-33.77,-447.19,-316.87,4.17
12827,0.54,-850.31,-25.53,-465.22,-601.98,3.53
12828,0.88,-588.67,-28.00,-236.25,-135.60,3.53
12829,0.32,-591.34,-27.03,-141.65,-39.73,3.53
12830,0.30,-593.45,-25.77,-151.54,-28.58,3.53
12831,0.58,-938.06,-21.46,-431.97,-168.83,3.53
12832,0.29,-133.02,-22.00,-67.06,-37.36,3.53
12833,0.66,-961.40,-24.46,-366.60,-37.36,3.53
12834,1.38,-398.11,-29.12,-142.16,-128.96,3.53
12835,0.41,-727.54,-24.76,-350.56,-350.69,3.53
12836,0.55,-1097.61,-28.14,-309.21,-113.43,3.53
12837,0.29,-586.68,-29.66,-152.43,-113.63,3.53
12838,0.63,-1030.68,-23.77,-374.14,-137.72,4.49
12839,0.37,-555.78,-24.52,-240.33,-35.13,4.49
12840,0.40,-529.15,-25.44,-100.93,-32.18,4.49
12841,0.41,-623.80,-25.02,-251.77,-31.36,4.17
12842,0.43,-549.39,-21.81,-112.13,-29.50,4.17
12843,0.30,-561.26,-26.35,-162.66,-34.48,4.17
12844,0.41,-650.70,-22.72,-139.55,-35.70,3.85
12845,0.94,-272.88,-28.57,-77.37,-32.76,3.85
12846,0.60,-913.85,-29.33,-269.93,-34.01,2.88
12847,0.28,-550.28,-30.83,-151.22,-115.83,2.88
12848,0.34,-662.51,-27.90,-241.58,-114.37,2.88
12849,0.92,-594.65,-28.68,-113.83,-34.77,3.85
12850,0.69,-923.39,-25.58,-373.71,-113.65,3.85
12851,0.56,-915.71,-24.41,-384.91,-291.78,3.85
12852,0.40,-698.15,-27.63,-167.65,-110.55,3.85
12853,0.45,-678.70,-27.71,-297.94,-279.01,3.85
12854,0.87,-1503.11,-21.57,-456.46,-227.46,4.49
12855,0.64,-1148.43,-25.89,-266.39,-31.39,4.49
12856,1.24,-337.00,-23.41,-86.81,-33.04,4.49
12857,0.54,-832.45,-27.08,-232.09,-45.19,4.49
12858,0.33,-36.26,-26.08,-29.91,-30.09,4.17
12859,0.30,-138.59,-22.83,-45.15,-32.11,4.17
12860,1.02,-879.05,-25.86,-218.73,-112.03,3.85
12861,0.31,-130.16,-25.30,-43.77,-30.44,3.85
12862,0.56,-900.18,-27.97,-165.19,-29.60,3.85
12863,0.31,-92.91,-23.57,-36.24,-27.26,3.85
12864,0.74,-659.85,-30.26,-216.52,-39.99,3.85
12865,0.48,-905.08,-26.16,-181.09,-32.71,3.85
12866,0.41,-871.14,-25.47,-237.62,-34.68,3.85
12867,0.79,-573.80,-26.38,-258.57,-110.73,3.85
12868,0.55,-955.53,-24.99,-418.44,-508.91,3.85
12869,0.30,-550.02,-25.05,-102.82,-28.65,3.85
12870,0.66,-942.94,-22.44,-234.60,-31.52,4.49
12871,0.98,-372.69,-23.37,-93.83,-37.97,3.53
12872,0.93,-1454.00,-26.92,-481.04,-111.05,4.81
12873,0.39,-682.66,-25.00,-134.91,-32.48,4.81
12874,0.87,-662.64,-28.34,-322.91,-330.58,4.81
12875,0.36,-560.01,-25.66,-118.52,-32.98,4.81
12876,0.57,-792.06,-23.92,-164.60,-67.40,4.81
12877,0.65,-970.31,-20.39,-471.38,-609.29,3.21
12878,0.44,-812.38,-28.56,-357.94,-162.69,3.85
12879,0.36,-593.18,-26.41,-202.71,-152.05,3.85
12880,0.38,-607.62,-22.56,-232.83,-133.25,3.85
12881,0.36,-576.31,-27.24,-133.09,-31.37,3.85
12882,0.35,-583.14,-22.67,-186.73,-35.92,3.85
12883,0.28,-626.23,-28.46,-321.64,-271.25,3.85
12884,0.30,-114.42,-21.60,-41.08,-29.10,3.85
12885,0.35,-114.89,-19.87,-52.17,-32.77,3.85
12886,0.51,-854.34,-26.20,-254.61,-114.88,4.49
12887,0.52,-886.67,-22.73,-156.02,-37.24,3.85
12888,0.90,-1132.42,-28.51,-387.06,-184.62,4.17
12889,0.42,-573.01,-25.27,-120.19,-31.88,4.17
12890,0.47,-905.16,-26.91,-245.18,-31.06,4.17
12891,0.31,-379.19,-27.57,-104.49,-39.29,4.49
12892,0.61,-1215.36,-26.07,-294.36,-34.83,4.49
12893,0.56,-1044.26,-27.48,-354.02,-349.33,4.49
12894,0.44,-783.18,-24.22,-208.60,-31.89,4.49
12895,0.38,-618.76,-23.78,-127.13,-28.78,4.49
12896,0.48,-841.20,-30.70,-232.22,-39.44,4.49
12897,0.71,-1078.33,-27.75,-302.52,-36.37,3.21
12898,0.65,-1189.06,-26.35,-447.42,-545.92,3.21
12899,0.68,-1014.53,-21.82,-255.64,-31.02,3.21
12900,0.28,-131.98,-25.28,-77.95,-84.72,3.21
12901,0.68,-1369.20,-24.51,-503.84,-132.75,3.21
12902,0.56,-990.87,-22.82,-186.84,-33.66,4.81
12903,0.62,-1005.62,-26.71,-259.73,-32.14,4.81
12904,0.48,-791.08,-25.04,-153.91,-32.06,4.81
12905,0.52,-872.40,-25.09,-254.36,-113.94,4.81
12906,0.44,-510.08,-23.14,-205.88,-31.00,4.81
12907,0.54,-868.53,-26.23,-341.36,-51.94,4.81
12908,0.31,-198.68,-22.39,-52.71,-29.90,3.85
12909,0.67,-498.26,-23.09,-138.03,-28.79,4.17
12910,0.42,-490.97,-24.38,-134.56,-31.31,4.17
12911,0.44,-779.20,-28.03,-205.40,-35.77,4.17
12912,0.55,-902.30,-26.39,-374.68,-131.45,4.17
12913,0.53,-918.84,-21.56,-248.47,-29.78,4.17
12914,0.86,-842.37,-29.95,-318.61,-114.36,4.17
12915,0.32,-112.23,-22.47,-41.28,-30.48,3.21
12916,0.28,-626.63,-28.72,-171.72,-112.96,3.21
12917,0.43,-643.33,-23.93,-188.29,-92.94,3.53
12918,0.49,-882.23,-27.25,-351.78,-371.18,3.53
12919,0.47,-549.48,-25.35,-165.64,-32.80,3.53
12920,0.47,-820.43,-26.40,-263.39,-38.10,3.85
12921,0.61,-919.29,-23.29,-247.76,-91.29,3.85
12922,0.36,-560.38,-26.67,-118.38,-35.67,3.85
12923,0.39,-652.98,-27.90,-223.66,-112.52,3.85
12924,0.28,-575.59,-24.22,-200.93,-29.76,4.17
12925,0.30,-234.12,-25.31,-98.03,-96.81,4.17
12926,1.14,-594.69,-24.31,-164.38,-33.12,4.17
12927,0.42,-708.94,-23.18,-142.07,-32.73,4.17
12928,0.56,-1020.47,-26.98,-400.21,-31.91,4.17
12929,0.54,-1025.41,-23.60,-367.62,-283.80,4.17
12930,0.39,-581.87,-24.94,-229.03,-131.23,4.17
12931,0.59,-895.61,-27.83,-387.21,-396.74,4.17
12932,0.47,-847.36,-28.27,-147.63,-31.16,4.17
12933,0.66,-1091.50,-22.73,-299.45,-33.93,4.17
12934,0.49,-594.74,-28.60,-114.76,-29.43,2.88
12935,0.84,-526.33,-26.86,-137.83,-110.23,2.88
12936,0.98,-605.64,-26.45,-155.73,-31.20,3.21
12937,0.28,-547.95,-26.88,-127.78,-34.26,3.21
12938,0.36,-649.60,-24.97,-127.83,-34.48,4.17
12939,0.61,-759.11,-23.29,-304.61,-135.51,4.49
12940,0.59,-113.20,-24.59,-48.44,-31.02,4.49
12941,0.69,-1262.88,-23.46,-205.07,-27.47,4.49
12942,0.50,-906.71,-30.02,-599.54,-697.07,4.49
12943,0.30,-600.44,-23.38,-210.92,-113.11,3.85
12944,0.29,-585.71,-29.18,-216.83,-92.94,3.85
12945,0.34,-110.76,-24.48,-42.50,-28.61,3.85
12946,0.31,-590.42,-30.49,-214.39,-111.20,4.49
12947,0.48,-896.38,-27.76,-206.53,-32.50,4.49
12948,0.49,-796.54,-25.38,-149.96,-29.38,3.53
12949,0.55,-890.57,-34.35,-216.82,-126.38,3.85
12950,0.35,-300.87,-25.59,-69.44,-32.59,3.85
12951,0.29,-121.25,-25.92,-53.46,-30.58,3.85
12952,0.39,-755.00,-30.03,-156.60,-43.80,3.85
12953,0.64,-1324.44,-24.28,-306.42,-33.21,3.85
12954,0.37,-460.40,-23.45,-101.41,-33.07,3.85
12955,0.54,-548.63,-26.94,-117.95,-34.02,3.85
12956,0.62,-530.73,-30.07,-242.05,-140.61,3.85
12957,0.28,-578.80,-26.86,-232.42,-110.80,3.85
12958,0.39,-492.53,-21.26,-104.06,-30.70,4.81
12959,0.30,-138.41,-25.12,-56.96,-32.30,4.81
12960,0.55,-799.35,-27.47,-141.38,-33.52,4.81
12961,0.67,-947.81,-22.87,-328.47,-130.21,4.81
12962,0.30,-132.57,-18.87,-64.68,-32.82,4.81
12963,0.47,-842.18,-24.06,-227.93,-33.81,4.81
12964,0.96,-841.20,-27.74,-341.82,-312.96,4.81
12965,0.56,-589.58,-28.69,-174.02,-33.27,4.81
12966,0.57,-846.09,-24.43,-236.57,-31.38,4.81
12967,0.46,-805.85,-26.39,-181.28,-33.63,4.49
12968,0.70,-1282.49,-29.26,-369.26,-110.63,4.49
12969,0.59,-1068.60,-24.72,-239.75,-30.55,4.49
12970,0.58,-471.66,-26.35,-119.23,-35.43,4.49
12971,0.33,-139.86,-25.51,-46.41,-33.78,4.49
12972,0.50,-885.99,-25.91,-323.75,-112.21,4.49
12973,0.53,-758.19,-30.94,-284.32,-111.31,4.49
12974,0.45,-492.61,-22.70,-173.85,-39.84,4.49
12975,0.42,-757.46,-22.98,-179.04,-31.79,4.81
12976,0.31,-588.52,-24.21,-187.42,-33.60,4.81
12977,0.31,-309.44,-25.24,-68.36,-29.84,4.81
12978,0.32,-135.35,-29.72,-57.50,-32.21,4.81
12979,0.52,-759.44,-18.35,-207.74,-32.10,4.81
12980,0.76,-1022.48,-27.34,-271.02,-100.10,4.81
12981,0.34,-36.07,-23.82,-28.46,-28.82,3.53
12982,0.42,-595.23,-28.21,-236.11,-112.93,3.53
12983,0.57,-589.71,-25.83,-259.82,-30.14,4.49
12984,0.59,-884.49,-27.24,-338.82,-394.14,4.49
12985,0.62,-994.45,-30.44,-314.21,-110.61,4.49
12986,0.58,-203.81,-17.09,-78.90,-41.56,4.49
12987,0.36,-605.58,-21.58,-133.93,-40.64,4.49
12988,1.02,-616.68,-27.31,-277.27,-114.90,4.49
12989,0.38,-570.69,-26.91,-115.87,-30.80,4.49
12990,0.45,-135.22,-16.32,-39.60,-26.85,4.81
12991,0.58,-859.10,-18.22,-189.54,-45.33,4.49
12992,0.57,-899.99,-21.35,-371.49,-134.18,4.49
12993,0.51,-876.55,-32.61,-365.80,-280.82,4.49
12994,0.49,-795.06,-20.17,-239.98,-37.68,4.49
12995,0.38,-660.92,-21.71,-213.75,-33.33,4.49
12996,0.52,-695.15,-27.26,-138.78,-34.87,4.49
12997,0.65,-675.29,-26.95,-229.21,-58.98,4.49
12998,0.38,-670.36,-17.34,-172.98,-39.91,4.49
12999,0.46,-551.60,-29.09,-133.64,-46.62,5.77
13000,0.47,-758.54,-15.53,-304.58,-251.14,5.77
13001,0.62,-136.94,-30.03,-65.69,-40.40,5.77
13002,0.50,-700.65,-23.27,-218.63,-34.00,5.77
13003,0.52,-667.46,-21.05,-124.64,-39.56,5.77
13004,0.62,-896.91,-30.90,-270.89,-55.21,5.77
13005,0.67,-55.27,-18.72,-35.26,-34.40,5.77
13006,0.56,-140.37,-21.21,-44.87,-26.87,5.77
13007,0.33,-305.11,-21.06,-95.33,-33.48,4.17
13008,0.65,-682.35,-26.65,-287.29,-49.03,4.17
13009,0.78,-454.25,-26.51,-125.86,-37.05,4.81
13010,0.50,-874.14,-37.91,-373.15,-190.15,4.81
13011,0.41,-574.89,-20.31,-115.66,-37.61,5.13
13012,1.45,-683.46,-17.74,-216.22,-48.24,5.13
13013,0.51,-789.93,-22.14,-295.49,-31.69,5.13
13014,0.60,-944.06,-29.14,-493.54,-589.14,5.13
13015,0.47,-156.00,-21.58,-76.12,-42.01,6.09
13016,0.50,-485.27,-26.27,-96.59,-33.82,6.09
13017,0.85,-1013.88,-27.53,-493.14,-667.09,6.09
13018,0.63,-618.23,-18.61,-116.77,-35.41,6.09
13019,0.51,-668.68,-21.94,-209.89,-29.93,6.41
13020,0.51,-43.95,-18.20,-30.19,-29.00,6.41
13021,0.94,-941.71,-23.46,-242.02,-37.40,6.41
13022,0.55,-592.72,-21.52,-259.42,-143.22,6.41
13023,0.81,-995.61,-21.92,-328.35,-181.71,6.41
13024,0.75,-301.11,-26.07,-101.50,-44.94,6.41
13025,0.47,-776.62,-14.88,-148.06,-27.40,6.41
13026,0.56,-136.98,-18.67,-43.78,-28.38,6.41
13027,0.42,-671.12,-15.15,-208.96,-46.92,6.09
13028,0.49,-577.27,-31.23,-151.63,-44.11,6.09
13029,0.77,-1279.18,-22.52,-223.76,-43.22,4.81
13030,0.76,-1454.10,-25.25,-319.21,-112.15,4.81
13031,1.08,-980.13,-25.13,-273.61,-39.42,4.81
13032,0.98,-310.22,-28.63,-82.01,-34.29,4.81
13033,0.46,-553.12,-20.67,-117.85,-25.09,4.81
13034,0.88,-788.69,-16.87,-287.10,-46.61,4.81
13035,0.78,-136.59,-23.14,-71.84,-65.63,5.45
13036,0.44,-584.05,-23.83,-194.09,-30.99,5.13
13037,0.43,-134.47,-23.17,-55.55,-28.31,4.81
13038,0.66,-943.13,-21.96,-299.16,-33.18,4.81
13039,0.60,-890.67,-17.28,-169.36,-33.37,5.77
13040,0.43,-159.93,-18.94,-54.27,-32.38,5.77
13041,0.52,-871.52,-25.60,-198.81,-127.20,5.77
13042,0.87,-693.25,-21.23,-130.85,-39.79,4.49
13043,0.55,-253.99,-18.90,-90.89,-39.25,4.49
13044,1.04,-584.72,-30.24,-204.46,-51.34,4.81
13045,0.38,-659.56,-20.22,-162.02,-27.20,5.13
13046,0.52,-930.47,-28.84,-194.02,-41.86,5.45
13047,0.36,-326.52,-22.80,-131.88,-112.80,6.73
13048,0.48,-99.93,-19.97,-42.12,-34.91,6.73
13049,0.63,-45.50,-26.65,-35.05,-32.61,6.73
13050,0.41,-616.38,-27.96,-312.35,-217.34,6.73
13051,0.51,-319.26,-18.21,-80.87,-25.07,6.73
13052,0.62,-957.08,-23.36,-322.16,-35.58,6.09
13053,0.76,-945.07,-24.06,-278.41,-36.22,6.09
13054,0.71,-599.59,-20.14,-122.54,-32.27,6.09
13055,0.42,-130.85,-26.43,-53.38,-46.31,6.09
13056,0.58,-811.89,-21.48,-219.03,-29.93,6.09
13057,0.43,-694.81,-19.49,-162.97,-31.45,6.09
13058,0.50,-575.52,-22.43,-125.19,-46.02,3.85
13059,0.41,-698.30,-24.83,-228.54,-52.22,3.85
13060,0.67,-1170.14,-31.85,-364.11,-125.84,3.85
13061,0.60,-799.23,-21.58,-174.56,-41.34,3.85
13062,0.71,-906.95,-29.33,-202.98,-74.86,3.85
13063,0.54,-580.33,-23.99,-122.26,-33.82,3.85
13064,0.56,-1101.48,-23.69,-476.00,-581.50,3.85
13065,0.43,-613.20,-21.26,-254.63,-42.64,4.81
13066,0.69,-1059.16,-32.12,-443.85,-586.47,4.81
13067,0.55,-560.93,-27.27,-203.97,-38.77,4.81
13068,0.40,-608.24,-26.03,-208.44,-36.79,4.81
13069,0.42,-608.63,-37.68,-179.17,-124.49,4.81
13070,0.62,-783.45,-19.46,-193.45,-46.08,4.49
13071,0.75,-1111.45,-27.81,-274.27,-47.45,4.49
13072,0.40,-153.83,-31.22,-94.63,-110.28,4.81
13073,0.29,-577.83,-23.31,-287.44,-129.06,4.81
13074,0.38,-138.71,-25.51,-62.67,-38.38,3.85
13075,0.67,-1225.14,-25.30,-455.68,-120.18,4.17
13076,0.60,-979.82,-28.31,-319.44,-110.57,4.17
13077,0.73,-1268.24,-19.88,-365.69,-108.11,4.17
13078,0.50,-810.92,-24.67,-276.83,-113.62,4.17
13079,0.67,-932.69,-28.08,-252.99,-46.46,4.17
13080,0.73,-1071.33,-31.04,-389.30,-46.76,4.49
13081,0.45,-130.92,-36.78,-80.14,-64.12,4.17
13082,0.77,-1169.89,-27.73,-359.77,-40.21,4.17
13083,0.68,-1001.36,-32.06,-381.08,-54.93,4.17
13084,0.67,-1178.08,-33.19,-323.42,-135.31,4.17
13085,0.69,-720.64,-34.51,-210.69,-128.17,4.17
13086,0.44,-816.82,-20.07,-316.10,-175.64,4.17
13087,0.53,-561.55,-27.22,-137.39,-53.49,4.17
13088,0.37,-595.11,-25.04,-146.10,-52.58,4.17
13089,0.72,-1107.83,-29.39,-302.28,-51.41,4.17
13090,0.94,-696.39,-32.29,-322.84,-156.45,4.17
13091,0.37,-139.67,-24.87,-75.66,-52.41,4.17
13092,0.41,-610.38,-21.11,-140.21,-35.31,4.17
13093,0.72,-1155.21,-28.75,-286.37,-70.70,4.17
13094,0.39,-619.72,-29.45,-218.53,-79.46,4.17
13095,0.43,-112.31,-29.09,-55.68,-33.17,4.17
13096,0.62,-628.92,-32.68,-194.13,-119.83,4.17
13097,1.95,-604.15,-29.82,-211.87,-55.12,4.17
13098,0.36,-633.98,-24.99,-131.07,-35.47,4.17
13099,0.86,-895.08,-21.37,-329.22,-36.95,6.09
13100,0.50,-113.02,-26.18,-46.47,-30.37,6.09
13101,0.68,-926.06,-27.25,-222.03,-44.73,5.77
13102,0.43,-111.32,-25.86,-58.20,-38.28,5.77
13103,0.48,-793.44,-35.95,-237.79,-58.36,5.77
13104,0.96,-656.52,-25.10,-191.31,-39.80,5.77
13105,0.69,-576.55,-31.04,-199.92,-125.94,5.77
13106,0.44,-187.01,-34.29,-84.56,-53.26,5.77
13107,0.45,-131.94,-21.55,-56.46,-36.82,5.77
13108,0.44,-450.60,-30.45,-118.95,-50.81,5.77
13109,0.69,-967.56,-19.48,-255.93,-38.69,5.77
13110,0.69,-45.12,-25.11,-35.62,-37.25,4.49
13111,0.49,-749.84,-26.62,-226.03,-56.90,4.49
13112,0.43,-604.16,-27.53,-114.09,-32.75,4.49
13113,0.75,-705.01,-30.61,-239.54,-114.60,4.49
13114,1.34,-591.95,-31.78,-199.13,-39.33,4.49
13115,0.74,-1272.71,-28.26,-464.88,-136.33,4.49
13116,0.56,-407.46,-29.50,-112.47,-55.68,4.49
13117,0.98,-1314.82,-24.08,-441.80,-46.54,5.13
13118,0.57,-132.22,-38.29,-89.79,-109.98,5.13
13119,0.45,-630.46,-23.71,-149.55,-50.07,5.13
13120,0.89,-725.53,-35.52,-173.52,-119.97,5.13
13121,0.70,-1170.58,-23.25,-307.67,-123.57,4.81
13122,0.70,-619.30,-27.44,-171.41,-41.26,4.81
13123,0.63,-783.80,-22.62,-162.98,-47.83,4.81
13124,0.38,-566.38,-18.20,-204.16,-131.57,5.45
13125,0.79,-752.11,-26.73,-171.43,-83.37,4.49
13126,0.54,-620.36,-23.85,-200.63,-36.12,4.49
13127,0.44,-607.27,-32.81,-355.47,-587.84,4.49
13128,0.58,-834.47,-37.22,-209.45,-130.69,4.49
13129,0.46,-136.40,-21.37,-63.92,-45.12,4.49
13130,0.52,-781.64,-26.08,-176.27,-108.74,4.17
13131,0.55,-592.74,-24.93,-194.77,-56.67,4.17
13132,0.44,-715.17,-23.78,-306.95,-133.93,4.17
13133,0.39,-538.43,-33.68,-135.00,-52.89,4.17
13134,0.88,-1090.65,-34.04,-586.54,-871.26,4.17
13135,0.53,-570.63,-31.26,-181.97,-50.81,4.17
13136,0.37,-595.57,-21.16,-148.62,-115.06,4.49
13137,0.48,-901.32,-37.31,-379.42,-119.92,4.49
13138,0.60,-836.99,-32.18,-254.29,-111.09,4.49
13139,0.72,-636.34,-17.84,-132.46,-45.19,4.49
13140,0.77,-621.20,-23.31,-119.49,-40.27,4.49
13141,0.80,-622.72,-23.03,-253.25,-41.97,4.49
13142,0.37,-588.81,-25.53,-223.97,-112.82,4.49
13143,0.91,-1165.67,-23.57,-239.73,-109.55,4.49
13144,0.43,-124.62,-25.33,-43.04,-29.88,4.49
13145,1.11,-1084.17,-30.05,-277.41,-53.61,4.49
13146,0.44,-609.66,-32.41,-186.44,-137.54,5.45
13147,0.63,-136.02,-36.88,-75.99,-47.54,5.45
13148,0.61,-612.00,-29.96,-174.41,-120.35,5.45
13149,0.80,-177.43,-39.56,-99.15,-115.70,5.45
13150,0.72,-1313.45,-21.65,-232.85,-49.89,5.77
13151,0.62,-1015.53,-24.87,-195.81,-56.30,5.77
13152,0.81,-122.97,-37.00,-53.24,-42.96,5.77
13153,0.65,-548.52,-34.35,-131.96,-43.22,5.45
13154,0.52,-581.15,-23.51,-196.11,-36.47,5.45
13155,0.52,-854.51,-25.00,-222.91,-27.32,5.45
13156,0.45,-120.32,-27.18,-47.69,-33.90,5.45
13157,0.53,-563.84,-33.36,-214.69,-50.76,5.45
13158,0.37,-562.76,-20.42,-195.33,-46.78,5.45
13159,0.42,-624.93,-30.80,-155.70,-97.61,5.45
13160,0.45,-556.74,-30.29,-138.00,-47.03,5.13
13161,0.46,-579.72,-25.34,-119.66,-34.59,5.13
13162,0.45,-584.05,-44.34,-209.19,-92.86,5.13
13163,0.51,-134.63,-21.62,-70.00,-40.06,5.13
13164,0.52,-777.24,-18.09,-300.04,-113.45,5.13
13165,0.58,-127.38,-29.82,-79.94,-97.79,5.13
13166,0.50,-123.07,-27.14,-57.18,-36.20,4.81
13167,0.93,-1216.60,-21.40,-360.83,-37.19,4.81
13168,0.45,-136.29,-23.70,-46.93,-36.36,4.81
13169,0.46,-581.56,-28.67,-141.74,-47.94,5.13
13170,0.57,-823.35,-23.75,-351.08,-109.22,5.13
13171,0.59,-888.44,-30.53,-256.92,-55.90,5.13
13172,0.47,-111.06,-18.44,-46.23,-33.51,4.49
13173,0.72,-1226.65,-30.78,-407.19,-111.49,4.49
13174,0.57,-905.46,-28.61,-359.65,-42.64,4.49
13175,0.67,-1293.66,-32.58,-279.68,-114.64,4.49
13176,0.67,-995.52,-26.78,-252.64,-39.12,4.49
13177,0.70,-619.54,-21.39,-280.15,-94.22,4.81
13178,0.80,-1043.05,-32.29,-193.26,-39.85,4.81
13179,0.61,-603.09,-20.75,-265.60,-37.84,4.81
13180,0.75,-57.68,-27.33,-38.14,-34.42,4.81
13181,0.69,-1123.35,-20.89,-200.08,-37.10,4.81
13182,0.60,-271.31,-37.53,-92.03,-43.44,4.81
13183,0.56,-898.00,-23.85,-182.53,-43.23,4.81
13184,0.44,-761.61,-40.24,-249.05,-124.61,4.81
13185,0.48,-149.69,-27.75,-70.43,-39.86,5.13
13186,0.40,-591.62,-19.15,-206.70,-66.63,5.13
13187,0.41,-594.32,-25.68,-126.40,-35.74,5.13
13188,0.45,-598.11,-32.98,-122.37,-37.58,5.13
13189,0.53,-804.38,-27.66,-156.37,-36.62,5.13
13190,0.55,-887.66,-22.62,-166.16,-38.79,5.13
13191,0.48,-759.16,-21.18,-381.54,-504.88,4.81
13192,0.55,-912.80,-27.30,-270.46,-42.79,4.49
13193,0.47,-108.96,-15.35,-43.31,-37.81,4.49
13194,0.76,-858.77,-26.53,-259.84,-122.79,4.49
13195,0.71,-1142.50,-32.56,-283.20,-52.12,4.49
13196,0.67,-784.27,-30.56,-260.79,-37.74,4.49
13197,0.60,-924.57,-33.53,-414.82,-563.03,4.49
13198,0.39,-616.32,-21.81,-134.33,-39.30,4.49
13199,0.59,-625.54,-28.56,-338.79,-388.39,4.49
13200,0.52,-340.92,-20.57,-98.84,-39.27,4.49
13201,1.21,-475.12,-25.54,-152.54,-40.32,4.49
13202,0.75,-636.86,-33.85,-211.57,-110.87,4.49
13203,0.97,-598.64,-23.71,-265.67,-45.05,4.49
13204,0.66,-992.39,-25.33,-401.61,-132.02,4.49
13205,0.41,-129.88,-31.67,-64.17,-46.49,4.49
13206,0.39,-581.06,-27.81,-147.98,-89.32,4.49
13207,0.49,-128.53,-29.01,-74.90,-44.26,4.49
13208,0.51,-596.60,-33.74,-289.09,-99.15,4.49
13209,0.43,-582.13,-25.77,-217.12,-133.15,5.13
13210,0.52,-47.13,-26.66,-34.90,-32.03,5.13
13211,0.45,-571.80,-30.82,-128.38,-35.54,5.13
13212,0.39,-589.64,-31.84,-214.10,-86.69,5.45
13213,0.47,-568.63,-29.46,-233.64,-134.34,5.13
13214,0.38,-141.53,-26.22,-95.56,-115.17,5.13
13215,0.44,-551.15,-22.86,-117.20,-39.74,5.13
13216,0.50,-585.03,-20.66,-128.24,-43.28,5.13
13217,0.57,-950.54,-27.80,-268.51,-111.43,4.49
13218,0.62,-616.20,-36.33,-134.04,-42.97,4.49
13219,0.42,-636.97,-21.92,-204.69,-37.37,4.49
13220,0.68,-615.74,-32.92,-134.87,-44.48,4.49
13221,0.50,-622.25,-27.62,-362.97,-600.76,4.49
13222,0.53,-134.06,-25.95,-49.52,-36.68,4.49
13223,0.49,-581.30,-30.42,-118.43,-44.15,4.49
13224,0.59,-894.93,-34.22,-261.11,-124.57,4.49
13225,0.65,-260.86,-34.29,-94.19,-48.43,4.49
13226,0.53,-608.83,-18.62,-219.52,-107.64,5.13
13227,0.55,-1025.87,-23.13,-198.54,-42.13,5.13
13228,0.66,-607.40,-29.35,-139.16,-49.98,5.13
13229,0.36,-618.27,-16.94,-201.59,-38.76,5.13
13230,0.83,-760.13,-27.40,-307.30,-151.00,5.13
13231,0.52,-149.18,-23.08,-64.57,-45.56,5.13
13232,0.57,-1027.28,-41.75,-202.62,-55.69,4.81
13233,0.51,-950.08,-25.47,-260.47,-84.30,4.81
13234,0.58,-829.68,-28.68,-235.07,-48.09,4.17
13235,0.72,-1239.13,-26.24,-440.59,-141.06,4.17
13236,0.48,-488.38,-32.16,-115.31,-38.43,4.17
13237,0.69,-812.64,-31.69,-175.33,-48.18,4.17
13238,1.18,-570.11,-28.11,-217.09,-169.79,5.13
13239,0.64,-1077.18,-25.75,-195.51,-32.71,5.13
13240,0.74,-574.34,-28.34,-165.90,-35.67,5.13
13241,0.85,-642.55,-38.09,-295.92,-125.11,5.13
13242,0.78,-1036.41,-25.06,-370.21,-102.11,5.13
13243,0.65,-999.33,-21.71,-179.02,-27.80,5.13
13244,0.64,-913.32,-33.26,-427.96,-572.62,5.13
13245,0.64,-943.80,-21.44,-258.16,-66.58,5.13
13246,0.42,-586.79,-25.47,-134.61,-33.13,5.13
13247,0.34,-132.55,-22.96,-71.42,-44.96,5.13
13248,1.70,-577.54,-27.09,-197.78,-48.29,5.13
13249,0.57,-132.73,-21.84,-45.20,-32.13,5.13
13250,0.45,-560.28,-27.55,-110.50,-34.12,4.81
13251,0.47,-769.85,-31.22,-248.19,-108.99,4.81
13252,0.52,-861.94,-24.34,-254.94,-124.77,4.81
13253,0.80,-691.54,-23.45,-129.27,-37.96,4.81
13254,0.78,-1057.49,-24.82,-280.72,-112.15,4.81
13255,0.79,-1005.88,-37.61,-215.88,-109.73,4.81
13256,0.43,-507.11,-32.22,-113.80,-39.63,4.49
13257,0.86,-672.38,-27.54,-143.55,-49.35,3.53
13258,0.31,-595.37,-30.14,-115.10,-35.35,3.53
13259,0.77,-591.00,-39.19,-283.77,-134.07,3.53
13260,0.52,-859.74,-33.70,-314.05,-38.72,3.85
13261,1.03,-1249.51,-32.37,-288.90,-38.74,3.85
13262,0.30,-557.06,-30.39,-125.15,-36.85,3.85
13263,0.68,-609.41,-29.45,-185.41,-35.55,3.21
13264,0.62,-1243.56,-35.42,-322.24,-131.96,3.21
13265,0.49,-839.86,-32.28,-267.30,-131.92,3.21
13266,0.37,-616.28,-31.50,-210.58,-44.68,3.21
13267,0.48,-846.74,-33.41,-324.72,-112.01,3.21
13268,0.37,-614.51,-37.42,-379.35,-542.92,3.21
13269,0.32,-630.57,-30.37,-248.77,-135.86,3.21
13270,0.46,-809.44,-32.87,-333.97,-140.34,3.21
13271,0.27,-604.31,-37.29,-163.97,-110.64,3.21
13272,0.28,-573.58,-35.23,-154.77,-130.33,3.21
13273,0.66,-1063.44,-35.38,-594.53,-562.39,3.21
13274,0.37,-601.26,-29.89,-170.51,-134.55,3.21
13275,0.28,-599.93,-32.44,-214.87,-103.20,3.21
13276,0.48,-926.04,-32.82,-389.36,-549.07,3.21
13277,0.54,-866.64,-30.57,-329.42,-113.27,3.21
13278,1.04,-827.75,-31.43,-262.30,-103.25,3.21
13279,0.74,-652.92,-36.60,-282.28,-121.38,3.21
13280,0.65,-980.10,-33.87,-386.13,-127.35,3.21
13281,0.83,-674.18,-29.54,-229.87,-126.99,3.21
13282,0.59,-904.26,-30.41,-289.28,-44.88,3.85
13283,0.41,-572.16,-31.57,-122.59,-36.31,4.17
13284,0.41,-116.35,-32.23,-59.16,-38.73,4.17
13285,0.35,-582.09,-31.03,-150.27,-39.64,4.17
13286,0.51,-935.78,-29.76,-178.75,-42.94,3.85
13287,1.00,-413.74,-33.24,-109.08,-36.18,3.85
13288,0.29,-555.26,-31.46,-146.49,-108.30,3.85
13289,0.28,-566.87,-31.45,-184.27,-37.71,3.53
13290,0.78,-1171.12,-35.27,-307.07,-114.16,3.53
13291,0.56,-921.59,-37.16,-352.56,-140.06,3.53
13292,0.66,-583.36,-30.40,-189.13,-110.80,3.53
13293,0.73,-1332.08,-31.10,-308.15,-41.16,3.53
13294,0.77,-1116.37,-29.49,-345.47,-112.78,4.81
13295,0.61,-1116.67,-32.00,-283.77,-41.39,4.81
13296,0.37,-608.34,-35.08,-119.34,-37.84,5.45
13297,0.35,-484.10,-26.22,-98.27,-36.34,5.45
13298,0.89,-1235.87,-31.32,-332.57,-36.20,5.45
13299,0.30,-575.96,-36.89,-219.70,-39.86,5.45
13300,0.32,-588.57,-33.14,-212.24,-87.15,5.77
13301,0.75,-1530.29,-28.58,-428.36,-131.46,5.77
13302,0.31,-45.15,-31.05,-36.82,-37.09,5.77
13303,0.31,-120.44,-29.56,-59.00,-40.85,5.77
13304,0.32,-139.69,-30.16,-48.59,-31.93,5.77
13305,0.33,-294.71,-29.73,-84.64,-35.28,3.53
13306,0.29,-594.13,-32.72,-217.92,-127.23,3.53
13307,0.28,-111.00,-28.32,-57.31,-39.07,3.53
13308,0.90,-1566.12,-28.68,-438.49,-131.26,3.53
13309,0.58,-1100.94,-35.01,-312.46,-138.63,3.53
13310,2.98,-2526.25,-37.30,-820.67,-912.43,4.17
13311,0.58,-935.56,-35.84,-328.59,-131.29,4.17
13312,0.30,-622.90,-32.82,-221.71,-102.40,4.17
13313,0.57,-947.26,-33.73,-168.09,-38.57,3.53
13314,0.29,-620.39,-35.07,-185.92,-140.48,3.53
13315,0.84,-643.89,-33.99,-255.05,-68.58,3.53
13316,1.41,-859.95,-30.79,-357.56,-266.22,3.53
13317,0.69,-1188.82,-32.09,-419.71,-152.80,3.53
13318,0.58,-1038.00,-30.82,-309.59,-110.53,4.17
13319,0.67,-1147.35,-36.64,-487.84,-587.19,4.17
13320,0.77,-312.68,-36.89,-98.89,-41.55,2.88
13321,0.60,-531.49,-38.15,-193.99,-114.22,4.17
13322,0.49,-891.75,-41.43,-263.14,-110.40,4.17
13323,1.04,-677.79,-30.75,-254.66,-35.22,4.17
13324,0.43,-809.51,-27.26,-303.40,-131.87,4.17
13325,0.32,-604.08,-33.76,-139.21,-39.41,4.17
13326,0.30,-588.64,-31.56,-113.86,-36.10,4.17
13327,0.31,-112.76,-36.79,-59.53,-38.91,4.17
13328,0.67,-1150.71,-34.48,-361.59,-43.88,4.17
13329,0.48,-578.43,-32.98,-196.91,-38.29,4.17
13330,0.30,-572.70,-32.39,-128.02,-39.52,4.17
13331,0.64,-985.52,-30.52,-331.97,-37.07,4.17
13332,0.30,-562.04,-28.16,-126.61,-36.37,3.53
13333,0.82,-1163.20,-43.90,-560.59,-602.55,3.53
13334,0.57,-818.32,-31.29,-148.78,-33.09,3.53
13335,0.82,-1326.15,-31.05,-225.94,-33.65,3.53
13336,0.29,-609.17,-29.17,-210.51,-41.63,3.53
13337,0.60,-973.75,-34.21,-278.12,-138.62,3.53
13338,0.33,-145.88,-30.28,-50.72,-33.11,3.53
13339,0.49,-579.31,-32.44,-138.93,-41.33,3.53
13340,0.28,-592.47,-34.46,-148.10,-40.38,3.53
13341,1.30,-816.42,-33.19,-161.35,-38.52,3.53
13342,0.65,-1178.60,-27.80,-410.96,-110.90,4.81
13343,0.73,-1249.45,-30.52,-233.92,-42.25,4.49
13344,0.31,-608.20,-28.41,-115.67,-33.47,4.49
13345,0.52,-832.80,-30.79,-225.27,-36.60,4.49
13346,0.30,-621.13,-30.58,-143.65,-44.76,4.49
13347,0.31,-597.77,-32.20,-152.04,-113.64,4.17
13348,0.62,-1226.93,-34.32,-367.60,-36.17,4.17
13349,0.50,-902.86,-32.56,-187.00,-42.94,4.17
13350,0.33,-603.86,-32.22,-157.79,-110.92,4.17
13351,0.80,-1168.38,-29.08,-206.07,-33.38,5.13
13352,0.39,-44.95,-30.00,-36.51,-35.86,5.13
13353,0.31,-110.12,-32.94,-46.73,-35.31,5.13
13354,0.31,-608.70,-28.52,-190.31,-38.47,5.13
13355,0.31,-571.91,-27.45,-111.51,-31.54,5.13
13356,0.30,-606.32,-25.64,-141.35,-46.13,5.13
13357,0.81,-566.28,-28.29,-146.62,-37.03,5.77
13358,0.54,-826.91,-35.72,-243.82,-42.23,5.77
13359,0.61,-1185.04,-36.65,-281.17,-42.50,5.77
13360,0.30,-130.66,-34.20,-62.99,-38.95,5.77
13361,0.33,-157.86,-29.92,-51.57,-34.51,5.77
13362,0.31,-628.40,-30.88,-130.97,-37.72,5.77
13363,0.37,-170.80,-30.05,-67.99,-36.04,5.77
13364,0.89,-1065.38,-31.00,-402.24,-76.55,5.77
13365,0.83,-597.68,-35.10,-202.51,-44.95,5.77
13366,0.91,-1388.28,-26.87,-319.71,-42.12,5.77
13367,0.31,-135.68,-27.83,-62.45,-42.33,5.77
13368,0.33,-602.30,-28.87,-144.58,-36.85,5.77
13369,0.36,-111.30,-32.05,-49.50,-38.71,5.77
13370,0.49,-111.84,-31.66,-57.63,-35.21,5.77
13371,0.68,-1123.68,-36.37,-489.67,-581.52,5.77
13372,0.69,-957.78,-33.92,-252.55,-50.74,5.77
13373,0.35,-46.21,-27.21,-36.77,-35.76,5.77
13374,0.61,-1086.21,-29.39,-207.69,-40.56,5.77
13375,0.46,-782.10,-30.05,-218.48,-37.34,5.77
13376,0.31,-112.72,-32.46,-47.87,-38.69,4.17
13377,0.37,-618.07,-28.19,-198.50,-40.69,4.49
13378,0.30,-73.06,-30.51,-43.41,-39.48,4.49
13379,0.55,-964.52,-32.87,-334.74,-42.66,4.49
13380,0.33,-582.77,-29.77,-114.27,-39.80,4.49
13381,0.81,-1288.10,-27.03,-515.78,-111.62,4.49
13382,0.46,-807.29,-23.76,-234.71,-41.46,4.49
13383,0.29,-550.84,-25.40,-128.73,-36.69,4.49
13384,0.78,-625.66,-30.64,-118.45,-34.97,4.81
13385,0.31,-202.73,-24.63,-72.15,-42.44,4.81
13386,0.92,-1486.08,-38.76,-336.56,-45.32,4.81
13387,0.63,-1119.69,-38.52,-297.27,-112.74,4.81
13388,0.31,-622.41,-23.64,-128.34,-35.45,4.81
13389,0.42,-577.48,-33.20,-118.56,-36.06,3.85
13390,0.43,-730.72,-35.03,-136.10,-37.64,4.17
13391,0.29,-606.89,-38.93,-172.55,-123.06,4.17
13392,0.79,-1023.04,-31.13,-269.66,-36.30,4.17
13393,0.45,-461.10,-30.22,-106.67,-33.27,4.17
13394,0.31,-561.99,-31.34,-124.02,-34.94,4.17
13395,0.66,-1076.80,-31.22,-341.13,-39.15,4.17
13396,0.30,-110.76,-34.41,-57.81,-40.76,4.17
13397,0.36,-94.49,-30.77,-44.31,-37.74,4.17
13398,0.62,-1028.29,-27.05,-401.64,-111.52,4.17
13399,0.75,-1178.87,-33.55,-303.65,-127.56,3.85
13400,0.50,-805.73,-28.97,-238.46,-37.41,3.85
13401,0.27,-128.27,-43.64,-110.37,-124.55,3.85
13402,0.52,-989.81,-37.11,-364.77,-127.93,3.85
13403,0.52,-816.28,-31.61,-302.21,-96.65,3.85
13404,0.56,-1073.55,-32.17,-198.16,-36.51,3.85
13405,0.54,-1075.33,-31.54,-197.39,-37.26,3.85
13406,0.44,-832.61,-30.52,-161.47,-43.80,3.85
13407,0.29,-96.39,-32.43,-42.89,-32.90,3.85
13408,0.30,-626.18,-28.46,-129.99,-36.59,3.85
13409,0.63,-1019.41,-32.87,-390.17,-39.34,3.85
13410,0.29,-128.44,-32.72,-72.94,-42.68,3.85
13411,0.29,-121.24,-26.43,-45.84,-33.74,3.85
13412,0.82,-600.76,-34.35,-222.16,-133.85,3.85
13413,0.30,-629.47,-30.57,-230.04,-127.30,3.85
13414,0.75,-1238.09,-30.09,-222.22,-42.07,4.81
13415,0.43,-593.25,-30.42,-198.14,-36.78,4.81
13416,0.47,-775.52,-35.42,-225.37,-39.34,4.81
13417,0.33,-634.89,-28.87,-219.67,-39.32,4.81
13418,0.46,-753.23,-32.41,-137.97,-34.51,4.81
13419,0.33,-139.67,-28.52,-50.46,-38.91,4.81
13420,0.34,-133.49,-31.53,-52.38,-38.78,3.85
13421,0.32,-567.97,-36.61,-141.45,-41.85,3.85
13422,0.77,-1359.05,-32.55,-314.54,-41.75,3.85
13423,0.59,-626.66,-31.57,-146.26,-53.85,3.85
13424,0.32,-402.24,-29.52,-120.91,-38.17,4.17
13425,0.47,-808.12,-33.94,-251.87,-36.91,3.85
13426,0.42,-794.54,-28.27,-303.35,-111.88,3.85
13427,0.52,-866.89,-28.64,-308.81,-42.95,3.85
13428,0.63,-1001.60,-41.27,-545.24,-601.11,3.85
13429,1.10,-596.76,-35.25,-175.45,-41.09,3.85
13430,0.31,-606.23,-30.48,-211.93,-42.79,3.85
13431,0.53,-1056.93,-30.60,-455.82,-579.05,4.49
13432,0.67,-1119.24,-29.76,-315.85,-37.97,4.49
13433,0.58,-605.08,-28.71,-137.33,-39.68,4.49
13434,0.36,-611.42,-34.68,-292.16,-140.39,4.49
13435,0.63,-1139.54,-35.60,-296.82,-111.09,4.49
13436,0.77,-908.40,-38.79,-412.17,-305.56,4.49
13437,0.58,-841.83,-31.94,-228.87,-41.75,4.49
13438,0.31,-631.10,-25.08,-200.10,-39.14,4.49
13439,0.33,-604.83,-30.47,-117.27,-36.62,4.81
13440,0.43,-569.42,-32.11,-209.81,-111.45,4.81
13441,0.64,-1068.36,-31.23,-201.42,-38.13,4.17
13442,0.32,-613.56,-26.76,-131.94,-37.38,4.17
13443,0.30,-114.21,-32.41,-46.07,-34.85,4.17
13444,0.65,-1121.69,-32.75,-349.73,-110.21,4.17
13445,0.31,-630.49,-27.74,-129.95,-35.57,4.81
13446,0.68,-1049.20,-26.92,-199.03,-37.15,4.81
13447,0.59,-612.08,-27.43,-142.77,-44.75,3.85
13448,0.42,-596.95,-31.17,-203.51,-47.07,3.21
13449,0.71,-925.88,-30.62,-392.73,-159.99,3.21
13450,0.80,-1134.42,-41.60,-416.89,-406.57,3.21
13451,0.58,-1214.33,-27.73,-362.05,-120.69,3.21
13452,0.63,-1138.78,-33.14,-393.50,-345.02,3.21
13453,0.36,-607.57,-25.12,-209.19,-82.44,3.21
13454,0.31,-577.00,-26.14,-187.21,-34.29,3.21
13455,0.69,-952.86,-28.12,-270.61,-109.79,3.21
13456,0.29,-627.40,-28.00,-365.95,-554.90,3.21
13457,0.72,-829.45,-25.35,-152.82,-31.58,3.53
13458,0.70,-592.97,-29.80,-261.08,-111.17,3.21
13459,0.29,-248.51,-25.38,-74.83,-30.26,3.21
13460,0.54,-806.63,-30.79,-201.20,-123.88,3.21
13461,0.49,-916.99,-31.61,-285.46,-129.99,3.21
13462,0.30,-563.94,-25.71,-147.92,-111.03,3.21
13463,0.76,-1293.90,-26.91,-447.86,-41.46,4.49
13464,0.32,-582.76,-30.85,-201.11,-35.20,4.49
13465,0.46,-758.31,-22.81,-216.60,-32.47,4.49
13466,0.63,-840.47,-27.99,-303.56,-32.76,4.49
13467,0.39,-607.57,-23.71,-141.59,-36.29,4.49
13468,0.78,-1196.86,-27.80,-294.85,-39.26,3.53
13469,0.28,-581.93,-29.06,-223.27,-112.97,3.53
13470,0.38,-275.33,-31.36,-94.50,-40.70,3.53
13471,0.80,-1305.31,-30.79,-406.42,-108.23,3.53
13472,0.70,-1149.84,-29.11,-544.25,-596.17,3.53
13473,0.31,-592.56,-29.66,-227.57,-110.02,3.53
13474,0.59,-1183.80,-25.85,-234.95,-112.81,5.45
13475,0.62,-910.28,-27.88,-181.76,-39.39,4.17
13476,0.57,-926.99,-29.08,-195.61,-111.78,4.17
13477,0.30,-616.84,-27.74,-138.66,-37.21,4.17
13478,0.72,-1230.33,-28.10,-227.77,-36.71,4.17
13479,0.58,-888.58,-25.07,-335.85,-29.84,4.17
13480,0.52,-970.59,-33.42,-357.65,-37.17,4.17
13481,0.72,-1265.23,-31.88,-351.12,-127.70,4.17
13482,0.40,-754.76,-24.79,-230.18,-41.37,3.85
13483,0.38,-593.04,-28.44,-137.72,-39.12,4.17
13484,0.53,-604.67,-19.57,-219.50,-112.27,4.17
13485,0.43,-769.35,-21.91,-247.37,-110.04,4.17
13486,0.50,-817.18,-33.55,-389.83,-542.99,4.17
13487,0.29,-608.35,-26.82,-141.62,-46.61,4.17
13488,0.39,-636.90,-28.83,-152.85,-110.60,5.13
13489,1.15,-620.92,-28.96,-196.49,-42.36,5.13
13490,0.33,-44.42,-25.32,-34.83,-33.34,5.13
13491,0.63,-1126.25,-27.92,-213.97,-50.27,5.13
13492,0.30,-547.65,-33.43,-110.99,-39.39,2.88
13493,0.68,-594.56,-31.42,-154.70,-101.19,2.88
13494,0.59,-660.14,-33.31,-299.38,-138.97,2.88
13495,0.75,-517.80,-33.30,-155.97,-111.49,2.88
13496,0.90,-371.77,-34.18,-111.99,-46.89,3.53
13497,0.59,-866.90,-33.53,-240.89,-44.72,3.53
13498,0.32,-598.86,-31.91,-139.67,-43.44,3.53
13499,0.77,-1021.19,-26.63,-229.72,-35.95,3.53
13500,0.39,-572.40,-19.99,-116.74,-37.07,3.53
13501,0.42,-558.68,-24.61,-106.51,-31.73,3.53
13502,0.31,-114.20,-23.62,-60.72,-38.02,4.17
13503,0.38,-617.80,-45.25,-238.66,-110.99,4.17
13504,0.51,-592.82,-28.23,-190.77,-127.37,4.81
13505,0.31,-111.53,-29.42,-51.42,-37.69,4.81
13506,0.65,-1118.64,-21.54,-213.79,-40.89,4.81
13507,0.65,-1182.36,-25.82,-384.14,-40.05,4.81
13508,0.31,-639.41,-21.96,-133.28,-36.51,4.81
13509,1.10,-962.34,-23.83,-260.70,-31.44,4.17
13510,0.52,-853.32,-29.57,-157.71,-33.75,3.21
13511,0.42,-176.19,-25.65,-81.69,-31.74,3.21
13512,0.47,-892.67,-32.74,-180.36,-44.53,3.21
13513,0.52,-965.40,-31.04,-261.44,-73.62,3.21
13514,0.29,-601.24,-30.58,-221.74,-112.33,4.81
13515,0.69,-456.23,-20.75,-101.38,-30.84,4.81
13516,0.62,-634.89,-25.13,-279.15,-32.35,5.45
13517,0.40,-138.10,-29.90,-49.93,-36.50,3.21
13518,0.61,-1070.45,-30.80,-340.19,-85.97,3.21
13519,0.32,-579.79,-31.69,-289.26,-129.82,3.21
13520,0.71,-1311.30,-32.84,-521.92,-582.38,3.21
13521,0.52,-1007.91,-26.59,-271.52,-110.40,3.21
13522,0.31,-601.81,-24.92,-205.71,-33.78,3.53
13523,0.56,-977.49,-31.42,-346.21,-129.20,3.53
13524,0.81,-1246.11,-28.64,-350.24,-75.96,3.53
13525,0.47,-639.72,-34.76,-261.31,-136.96,4.17
13526,0.29,-605.50,-31.08,-289.79,-113.35,4.17
13527,0.62,-654.04,-35.77,-304.72,-114.01,4.17
13528,0.46,-603.97,-27.03,-141.16,-40.35,4.49
13529,0.77,-801.33,-25.31,-315.03,-137.75,4.49
13530,0.54,-893.69,-28.25,-183.18,-34.45,4.81
13531,0.36,-633.31,-24.51,-200.08,-36.31,4.81
13532,0.90,-109.71,-27.94,-56.43,-39.47,3.85
13533,0.33,-616.69,-29.83,-210.63,-111.18,3.85
13534,0.57,-949.19,-29.09,-248.05,-42.23,3.85
13535,0.32,-587.51,-24.73,-129.84,-34.45,2.88
13536,0.29,-297.11,-33.81,-108.54,-96.33,4.81
13537,0.42,-580.40,-31.74,-201.19,-34.02,3.21
13538,0.82,-1218.51,-28.64,-225.27,-39.13,3.21
13539,0.87,-597.09,-25.97,-166.50,-38.57,3.21
13540,0.37,-595.58,-29.53,-132.12,-45.33,4.17
13541,0.61,-1151.97,-26.63,-286.66,-38.91,4.17
13542,0.40,-629.28,-25.26,-118.95,-40.37,4.17
13543,0.54,-880.46,-31.04,-263.65,-133.86,4.17
13544,0.31,-557.27,-33.51,-138.67,-38.56,4.17
13545,0.59,-889.62,-24.76,-234.45,-44.91,3.85
13546,0.61,-1006.45,-31.06,-197.72,-41.07,3.85
13547,0.60,-949.10,-33.47,-260.72,-38.70,4.49
13548,0.33,-543.47,-25.98,-118.46,-31.33,3.21
13549,1.03,-1429.52,-26.53,-375.29,-113.07,3.85
13550,0.33,-110.70,-30.15,-55.28,-34.59,3.85
13551,0.47,-863.24,-27.48,-258.54,-114.78,3.85
13552,0.68,-923.25,-26.40,-353.53,-127.04,3.85
13553,0.31,-596.51,-30.71,-233.72,-127.15,3.85
13554,0.96,-947.62,-20.34,-236.03,-33.21,3.85
13555,0.31,-34.87,-26.01,-30.37,-29.29,3.85
13556,0.58,-1001.07,-29.81,-330.68,-110.45,3.85
13557,0.46,-766.24,-21.26,-245.33,-121.04,3.85
13558,0.86,-960.59,-29.03,-228.71,-47.21,3.85
13559,0.62,-1063.25,-23.47,-379.45,-34.09,4.17
13560,0.38,-139.46,-33.31,-62.99,-37.06,3.85
13561,0.66,-1177.94,-20.06,-204.53,-28.96,3.53
13562,0.29,-131.46,-28.83,-60.63,-40.06,3.53
13563,0.48,-605.43,-32.25,-292.35,-127.19,3.53
13564,0.58,-971.00,-30.92,-500.13,-608.29,3.53
13565,0.78,-1284.19,-28.59,-275.48,-44.44,3.53
13566,0.39,-615.34,-32.76,-230.90,-112.34,3.53
13567,0.80,-633.80,-26.09,-171.52,-32.82,3.53
13568,0.82,-767.97,-36.74,-418.54,-549.29,3.53
13569,0.28,-603.44,-30.61,-309.67,-157.05,3.53
13570,0.38,-88.15,-32.90,-55.62,-40.37,3.53
13571,0.31,-618.24,-22.31,-319.76,-148.17,3.53
13572,0.80,-659.03,-29.55,-201.60,-30.91,3.53
13573,0.45,-885.22,-32.93,-242.74,-38.35,3.85
13574,0.30,-588.76,-32.46,-159.40,-137.65,3.85
13575,0.32,-609.47,-30.32,-153.97,-114.72,3.85
13576,0.34,-563.68,-31.54,-151.52,-113.30,3.85
13577,0.48,-792.07,-27.96,-238.81,-40.12,3.85
13578,0.33,-572.08,-34.97,-212.56,-104.61,3.85
13579,0.51,-630.48,-31.47,-215.77,-40.71,3.85
13580,0.68,-1223.05,-29.34,-287.20,-36.36,3.85
13581,0.63,-614.69,-28.32,-177.54,-115.18,3.85
13582,0.51,-930.33,-23.74,-183.98,-37.15,3.85
13583,0.39,-618.18,-31.95,-277.35,-113.95,3.85
13584,0.37,-127.37,-27.17,-59.49,-33.33,3.85
13585,0.48,-874.96,-23.30,-240.72,-33.03,3.85
13586,0.94,-1456.20,-26.37,-517.94,-577.59,3.85
13587,0.59,-42.80,-23.08,-36.46,-37.87,3.85
13588,0.94,-1437.22,-29.87,-258.53,-39.30,3.85
13589,0.68,-1087.85,-29.04,-320.70,-40.59,3.85
13590,0.73,-562.66,-33.23,-219.25,-119.10,3.53
13591,0.30,-595.04,-29.00,-144.57,-94.85,3.53
13592,0.54,-1078.51,-30.57,-298.35,-129.94,4.17
13593,0.33,-512.85,-28.53,-116.35,-34.74,4.17
13594,0.96,-620.86,-28.20,-282.33,-87.82,4.17
13595,0.55,-920.06,-26.30,-272.78,-29.13,4.17
13596,0.53,-1022.29,-32.03,-343.07,-130.26,3.85
13597,0.61,-756.15,-37.06,-270.18,-131.47,3.85
13598,0.73,-1220.11,-22.40,-252.30,-31.67,3.85
13599,0.51,-935.05,-23.43,-183.06,-38.04,5.13
13600,0.39,-576.90,-29.63,-111.99,-35.45,5.13
13601,0.33,-43.79,-24.42,-30.00,-27.77,5.13
13602,0.31,-598.98,-25.44,-198.73,-44.36,5.13
13603,0.57,-563.84,-22.48,-135.00,-41.69,4.81
13604,0.55,-777.47,-26.86,-164.02,-37.34,5.13
13605,0.77,-671.99,-32.03,-293.72,-133.03,4.81
13606,0.32,-112.87,-29.28,-43.45,-33.39,4.81
13607,0.34,-597.42,-27.15,-124.62,-33.72,4.81
13608,0.31,-593.41,-26.94,-172.40,-130.68,4.81
13609,0.35,-548.09,-28.60,-128.10,-39.42,4.81
13610,0.45,-603.21,-23.26,-246.05,-47.01,4.81
13611,0.54,-588.81,-29.52,-125.81,-42.74,4.81
13612,0.34,-603.07,-29.44,-213.90,-74.56,4.81
13613,0.77,-944.12,-29.82,-411.86,-551.03,5.45
13614,0.77,-1418.23,-24.31,-230.32,-32.86,5.13
13615,0.33,-580.87,-26.01,-114.21,-30.26,4.17
13616,0.91,-1361.16,-21.49,-480.44,-35.83,4.17
13617,0.32,-572.69,-27.04,-178.55,-30.70,4.49
13618,0.44,-577.41,-27.42,-149.86,-112.35,4.49
13619,0.78,-626.31,-30.36,-119.93,-33.66,3.53
13620,0.61,-1168.91,-27.91,-370.20,-109.68,3.53
13621,0.61,-913.84,-32.92,-389.50,-109.82,3.53
13622,0.50,-948.10,-33.51,-356.84,-132.69,3.53
13623,0.36,-599.72,-24.26,-262.04,-91.19,3.53
13624,0.67,-1251.30,-30.55,-484.67,-134.22,3.53
13625,0.47,-771.53,-34.57,-453.84,-566.69,4.81
13626,1.11,-1164.36,-26.33,-208.81,-38.12,5.13
13627,0.32,-589.10,-23.07,-135.75,-39.01,5.13
13628,0.34,-113.02,-26.06,-43.54,-31.34,5.13
13629,0.54,-623.78,-21.89,-132.55,-40.35,5.13
13630,0.38,-44.83,-25.28,-33.27,-32.81,5.13
13631,0.43,-127.71,-24.15,-46.35,-32.63,4.81
13632,0.32,-601.20,-21.36,-139.27,-34.72,4.49
13633,0.69,-563.94,-26.33,-120.01,-36.35,4.49
13634,0.64,-1186.55,-24.68,-287.51,-29.24,4.17
13635,0.80,-1346.66,-35.88,-624.05,-602.23,4.17
13636,0.57,-1076.42,-21.51,-273.27,-36.79,4.17
13637,0.35,-599.83,-26.89,-198.59,-36.34,3.85
13638,0.58,-113.74,-26.92,-45.82,-35.51,4.49
13639,0.79,-1272.13,-29.08,-347.58,-126.99,4.49
13640,0.76,-837.80,-28.83,-269.25,-38.75,4.17
13641,0.80,-942.55,-31.09,-238.60,-34.20,4.17
13642,0.79,-812.92,-29.39,-195.40,-100.40,4.17
13643,0.30,-599.50,-33.61,-130.36,-40.70,4.17
13644,0.33,-628.02,-27.52,-192.66,-32.50,4.17
13645,0.45,-824.07,-28.99,-240.14,-31.98,4.17
13646,0.33,-601.97,-27.30,-150.11,-108.65,4.17
13647,0.63,-769.98,-29.19,-155.53,-42.99,4.17
13648,0.35,-633.04,-28.21,-236.01,-107.64,4.49
13649,0.49,-573.35,-25.48,-135.95,-39.15,4.49
13650,0.42,-88.04,-25.88,-39.89,-34.37,4.49
13651,0.48,-587.58,-29.90,-112.93,-31.87,5.13
13652,0.33,-124.04,-23.21,-56.99,-38.82,5.13
13653,0.50,-835.43,-21.91,-298.17,-37.06,5.13
13654,0.35,-632.82,-24.25,-214.60,-39.14,4.49
13655,0.50,-938.23,-26.41,-332.04,-103.86,4.49
13656,0.51,-800.87,-28.64,-231.76,-38.40,4.49
13657,0.42,-40.40,-23.39,-30.77,-31.98,4.49
13658,0.86,-925.49,-23.31,-186.77,-37.08,5.13
13659,0.31,-111.59,-23.14,-54.44,-35.75,5.13
13660,0.36,-568.13,-28.98,-120.87,-36.11,5.13
13661,0.34,-33.61,-22.71,-30.46,-31.88,5.13
13662,0.46,-853.84,-26.07,-305.04,-35.59,5.13
13663,0.54,-592.59,-24.03,-121.72,-28.40,5.13
13664,0.86,-931.40,-28.64,-236.63,-113.68,5.13
13665,0.59,-1016.09,-21.81,-252.22,-33.69,5.13
13666,0.45,-770.93,-22.04,-134.78,-29.23,5.13
13667,0.72,-124.16,-23.59,-55.65,-32.32,5.13
13668,0.52,-920.49,-29.21,-170.37,-34.60,3.85
13669,0.35,-611.64,-27.29,-194.23,-33.98,3.21
13670,0.71,-1120.23,-27.39,-212.57,-38.73,3.21
13671,0.59,-971.18,-32.54,-272.63,-113.81,4.81
13672,0.83,-651.43,-36.25,-248.43,-135.05,4.81
13673,0.29,-601.18,-31.19,-213.19,-126.51,4.81
13674,0.66,-1110.76,-21.45,-185.38,-29.45,4.81
13675,0.55,-806.76,-21.85,-143.11,-35.40,4.81
13676,0.34,-38.06,-24.39,-31.08,-30.85,4.81
13677,0.31,-139.22,-27.99,-60.16,-36.24,3.53
13678,0.78,-490.69,-29.09,-131.36,-110.75,3.53
13679,0.66,-1099.61,-31.01,-334.08,-35.81,3.53
13680,0.71,-606.34,-28.57,-140.45,-40.99,3.53
13681,0.80,-1210.65,-23.65,-346.79,-41.83,3.53
13682,0.36,-638.28,-25.75,-149.66,-65.64,3.53
13683,2.07,-979.86,-25.30,-352.97,-47.08,3.53
13684,0.35,-111.07,-32.38,-58.95,-45.56,3.53
13685,0.54,-424.46,-30.22,-126.09,-106.27,3.53
13686,0.31,-585.75,-29.98,-165.54,-110.69,3.53
13687,0.77,-589.28,-26.79,-188.00,-114.03,4.81
13688,1.07,-547.99,-32.67,-194.20,-107.69,4.81
13689,0.89,-1156.82,-26.77,-191.72,-31.62,4.81
13690,0.76,-1250.94,-37.02,-383.52,-44.07,4.81
13691,0.51,-629.87,-23.01,-131.13,-39.67,4.81
13692,0.62,-1079.76,-26.27,-197.40,-37.64,4.81
13693,0.32,-112.66,-29.00,-45.44,-32.95,5.13
13694,0.93,-1165.07,-27.55,-291.43,-35.47,5.13
13695,0.33,-81.05,-26.72,-37.76,-29.39,5.13
13696,0.47,-802.56,-27.66,-298.96,-32.13,5.13
13697,0.51,-895.65,-20.36,-155.32,-34.33,4.17
13698,0.57,-1023.89,-22.49,-192.00,-44.50,4.17
13699,0.54,-1090.79,-24.48,-424.17,-567.61,4.17
13700,0.45,-817.63,-30.63,-252.70,-36.19,3.53
13701,0.30,-575.31,-24.56,-128.50,-40.62,3.53
13702,0.48,-796.15,-34.80,-156.96,-39.33,3.53
13703,0.33,-133.51,-30.20,-72.40,-37.22,3.53
13704,0.98,-856.59,-30.43,-319.33,-48.15,3.53
13705,0.35,-552.15,-31.56,-143.30,-110.04,3.53
13706,0.38,-694.36,-24.78,-126.12,-32.29,3.53
13707,0.49,-786.91,-31.01,-188.66,-113.35,3.53
13708,0.74,-994.82,-19.23,-425.86,-567.93,4.17
13709,0.47,-619.13,-25.16,-125.06,-28.61,3.85
13710,0.77,-1174.95,-30.67,-308.39,-33.81,3.85
13711,0.70,-1214.58,-28.44,-556.86,-551.36,4.49
13712,0.63,-1248.23,-30.86,-415.42,-43.64,4.49
13713,0.85,-953.42,-24.64,-359.18,-135.01,4.49
13714,0.34,-573.61,-26.00,-112.51,-35.68,4.17
13715,0.55,-980.88,-28.29,-250.43,-34.80,4.17
13716,0.31,-611.13,-27.93,-136.77,-39.41,3.85
13717,0.30,-602.03,-28.56,-284.44,-141.41,3.85
13718,0.34,-112.30,-23.60,-59.89,-32.84,3.53
13719,0.72,-1008.35,-27.83,-390.18,-122.35,3.53
13720,0.41,-169.77,-27.43,-84.66,-104.55,3.53
13721,0.44,-613.37,-27.33,-142.35,-56.97,3.85
13722,0.30,-618.52,-27.40,-212.94,-38.33,3.85
13723,0.61,-601.96,-30.31,-235.89,-37.00,3.85
13724,0.28,-623.87,-29.05,-153.16,-110.11,2.88
13725,0.65,-1193.16,-26.32,-365.65,-113.59,2.88
13726,0.75,-1109.54,-25.12,-439.11,-114.43,2.88
13727,0.72,-634.44,-37.19,-373.63,-581.01,2.88
13728,0.54,-892.52,-33.29,-279.37,-130.74,2.88
13729,0.49,-861.23,-31.58,-511.30,-606.93,2.88
13730,0.65,-910.19,-39.16,-286.66,-132.42,2.88
13731,0.70,-580.77,-28.64,-209.58,-110.87,2.88
13732,0.48,-846.23,-47.04,-380.75,-172.68,2.88
13733,0.33,-554.28,-32.70,-274.69,-179.94,2.88
13734,0.52,-926.60,-27.64,-410.93,-559.65,3.53
13735,0.71,-1220.13,-24.15,-409.87,-128.66,3.85
13736,0.52,-809.46,-27.46,-245.36,-110.38,3.85
13737,0.40,-552.61,-25.39,-173.40,-36.05,3.85
13738,0.69,-548.30,-27.15,-163.43,-33.93,3.85
13739,0.47,-846.32,-36.85,-341.52,-125.08,3.85
13740,0.78,-1223.08,-30.50,-404.35,-84.46,3.53
13741,0.33,-605.61,-28.95,-127.63,-32.59,3.53
13742,0.81,-627.90,-31.80,-369.94,-479.46,3.53
13743,0.66,-1217.74,-30.00,-225.22,-41.32,3.53
13744,0.33,-588.78,-31.96,-125.52,-36.67,3.53
13745,0.63,-1004.37,-37.88,-377.87,-158.70,3.21
13746,0.67,-1262.43,-26.97,-280.25,-31.11,3.21
13747,0.62,-1014.61,-33.92,-276.60,-113.29,3.21
13748,0.35,-482.38,-26.96,-119.26,-36.78,3.21
13749,0.76,-662.73,-36.16,-150.97,-42.40,3.21
13750,0.56,-1072.13,-22.41,-317.78,-110.36,3.53
13751,0.71,-1287.54,-28.45,-329.72,-111.49,3.53
13752,1.45,-1054.82,-32.32,-318.38,-116.22,3.53
13753,0.55,-867.80,-30.84,-335.70,-136.67,3.85
13754,0.41,-607.53,-29.37,-291.33,-130.60,3.85
13755,0.77,-995.45,-31.82,-315.41,-38.01,3.85
13756,0.36,-596.79,-30.48,-198.51,-49.10,3.85
13757,0.37,-612.00,-30.16,-145.39,-40.13,3.85
13758,0.82,-583.52,-29.50,-205.49,-131.64,3.85
13759,0.46,-611.68,-29.79,-276.91,-78.84,3.85
13760,0.29,-575.20,-25.10,-122.80,-33.47,3.85
13761,0.96,-1084.00,-23.70,-209.51,-46.54,3.21
13762,0.69,-1165.82,-31.67,-408.57,-111.37,3.21
13763,0.78,-1425.79,-24.91,-255.14,-41.82,3.21
13764,0.33,-152.37,-28.42,-75.09,-52.23,4.17
13765,0.46,-743.80,-25.04,-298.81,-112.83,4.17
13766,0.67,-1089.09,-26.89,-301.20,-38.09,4.17
13767,0.52,-867.05,-30.30,-259.55,-40.98,4.17
13768,0.78,-1015.13,-26.02,-318.27,-115.22,3.85
13769,0.64,-948.15,-35.36,-361.29,-137.62,3.85
13770,0.34,-585.04,-23.84,-208.68,-79.39,3.53
13771,0.71,-625.92,-28.63,-300.25,-114.68,3.53
13772,0.52,-859.40,-28.50,-262.56,-112.18,3.53
13773,0.88,-1056.07,-26.84,-430.41,-567.73,3.53
13774,0.33,-575.82,-24.91,-201.74,-58.29,3.53
13775,0.62,-1113.39,-32.49,-378.84,-121.93,3.53
13776,0.31,-129.92,-28.01,-59.04,-35.06,3.53
13777,0.69,-1179.62,-27.70,-540.34,-608.73,3.85
13778,0.50,-849.49,-27.00,-185.33,-112.74,3.85
13779,0.52,-732.58,-17.67,-130.00,-30.66,3.53
13780,0.64,-1240.16,-34.74,-421.49,-112.67,3.53
13781,1.08,-1381.34,-29.37,-382.32,-106.92,3.53
13782,0.84,-1289.82,-33.66,-391.61,-119.64,3.53
13783,0.32,-139.58,-30.00,-50.14,-34.71,3.53
13784,0.62,-1261.84,-28.99,-438.97,-535.24,3.53
13785,0.49,-818.59,-28.92,-230.03,-40.88,3.53
13786,0.77,-1152.61,-25.72,-448.43,-134.62,3.53
13787,0.65,-1123.98,-33.74,-454.88,-551.76,3.53
13788,0.44,-770.23,-27.04,-178.98,-116.39,3.53
13789,0.61,-584.01,-28.53,-289.57,-359.82,3.53
13790,0.78,-1082.13,-29.87,-379.41,-88.80,4.49
13791,0.60,-809.61,-25.17,-144.34,-33.10,4.49
13792,0.61,-572.63,-28.36,-204.54,-84.35,4.49
13793,0.37,-595.85,-32.24,-137.50,-39.63,3.53
13794,0.72,-1336.72,-28.95,-233.46,-32.59,3.53
13795,0.59,-846.02,-24.69,-175.58,-36.03,3.53
13796,0.31,-636.80,-29.10,-376.86,-553.46,3.53
13797,0.50,-861.49,-37.29,-383.52,-365.41,3.53
13798,0.30,-112.22,-30.39,-56.25,-34.65,3.85
13799,0.63,-1184.42,-28.17,-213.80,-37.73,3.85
13800,0.28,-136.85,-24.07,-67.53,-31.93,3.53
13801,0.37,-602.32,-23.90,-164.24,-31.76,3.53
13802,0.73,-1425.88,-32.42,-602.83,-556.20,3.53
13803,0.64,-1080.88,-22.44,-291.75,-130.85,3.53
13804,0.65,-1157.26,-26.23,-367.72,-113.85,3.53
13805,0.64,-1179.91,-25.86,-636.88,-617.61,3.53
13806,0.76,-635.12,-26.75,-237.78,-93.97,4.17
13807,0.99,-1202.36,-26.30,-383.00,-134.85,4.17
13808,0.67,-1198.17,-35.75,-418.38,-112.40,4.17
13809,0.59,-987.76,-30.52,-249.38,-37.20,4.17
13810,0.39,-591.12,-25.18,-123.65,-34.11,4.17
13811,0.75,-949.15,-33.93,-303.71,-114.33,4.17
13812,0.45,-802.83,-35.17,-355.12,-122.49,4.17
13813,0.30,-112.65,-24.39,-64.01,-31.76,4.17
13814,0.71,-1264.22,-32.33,-461.68,-114.39,4.17
13815,0.49,-863.60,-24.16,-170.00,-47.51,4.17
13816,1.18,-1335.49,-31.26,-295.15,-32.86,4.17
13817,0.37,-630.30,-28.80,-120.94,-37.99,4.17
13818,0.31,-628.20,-22.22,-161.27,-111.92,4.17
13819,0.68,-551.79,-30.60,-113.37,-46.05,4.49
13820,0.30,-536.12,-26.80,-145.69,-37.78,4.49
13821,0.72,-1297.50,-26.35,-530.11,-542.20,4.17
13822,0.42,-477.49,-30.18,-98.19,-35.69,4.17
13823,0.49,-650.10,-29.72,-299.13,-129.37,4.17
13824,0.55,-862.11,-27.77,-257.89,-127.80,4.17
13825,0.60,-1059.09,-24.96,-265.22,-32.27,4.17
13826,0.40,-589.73,-28.46,-154.59,-44.99,3.85
13827,0.62,-936.85,-27.44,-330.99,-112.62,4.81
13828,0.39,-111.35,-29.59,-45.74,-35.10,3.53
13829,0.45,-608.45,-29.37,-216.76,-110.01,4.49
13830,0.51,-47.01,-25.49,-33.38,-32.40,3.21
13831,0.67,-623.15,-31.36,-239.68,-133.50,3.21
13832,0.88,-1223.88,-25.36,-406.93,-119.01,5.13
13833,0.47,-126.08,-29.47,-47.22,-35.34,5.13
13834,0.61,-1195.12,-26.83,-293.00,-44.24,5.13
13835,0.44,-594.03,-23.38,-114.18,-35.40,5.13
13836,0.43,-129.84,-24.57,-59.30,-39.83,5.45
13837,0.43,-112.99,-32.95,-65.06,-37.07,5.45
13838,0.65,-1327.37,-28.54,-219.02,-33.73,5.45
13839,0.32,-111.63,-24.14,-41.45,-30.50,5.45
13840,0.77,-661.76,-31.43,-154.41,-45.22,5.45
13841,0.36,-623.35,-24.56,-182.68,-31.34,5.45
13842,0.55,-592.86,-30.74,-146.37,-39.28,5.45
13843,0.41,-108.24,-26.17,-45.83,-36.99,5.45
13844,0.36,-130.18,-29.67,-69.90,-65.35,3.53
13845,0.45,-833.41,-20.91,-227.51,-34.55,3.53
13846,0.54,-953.97,-31.74,-397.07,-471.31,5.45
13847,0.35,-42.65,-24.15,-31.89,-30.24,5.45
13848,0.42,-663.85,-26.80,-219.99,-110.14,5.45
13849,0.40,-593.19,-22.67,-124.07,-36.17,5.45
13850,0.34,-35.24,-25.13,-30.43,-31.06,5.13
13851,0.36,-112.92,-28.59,-45.93,-35.00,5.13
13852,0.32,-114.19,-26.06,-52.84,-36.13,5.13
13853,0.35,-560.40,-24.83,-117.47,-31.78,5.13
13854,0.30,-587.55,-29.50,-225.20,-112.12,3.53
13855,0.49,-830.94,-33.58,-377.76,-157.33,3.53
13856,0.32,-589.10,-26.70,-143.14,-38.87,3.53
13857,0.78,-1209.49,-21.11,-415.73,-37.29,3.53
13858,0.95,-604.66,-36.16,-299.38,-138.41,3.53
13859,0.33,-629.71,-30.58,-370.26,-571.80,3.53
13860,0.80,-1514.77,-27.42,-407.70,-102.81,3.85
13861,0.31,-624.37,-27.66,-158.85,-113.31,3.85
13862,0.77,-909.16,-27.21,-284.55,-37.68,5.13
13863,0.67,-1314.22,-29.64,-292.18,-32.24,3.85
13864,0.34,-608.09,-31.06,-139.56,-43.29,3.85
13865,0.69,-629.56,-36.84,-305.35,-128.51,3.85
13866,0.57,-1019.65,-26.37,-311.40,-37.79,3.85
13867,0.44,-858.50,-27.98,-304.84,-35.17,3.85
13868,0.64,-145.15,-28.41,-60.91,-35.27,3.85
13869,0.37,-578.32,-33.83,-201.73,-41.09,4.49
13870,0.35,-571.92,-35.22,-134.31,-39.04,4.49
13871,0.40,-125.00,-28.79,-53.62,-33.41,4.49
13872,0.30,-574.79,-23.30,-134.73,-33.94,4.49
13873,0.48,-970.45,-36.44,-295.73,-133.50,4.49
13874,0.69,-1196.31,-26.57,-280.83,-39.51,4.49
13875,0.35,-39.36,-28.71,-34.12,-35.11,4.49
13876,0.53,-912.69,-27.00,-170.60,-32.14,4.49
13877,0.54,-1000.81,-26.18,-170.47,-32.93,4.49
13878,0.80,-628.24,-26.76,-191.14,-36.76,5.13
13879,0.78,-1102.03,-33.14,-283.46,-45.07,5.13
13880,0.65,-884.89,-26.24,-367.90,-32.16,5.13
13881,0.71,-1104.72,-31.50,-325.12,-44.05,5.13
13882,0.53,-997.48,-23.16,-167.28,-28.50,5.13
13883,0.32,-608.96,-29.21,-131.88,-37.66,5.13
13884,0.72,-1148.64,-29.32,-494.84,-552.83,5.13
13885,0.37,-579.97,-28.36,-183.92,-36.91,4.17
13886,0.40,-626.89,-18.98,-126.81,-30.86,4.17
13887,0.32,-574.48,-27.51,-124.73,-32.93,4.17
13888,0.30,-577.39,-33.23,-160.17,-112.89,4.17
13889,1.18,-635.20,-29.35,-185.09,-112.10,4.17
13890,0.76,-1096.84,-24.78,-260.07,-34.95,4.49
13891,0.32,-617.75,-28.89,-198.29,-32.67,4.49
13892,0.50,-736.19,-27.72,-207.43,-31.98,4.49
13893,0.48,-829.27,-21.96,-169.16,-34.17,4.49
13894,0.53,-711.09,-21.25,-210.49,-31.91,4.49
13895,0.72,-1210.15,-26.91,-382.53,-114.09,4.81
13896,0.48,-879.21,-26.89,-178.37,-36.81,4.81
13897,0.49,-874.95,-25.05,-244.35,-33.96,5.13
13898,0.32,-184.17,-20.07,-65.98,-33.37,5.13
13899,0.34,-620.93,-26.88,-145.60,-45.30,5.13
13900,0.51,-796.88,-21.51,-150.51,-29.01,5.13
13901,0.60,-1036.28,-22.93,-188.34,-36.11,5.13
13902,0.79,-1068.88,-22.20,-294.21,-121.40,5.13
13903,0.48,-618.79,-18.89,-207.50,-27.58,4.17
13904,0.48,-918.81,-28.97,-378.98,-149.06,4.17
13905,0.91,-605.05,-25.94,-265.52,-123.19,4.17
13906,0.40,-116.35,-23.84,-50.27,-33.14,4.17
13907,0.57,-1066.15,-24.91,-264.27,-57.40,4.17
13908,0.56,-992.98,-27.25,-457.81,-547.94,4.17
13909,0.77,-966.41,-28.23,-269.11,-112.91,4.17
13910,0.56,-742.71,-23.16,-331.65,-294.56,5.77
13911,0.33,-36.55,-19.56,-29.39,-30.86,5.77
13912,0.45,-608.27,-22.85,-270.64,-36.86,5.77
13913,0.55,-923.68,-21.50,-169.88,-28.49,5.77
13914,0.57,-878.10,-22.32,-148.92,-28.52,4.49
13915,0.64,-913.27,-32.77,-186.05,-37.12,4.49
13916,0.40,-112.89,-22.82,-52.77,-30.88,4.49
13917,0.54,-976.13,-27.33,-184.95,-41.43,4.49
13918,0.64,-620.36,-26.20,-211.54,-47.38,4.49
13919,0.57,-256.48,-26.64,-88.97,-30.86,4.49
13920,0.37,-84.14,-24.55,-38.31,-32.53,4.49
13921,0.49,-815.74,-24.85,-167.54,-50.61,4.49
13922,0.55,-137.56,-27.25,-48.14,-35.75,3.21
13923,1.39,-805.41,-28.85,-274.92,-114.28,3.21
13924,2.56,-831.32,-24.03,-386.32,-438.80,3.21
13925,0.49,-934.90,-22.03,-209.92,-110.63,3.85
13926,0.49,-940.27,-28.93,-332.08,-111.03,3.85
13927,0.33,-547.20,-24.35,-149.10,-112.57,3.85
13928,0.66,-1027.94,-28.03,-302.20,-120.68,3.85
13929,0.32,-135.99,-25.14,-49.77,-34.30,3.85
13930,0.35,-563.88,-24.52,-116.41,-29.68,3.21
13931,0.40,-617.01,-26.73,-290.85,-126.35,3.21
13932,0.47,-817.10,-35.77,-374.42,-128.99,3.21
13933,0.45,-574.93,-21.97,-136.05,-40.42,3.21
13934,0.79,-1313.71,-30.86,-355.67,-38.70,3.21
13935,0.43,-853.55,-24.66,-252.76,-112.35,3.21
13936,0.74,-1226.09,-33.07,-603.42,-586.13,3.53
13937,0.31,-614.49,-21.50,-220.99,-111.82,3.53
13938,0.68,-952.13,-36.20,-534.38,-591.95,3.53
13939,0.30,-566.64,-25.92,-187.57,-37.59,3.53
13940,0.65,-1085.14,-22.81,-419.87,-569.80,3.53
13941,0.75,-1103.21,-33.25,-618.93,-715.98,3.53
13942,0.59,-942.73,-18.08,-350.18,-156.89,3.53
13943,0.43,-753.17,-26.69,-267.50,-130.43,3.53
13944,0.47,-806.05,-25.57,-258.43,-108.27,3.53
13945,0.54,-868.83,-16.05,-163.35,-37.85,3.53
13946,0.77,-629.19,-31.49,-222.51,-111.07,3.53
13947,0.49,-839.79,-27.18,-164.61,-30.42,3.53
13948,0.39,-521.84,-31.91,-136.74,-93.22,3.53
13949,0.70,-1264.95,-27.33,-319.43,-128.82,3.53
13950,0.48,-945.23,-29.64,-254.15,-41.68,3.53
13951,0.34,-575.97,-29.09,-150.19,-110.87,3.53
13952,0.61,-1128.19,-27.46,-345.28,-129.28,3.53
13953,0.41,-740.43,-29.25,-238.07,-119.12,3.53
13954,0.33,-141.37,-23.33,-87.45,-112.55,3.53
13955,0.47,-598.04,-29.79,-217.41,-121.81,3.53
13956,0.52,-878.00,-21.62,-227.70,-39.36,4.17
13957,0.93,-38.72,-23.83,-31.66,-33.76,4.17
13958,0.32,-544.37,-26.87,-116.55,-36.68,4.17
13959,0.49,-903.83,-27.57,-193.62,-110.97,4.17
13960,0.62,-880.35,-27.24,-231.03,-32.79,4.17
13961,0.36,-576.48,-21.84,-134.63,-28.14,4.17
13962,0.39,-132.35,-22.04,-44.96,-29.79,3.85
13963,0.32,-627.91,-28.77,-128.78,-33.63,3.85
13964,0.38,-619.34,-22.50,-267.19,-133.82,4.81
13965,0.45,-854.70,-27.42,-259.28,-130.12,4.81
13966,0.34,-121.58,-27.74,-70.00,-42.35,4.81
13967,0.74,-785.61,-26.44,-329.97,-135.33,4.81
13968,0.76,-625.19,-21.39,-193.88,-28.28,5.13
13969,0.58,-735.83,-19.78,-143.72,-32.32,5.13
13970,0.39,-37.41,-23.50,-29.57,-30.75,5.13
13971,0.52,-108.97,-26.40,-43.28,-33.64,5.13
13972,0.54,-866.02,-22.70,-157.67,-32.32,5.13
13973,1.21,-587.43,-23.36,-182.34,-32.58,4.17
13974,0.41,-601.32,-22.63,-137.11,-29.16,4.17
13975,0.38,-595.89,-38.95,-230.10,-115.47,4.17
13976,0.29,-581.33,-25.51,-226.25,-115.77,4.17
13977,1.26,-618.96,-25.82,-231.10,-109.93,4.17
13978,0.35,-614.22,-26.23,-230.87,-126.14,4.17
13979,0.79,-1355.74,-27.51,-231.18,-30.08,3.21
13980,0.62,-1215.17,-31.19,-245.39,-110.60,3.21
13981,0.48,-848.59,-24.28,-336.22,-144.69,3.21
13982,0.73,-835.55,-25.77,-421.92,-599.88,3.21
13983,0.61,-1036.46,-25.28,-548.75,-597.25,3.21
13984,0.70,-1109.08,-24.16,-515.81,-614.19,5.13
13985,0.32,-613.62,-21.11,-188.49,-43.35,4.49
13986,0.33,-630.54,-26.28,-154.15,-88.94,4.49
13987,0.36,-371.94,-29.14,-96.37,-34.83,4.49
13988,0.38,-594.45,-24.34,-182.84,-30.32,4.49
13989,0.66,-608.69,-25.26,-138.84,-36.63,4.49
13990,0.57,-857.92,-23.02,-230.82,-29.10,4.49
13991,0.68,-1162.11,-24.51,-274.09,-31.14,4.49
13992,0.83,-835.15,-26.41,-339.51,-53.58,4.17
13993,0.46,-545.54,-26.94,-181.72,-47.57,4.49
13994,0.71,-1002.43,-29.96,-222.34,-123.64,4.49
13995,0.43,-821.81,-28.08,-158.86,-39.00,4.17
13996,0.69,-1196.14,-32.02,-293.71,-44.43,4.17
13997,0.56,-1112.15,-20.42,-183.25,-29.76,4.17
13998,0.60,-895.14,-33.18,-401.61,-535.97,4.17
13999,1.12,-1024.52,-27.85,-185.98,-32.98,3.85
14000,0.56,-959.78,-24.02,-329.25,-123.99,4.81
14001,0.67,-1251.53,-28.53,-357.84,-37.46,3.85
14002,0.39,-111.98,-23.00,-42.32,-30.80,3.85
14003,0.88,-1234.70,-21.03,-370.73,-113.59,3.85
14004,0.32,-110.85,-27.75,-55.60,-36.96,3.85
14005,0.37,-597.46,-30.03,-126.76,-45.74,4.49
14006,0.41,-624.60,-25.23,-135.51,-34.49,4.49
14007,0.68,-953.09,-24.55,-185.25,-34.19,4.49
14008,0.48,-836.74,-30.97,-375.83,-543.81,4.49
14009,0.50,-872.27,-26.03,-352.75,-223.48,4.49
14010,0.36,-572.15,-16.12,-179.92,-26.47,4.49
14011,0.75,-1012.21,-23.25,-343.17,-135.94,4.49
14012,0.44,-825.37,-22.96,-158.58,-34.64,3.85
14013,0.45,-608.95,-32.10,-137.07,-40.16,4.17
14014,0.65,-1189.38,-23.37,-355.14,-32.04,4.17
14015,0.64,-1199.44,-23.31,-276.54,-38.35,4.17
14016,0.48,-828.16,-20.82,-167.41,-32.62,4.17
14017,0.29,-594.78,-23.10,-132.07,-30.75,4.17
14018,0.38,-587.65,-28.81,-217.50,-113.33,4.17
14019,0.50,-751.56,-24.14,-142.81,-29.12,4.49
14020,0.67,-1081.16,-19.34,-264.42,-33.20,4.49
14021,0.61,-906.41,-27.90,-259.70,-112.86,4.17
14022,0.59,-799.13,-24.20,-269.93,-145.35,4.17
14023,0.64,-1019.07,-24.82,-327.60,-120.67,3.21
14024,0.63,-618.93,-24.99,-409.21,-578.16,3.21
14025,0.42,-611.54,-24.50,-372.57,-551.66,3.21
14026,0.30,-607.57,-28.03,-148.35,-35.78,3.21
14027,0.58,-1135.93,-22.09,-307.33,-124.12,3.21
14028,0.45,-188.02,-26.08,-94.73,-111.03,3.21
14029,0.86,-595.87,-30.94,-258.21,-182.04,4.81
14030,0.37,-606.60,-27.55,-191.41,-38.98,3.85
14031,0.70,-960.58,-27.98,-280.98,-32.47,3.85
14032,0.62,-917.77,-20.58,-356.24,-114.17,3.85
14033,0.50,-823.61,-28.87,-174.99,-36.22,3.85
14034,3.71,-745.88,-26.63,-300.28,-46.34,3.85
14035,0.45,-778.39,-21.56,-167.65,-35.71,4.81
14036,0.59,-993.52,-28.88,-191.94,-35.41,4.81
14037,0.35,-596.25,-26.17,-146.24,-38.39,4.49
14038,0.40,-616.36,-25.48,-210.82,-34.07,4.81
14039,0.87,-809.52,-23.24,-229.67,-31.82,4.81
14040,0.41,-576.56,-23.06,-180.55,-34.34,3.21
14041,0.57,-585.10,-29.04,-319.28,-417.44,3.53
14042,0.40,-132.59,-26.13,-70.70,-37.17,3.53
14043,0.52,-894.73,-28.36,-171.03,-46.22,3.53
14044,0.54,-971.26,-25.95,-270.52,-112.45,3.53
14045,0.57,-953.24,-19.90,-339.94,-124.16,3.53
14046,0.30,-147.36,-27.72,-59.54,-31.78,3.85
14047,0.50,-883.53,-29.10,-270.82,-129.29,3.85
14048,0.40,-132.46,-29.93,-58.91,-35.74,3.85
14049,0.45,-898.09,-37.07,-405.80,-554.27,3.85
14050,0.98,-965.78,-23.31,-462.88,-577.28,4.17
14051,0.42,-47.69,-22.61,-31.33,-30.55,4.17
14052,0.55,-998.90,-29.61,-278.96,-133.00,4.81
14053,0.61,-1038.84,-25.54,-336.07,-110.97,4.81
14054,0.42,-591.31,-20.62,-263.11,-33.35,4.81
14055,0.86,-113.59,-21.94,-55.03,-37.03,4.81
14056,0.44,-110.60,-22.87,-54.82,-39.90,4.81
14057,0.63,-974.34,-23.20,-333.88,-113.16,4.81
14058,0.42,-770.92,-22.10,-149.86,-28.93,4.81
14059,0.67,-927.33,-23.66,-246.74,-35.39,4.49
14060,0.54,-866.63,-16.54,-151.60,-36.12,4.49
14061,0.32,-557.71,-25.60,-197.04,-109.75,4.49
14062,0.76,-576.91,-31.57,-112.59,-34.37,5.13
14063,0.87,-1234.22,-24.86,-371.44,-33.35,5.13
14064,0.36,-538.61,-24.98,-101.45,-29.02,5.13
14065,0.44,-822.17,-20.80,-151.35,-27.37,5.13
14066,0.58,-856.33,-15.18,-179.33,-39.41,5.13
14067,0.32,-116.48,-19.56,-39.88,-28.58,5.13
14068,0.45,-135.29,-28.95,-48.32,-32.76,5.13
14069,0.64,-1095.74,-23.21,-211.69,-31.46,4.49
14070,1.98,-113.00,-21.07,-59.76,-38.29,4.49
14071,0.61,-852.77,-27.21,-332.94,-169.11,3.85
14072,0.80,-1185.19,-23.98,-297.25,-28.68,3.85
14073,0.47,-876.84,-29.83,-215.26,-41.20,4.81
14074,0.51,-621.52,-21.66,-113.64,-30.12,4.81
14075,0.39,-615.29,-23.82,-138.50,-35.03,4.81
14076,0.47,-141.90,-25.62,-49.24,-31.59,4.81
14077,0.59,-1060.94,-27.80,-181.43,-38.06,4.81
14078,0.41,-138.49,-24.92,-59.01,-32.22,4.81
14079,0.48,-850.63,-26.80,-247.12,-41.98,4.17
14080,0.91,-1205.05,-31.34,-285.26,-35.07,4.17
14081,0.52,-867.91,-18.47,-302.55,-31.25,3.85
14082,0.49,-900.99,-24.03,-185.38,-39.41,3.85
14083,0.68,-1054.70,-26.77,-220.45,-103.73,3.85
14084,0.42,-618.45,-24.09,-115.94,-33.97,4.17
14085,0.50,-873.31,-31.80,-194.05,-108.60,4.17
14086,0.73,-1007.30,-28.83,-315.85,-132.82,4.17
14087,0.57,-1070.19,-27.69,-284.04,-110.24,4.17
14088,0.73,-1391.64,-24.05,-346.49,-31.55,4.17
14089,0.52,-593.48,-23.46,-119.74,-33.05,4.17
14090,0.97,-565.27,-20.38,-131.11,-30.48,3.53
14091,0.31,-616.82,-35.94,-394.86,-601.77,3.53
14092,0.77,-955.59,-29.47,-280.15,-111.67,3.53
14093,0.61,-1109.56,-23.48,-356.49,-115.12,3.53
14094,2.12,-1235.79,-32.02,-434.54,-115.70,3.53
14095,0.52,-872.23,-25.76,-310.02,-33.36,3.53
14096,0.48,-886.12,-24.49,-185.19,-32.83,3.53
14097,0.38,-136.53,-31.06,-88.36,-112.62,3.85
14098,0.62,-1150.46,-28.90,-378.42,-135.32,3.53
14099,0.70,-327.75,-24.30,-90.10,-38.25,3.53
14100,0.66,-1282.47,-28.58,-564.35,-596.89,3.53
14101,0.55,-1073.71,-24.71,-292.98,-114.59,3.53
14102,0.53,-935.31,-19.43,-190.27,-39.03,3.21
14103,0.43,-806.78,-23.47,-153.92,-39.97,3.21
14104,0.30,-629.85,-31.32,-379.65,-579.52,3.21
14105,0.52,-949.39,-30.67,-195.15,-78.32,3.21
14106,0.37,-601.38,-28.17,-152.92,-87.26,3.21
14107,0.62,-893.03,-25.21,-239.14,-91.07,4.17
14108,0.71,-1311.68,-35.08,-784.29,-906.29,4.17
14109,0.55,-952.05,-18.79,-408.90,-591.57,4.17
14110,0.32,-624.47,-28.10,-287.86,-113.12,4.17
14111,0.49,-619.90,-23.32,-198.72,-35.28,3.85
14112,0.54,-870.99,-20.32,-150.72,-30.99,3.85
14113,0.70,-1093.55,-27.42,-436.88,-129.51,3.85
14114,0.30,-603.64,-24.93,-204.44,-33.69,4.49
14115,0.38,-151.78,-28.13,-63.02,-32.41,3.85
14116,0.34,-135.80,-26.19,-72.84,-40.40,5.45
14117,0.47,-552.96,-27.29,-118.45,-35.11,5.45
14118,0.31,-570.56,-24.37,-146.78,-112.32,4.17
14119,0.48,-863.75,-23.51,-312.68,-36.52,3.53
14120,0.31,-563.11,-20.90,-116.67,-27.30,3.53
14121,0.35,-124.43,-26.50,-64.25,-29.58,3.53
14122,0.56,-970.01,-25.72,-319.91,-41.31,3.53
14123,0.57,-1114.72,-26.58,-326.70,-109.37,3.85
14124,0.52,-590.25,-24.11,-108.38,-25.45,3.53
14125,0.73,-1398.37,-27.12,-445.44,-134.05,3.53
14126,0.63,-1290.85,-28.88,-250.69,-102.55,3.53
14127,1.21,-1025.32,-22.63,-244.40,-28.16,3.85
14128,0.53,-971.83,-26.58,-201.24,-104.54,3.85
14129,0.66,-751.81,-21.54,-211.47,-28.76,3.85
14130,0.94,-811.96,-23.92,-314.38,-115.90,3.85
14131,0.68,-1256.67,-29.81,-312.11,-37.92,4.49
14132,0.77,-950.10,-25.28,-201.28,-112.51,4.81
14133,0.39,-50.53,-24.85,-34.89,-34.93,4.81
14134,0.80,-577.87,-22.81,-196.31,-35.01,4.81
14135,0.49,-868.84,-21.74,-320.50,-121.21,4.81
14136,0.41,-607.50,-18.35,-125.23,-32.96,4.17
14137,0.36,-609.54,-30.31,-352.06,-554.28,4.17
14138,0.62,-894.64,-26.19,-194.26,-80.19,4.17
14139,0.45,-781.51,-23.27,-212.86,-28.40,3.85
14140,0.33,-576.08,-27.77,-118.83,-35.43,3.85
14141,0.47,-792.28,-19.42,-175.63,-113.22,3.85
14142,0.50,-615.95,-23.20,-259.95,-108.97,3.85
14143,0.32,-620.51,-26.43,-366.10,-553.47,4.49
14144,0.53,-918.43,-25.70,-197.25,-63.15,4.49
14145,0.90,-1329.17,-24.99,-245.02,-32.14,5.13
14146,0.49,-828.47,-29.42,-185.87,-112.29,5.13
14147,0.38,-141.44,-22.01,-88.16,-115.29,4.17
14148,0.31,-441.13,-29.47,-117.94,-50.45,4.17
14149,0.53,-799.16,-26.36,-391.22,-411.73,3.53
14150,0.47,-602.81,-37.45,-160.55,-107.95,3.53
14151,0.74,-583.96,-29.97,-185.38,-112.38,3.53
14152,0.51,-965.14,-23.43,-329.67,-136.72,3.53
14153,0.79,-1195.66,-38.28,-479.55,-406.01,3.53
14154,0.31,-594.25,-25.86,-182.96,-30.88,3.53
14155,0.30,-618.80,-29.88,-231.08,-96.67,3.53
14156,0.67,-1109.31,-27.27,-463.29,-564.38,3.53
14157,0.45,-606.16,-25.93,-241.56,-130.78,3.53
14158,0.52,-1002.50,-31.90,-435.24,-544.05,3.53
14159,0.80,-771.36,-24.69,-313.43,-104.84,3.85
14160,0.37,-621.96,-24.66,-192.99,-30.87,3.85
14161,2.00,-641.12,-25.67,-239.13,-125.13,3.85
14162,0.36,-100.17,-22.40,-48.01,-30.42,3.85
14163,0.58,-964.74,-25.53,-297.64,-129.29,3.85
14164,0.70,-1269.03,-24.19,-208.93,-33.31,3.21
14165,0.46,-815.00,-25.20,-193.82,-111.20,3.21
14166,0.84,-587.91,-24.79,-190.50,-28.95,4.49
14167,0.54,-1065.53,-24.47,-333.80,-126.57,4.49
14168,0.41,-102.42,-23.61,-42.07,-35.89,4.49
14169,0.55,-869.83,-29.15,-250.31,-59.70,4.17
14170,0.32,-598.31,-23.40,-156.12,-109.03,4.17
14171,0.33,-576.28,-24.27,-166.64,-129.68,4.17
14172,0.31,-559.36,-29.49,-208.06,-121.59,4.17
14173,0.56,-822.71,-23.15,-225.24,-35.61,4.17
14174,0.65,-1161.89,-31.07,-478.71,-571.47,4.17
14175,0.45,-102.35,-21.69,-37.63,-27.25,4.17
14176,0.77,-740.67,-20.79,-239.87,-114.76,4.17
14177,0.41,-132.17,-25.18,-45.19,-31.55,4.17
14178,0.66,-869.17,-21.74,-248.62,-39.78,4.17
14179,0.58,-428.60,-27.32,-111.25,-36.90,4.17
14180,0.66,-1283.80,-29.52,-232.99,-33.67,4.17
14181,0.52,-874.68,-25.05,-249.26,-33.96,4.17
14182,0.34,-629.56,-19.42,-128.60,-37.07,4.17
14183,0.32,-625.85,-20.78,-129.38,-33.54,5.13
14184,0.37,-580.42,-19.87,-107.90,-31.11,5.13
14185,0.38,-594.22,-18.14,-109.18,-27.21,5.13
14186,0.77,-1128.03,-24.43,-188.55,-34.73,4.17
14187,0.71,-937.83,-22.89,-289.95,-108.27,4.17
14188,0.54,-590.69,-26.15,-197.40,-44.38,5.13
14189,0.57,-806.69,-23.63,-155.79,-39.08,4.49
14190,0.81,-1423.31,-26.52,-315.90,-38.19,3.21
14191,0.45,-597.85,-24.56,-204.05,-105.51,3.21
14192,0.36,-120.63,-23.67,-65.76,-35.01,3.21
14193,0.78,-772.19,-26.53,-212.85,-37.33,3.21
14194,0.32,-566.32,-29.96,-146.47,-111.00,3.21
14195,0.74,-1209.01,-27.68,-429.40,-131.51,3.21
14196,0.77,-1068.48,-28.99,-464.25,-600.28,3.21
14197,0.58,-607.41,-27.05,-177.19,-131.67,3.21
14198,0.43,-836.91,-23.47,-196.93,-112.06,3.21
14199,0.31,-116.52,-24.08,-50.99,-31.67,4.17
14200,0.47,-37.86,-22.32,-30.05,-30.25,4.17
14201,0.30,-581.72,-32.23,-146.47,-111.14,4.17
14202,0.29,-134.87,-26.37,-66.41,-33.90,4.17
14203,0.79,-1241.06,-25.15,-342.81,-36.09,4.17
14204,0.44,-838.33,-26.10,-290.97,-108.41,4.17
14205,0.96,-915.77,-24.88,-530.49,-582.75,4.17
14206,0.81,-1356.74,-28.77,-250.12,-37.82,4.17
14207,0.45,-124.71,-18.45,-41.96,-28.40,4.17
14208,0.37,-599.80,-27.00,-127.72,-37.18,4.49
14209,0.56,-958.40,-19.60,-160.79,-29.60,4.49
14210,0.54,-824.90,-27.50,-223.78,-31.47,4.49
14211,0.72,-1389.44,-26.17,-497.41,-112.87,4.49
14212,0.60,-986.77,-21.15,-490.96,-594.09,4.49
14213,0.31,-615.17,-28.89,-255.58,-141.10,3.53
14214,0.56,-1114.21,-27.05,-215.78,-38.86,3.53
14215,0.72,-1112.96,-23.40,-323.65,-153.68,3.53
14216,0.62,-1184.88,-26.17,-381.18,-33.84,3.53
14217,0.55,-1017.36,-25.76,-334.44,-110.09,3.53
14218,0.53,-869.05,-25.97,-334.62,-185.98,3.53
14219,0.48,-800.14,-25.53,-254.01,-126.92,3.53
14220,0.32,-597.50,-21.53,-143.82,-107.10,4.17
14221,0.35,-558.32,-27.00,-204.20,-117.41,4.17
14222,0.68,-1189.94,-22.07,-408.58,-136.48,4.17
14223,0.60,-1195.00,-27.72,-238.16,-112.58,4.17
14224,0.71,-1185.83,-26.90,-561.77,-587.89,3.85
14225,0.58,-992.31,-24.98,-339.20,-125.55,3.85
14226,0.48,-582.00,-28.31,-109.22,-30.45,3.85
14227,0.37,-602.24,-25.10,-114.99,-39.63,3.85
14228,0.44,-841.43,-26.20,-324.10,-111.48,3.85
14229,0.51,-856.71,-28.35,-254.98,-130.08,3.85
14230,0.60,-905.67,-20.85,-179.60,-31.20,3.85
14231,0.60,-1171.56,-19.80,-397.72,-133.38,3.85
14232,0.61,-1003.28,-29.88,-364.88,-134.65,3.85
14233,0.36,-133.34,-29.10,-74.11,-37.35,3.85
14234,0.75,-981.87,-27.11,-267.26,-33.05,3.85
14235,0.63,-643.00,-20.61,-243.29,-114.49,3.85
14236,0.52,-950.04,-21.38,-250.40,-35.54,4.81
14237,1.18,-1424.91,-26.29,-389.56,-179.65,4.81
14238,0.35,-578.51,-21.38,-133.15,-40.34,4.81
14239,0.59,-1013.39,-23.65,-185.72,-41.22,4.81
14240,0.72,-659.19,-27.49,-211.31,-35.82,4.81
14241,0.54,-133.64,-23.13,-45.00,-31.50,4.81
14242,0.38,-608.40,-24.83,-198.02,-38.85,4.17
14243,0.42,-593.87,-19.26,-113.77,-36.80,4.49
14244,0.41,-784.78,-30.09,-242.48,-40.45,4.49
14245,0.53,-917.85,-23.36,-248.71,-32.02,4.49
14246,3.37,-696.25,-20.58,-141.55,-40.27,4.49
14247,0.85,-690.71,-17.65,-124.02,-32.36,4.49
14248,0.81,-1241.98,-19.20,-292.85,-43.22,4.49
14249,1.01,-1484.49,-14.62,-360.12,-39.70,5.13
14250,0.62,-1183.35,-17.76,-321.75,-110.98,5.13
14251,0.69,-673.69,-25.25,-134.32,-33.86,5.13
14252,0.63,-136.46,-28.21,-50.30,-34.42,5.13
14253,0.32,-132.45,-24.65,-68.68,-35.32,5.13
14254,0.38,-591.97,-23.84,-109.59,-31.16,5.13
14255,0.51,-880.59,-25.63,-232.78,-35.51,5.13
14256,1.29,-109.90,-20.42,-45.63,-35.37,5.13
14257,0.75,-998.99,-22.78,-174.55,-34.84,5.13
14258,0.46,-627.71,-26.01,-276.99,-39.18,5.13
14259,0.43,-638.71,-28.54,-145.88,-35.91,5.13
14260,0.56,-872.06,-28.51,-246.51,-33.59,4.17
14261,0.70,-976.00,-29.69,-359.84,-36.81,4.17
14262,0.37,-620.85,-23.01,-250.23,-132.65,4.81
14263,0.75,-241.42,-21.17,-62.92,-35.81,4.49
14264,0.63,-1163.36,-21.54,-203.68,-29.92,4.49
14265,0.62,-1118.17,-30.56,-227.46,-113.18,4.49
14266,0.63,-627.91,-20.55,-260.35,-32.80,4.49
14267,0.48,-42.79,-26.90,-33.18,-34.65,4.49
14268,0.42,-782.48,-30.46,-256.46,-127.15,4.49
14269,0.45,-594.22,-38.56,-237.75,-130.13,4.49
14270,0.50,-962.34,-21.22,-381.97,-137.17,4.49
14271,0.67,-1203.76,-24.91,-339.33,-40.23,5.45
14272,0.70,-792.54,-17.10,-154.94,-31.76,5.13
14273,0.79,-1300.02,-24.68,-414.53,-162.30,4.17
14274,0.62,-1030.41,-23.03,-284.54,-118.19,4.17
14275,0.44,-758.92,-28.56,-255.03,-125.16,4.17
14276,0.44,-578.70,-27.37,-197.31,-36.22,4.17
14277,0.47,-564.73,-19.06,-107.97,-34.84,4.17
14278,0.36,-618.32,-22.05,-276.41,-108.63,4.17
14279,0.31,-172.33,-26.07,-63.97,-34.90,4.17
14280,0.65,-999.32,-18.78,-311.44,-40.27,4.17
14281,0.62,-1195.16,-30.24,-236.34,-97.67,4.17
14282,0.44,-810.08,-19.42,-236.10,-124.70,4.17
14283,0.37,-504.56,-19.45,-123.70,-34.11,4.17
14284,0.40,-501.16,-27.27,-137.18,-111.48,4.17
14285,0.30,-576.35,-26.36,-123.01,-30.11,4.17
14286,0.37,-596.33,-28.23,-212.19,-130.85,4.81
14287,0.91,-1305.85,-23.59,-376.97,-83.63,4.81
14288,0.69,-133.62,-25.62,-70.41,-40.06,4.81
14289,0.33,-112.39,-14.60,-37.05,-26.81,4.81
14290,0.65,-807.50,-31.03,-185.85,-108.81,4.81
14291,0.37,-141.47,-26.73,-72.38,-34.19,4.81
14292,0.54,-809.09,-28.86,-158.20,-37.27,4.81
14293,0.55,-646.64,-27.69,-152.27,-36.21,4.81
14294,0.52,-879.79,-31.10,-235.94,-35.71,5.77
14295,0.84,-554.56,-27.56,-167.40,-33.14,3.85
14296,0.74,-1300.86,-27.43,-539.93,-139.54,3.85
14297,0.32,-575.01,-24.26,-133.48,-38.23,3.85
14298,0.32,-113.91,-19.89,-44.12,-35.79,3.85
14299,0.36,-155.85,-24.14,-47.96,-30.00,3.85
14300,0.69,-1224.78,-31.59,-469.39,-464.70,3.85
14301,0.37,-600.76,-21.23,-115.12,-37.17,4.17
14302,0.42,-592.64,-23.96,-134.98,-37.83,4.17
14303,0.61,-1090.31,-27.15,-263.01,-36.01,4.17
14304,0.50,-825.79,-27.32,-144.87,-33.03,4.17
14305,0.63,-1245.92,-27.91,-375.26,-128.57,4.17
14306,0.71,-1192.51,-23.46,-422.97,-31.72,4.17
14307,0.41,-587.30,-27.95,-278.00,-109.73,4.17
14308,0.31,-587.53,-22.74,-135.25,-36.77,4.17
14309,0.76,-1203.88,-22.94,-285.14,-33.39,4.17
14310,0.35,-620.11,-29.62,-116.96,-32.10,4.17
14311,0.65,-971.79,-22.11,-181.50,-31.94,4.17
14312,0.30,-568.30,-25.47,-133.39,-33.40,4.17
14313,0.37,-568.78,-26.40,-146.09,-77.65,4.17
14314,0.30,-127.63,-27.50,-71.02,-39.67,4.17
14315,0.78,-1212.53,-23.73,-311.44,-133.94,4.17
14316,0.43,-404.87,-23.97,-113.33,-42.86,4.17
14317,0.60,-927.25,-24.77,-173.75,-43.20,4.49
14318,0.48,-881.07,-26.48,-327.20,-135.76,4.49
14319,0.31,-564.12,-26.60,-108.27,-32.12,3.85
14320,0.69,-658.99,-22.26,-143.92,-34.66,3.85
14321,0.81,-1427.66,-29.19,-420.81,-81.13,4.49
14322,0.50,-784.99,-22.45,-160.83,-36.21,4.49
14323,0.35,-133.05,-14.28,-53.80,-30.60,4.49
14324,0.75,-1236.41,-18.44,-308.54,-57.18,4.49
14325,0.51,-842.49,-27.05,-310.15,-41.07,4.49
14326,0.48,-672.24,-18.11,-153.18,-38.96,4.49
14327,0.51,-824.74,-22.05,-236.85,-33.60,4.17
14328,0.69,-1178.79,-28.37,-225.47,-42.11,4.17
14329,0.68,-853.70,-21.99,-266.14,-111.96,4.17
14330,0.71,-998.29,-24.64,-271.40,-114.94,3.85
14331,0.71,-594.86,-25.12,-178.88,-136.22,3.85
14332,0.40,-626.20,-25.23,-133.58,-34.46,3.85
14333,0.29,-131.86,-25.13,-71.08,-37.24,3.85
14334,0.40,-604.17,-24.25,-123.10,-27.95,3.85
14335,0.53,-955.03,-26.93,-245.92,-33.98,3.85
14336,0.35,-534.54,-22.73,-134.35,-90.35,3.85
14337,0.44,-834.68,-26.25,-219.34,-32.41,3.85
14338,0.79,-1127.54,-20.59,-205.40,-33.72,3.85
14339,0.69,-137.25,-23.05,-46.91,-29.31,4.49
14340,0.32,-591.92,-24.08,-124.03,-32.23,4.49
14341,0.88,-706.40,-22.20,-126.66,-29.86,3.53
14342,0.56,-872.90,-25.34,-373.48,-39.50,3.53
14343,0.63,-1062.03,-27.82,-267.68,-35.62,3.53
14344,0.32,-108.92,-25.77,-39.86,-29.04,3.53
14345,0.43,-592.20,-22.74,-137.23,-41.73,3.53
14346,0.32,-627.16,-23.36,-233.02,-121.91,5.13
14347,0.42,-167.96,-26.79,-65.69,-33.84,5.13
14348,0.47,-586.43,-27.32,-205.34,-40.42,5.77
14349,0.42,-586.36,-20.16,-120.72,-31.29,5.77
14350,0.42,-528.95,-22.41,-98.89,-26.42,4.49
14351,0.51,-897.80,-21.09,-319.93,-101.73,4.49
14352,0.30,-569.94,-26.79,-142.55,-32.06,4.49
14353,0.71,-823.77,-22.67,-225.45,-35.85,3.21
14354,0.39,-591.51,-24.80,-223.48,-111.76,3.21
14355,0.52,-599.92,-23.58,-143.79,-51.46,3.21
14356,0.54,-895.86,-30.38,-318.73,-95.24,4.17
14357,0.71,-1192.42,-22.44,-294.58,-44.75,4.17
14358,0.34,-600.61,-23.03,-201.09,-27.30,4.17
14359,0.74,-1175.57,-22.88,-370.60,-32.15,4.17
14360,0.59,-1050.10,-23.22,-313.80,-29.85,3.53
14361,0.89,-794.09,-33.36,-340.19,-135.67,3.53
14362,0.32,-611.34,-22.97,-206.45,-49.68,3.53
14363,0.48,-790.47,-24.90,-141.56,-35.70,3.53
14364,0.51,-769.07,-23.04,-298.92,-132.14,3.53
14365,0.42,-604.21,-22.23,-188.90,-28.81,3.53
14366,0.63,-584.59,-20.62,-151.92,-31.68,3.53
14367,0.63,-1115.52,-22.20,-288.67,-112.55,3.53
14368,0.71,-1061.22,-27.99,-196.30,-34.06,3.53
14369,0.30,-617.32,-36.54,-234.84,-115.76,3.53
14370,0.31,-567.51,-19.51,-130.71,-29.27,3.53
14371,0.46,-786.22,-28.65,-245.98,-123.47,4.49
14372,0.65,-1238.29,-29.93,-418.95,-89.38,4.49
14373,0.29,-606.87,-24.98,-207.92,-34.72,4.49
14374,0.71,-1184.81,-26.76,-316.76,-33.15,4.49
14375,0.32,-610.81,-24.48,-203.93,-32.65,4.49
14376,0.76,-1058.36,-26.39,-197.10,-42.49,3.85
14377,0.81,-999.11,-27.76,-304.67,-37.83,3.21
14378,0.58,-1176.39,-35.05,-316.52,-120.64,3.21
14379,0.31,-605.30,-33.22,-308.67,-189.08,3.85
14380,0.97,-1216.14,-29.21,-378.08,-162.67,2.88
14381,0.47,-606.71,-29.47,-249.01,-119.35,3.53
14382,0.77,-1184.40,-25.79,-450.81,-479.06,3.53
14383,1.51,-1092.50,-28.11,-286.19,-119.96,3.53
14384,0.37,-620.14,-27.07,-141.78,-35.78,3.53
14385,0.53,-928.31,-23.59,-262.12,-115.78,4.81
14386,0.51,-292.40,-20.39,-110.39,-129.44,4.81
14387,0.31,-595.50,-23.43,-131.19,-30.97,4.81
14388,0.55,-121.07,-25.45,-66.32,-40.61,4.81
14389,0.58,-874.61,-32.70,-166.65,-35.64,3.21
14390,0.68,-593.08,-21.46,-268.44,-99.92,3.21
14391,0.59,-578.80,-25.47,-123.01,-30.38,3.21
14392,2.23,-783.36,-32.06,-318.11,-91.58,4.81
14393,0.93,-773.05,-27.29,-307.94,-131.77,4.81
14394,0.40,-112.22,-26.57,-51.12,-35.67,4.81
14395,0.71,-1047.72,-19.29,-263.46,-39.57,4.81
14396,0.57,-844.23,-24.26,-304.56,-124.69,4.81
14397,0.45,-49.61,-24.45,-34.29,-33.30,4.17
14398,0.62,-894.81,-17.19,-243.97,-35.92,4.17
14399,0.32,-622.19,-25.47,-211.37,-46.51,4.17
14400,0.48,-628.94,-23.40,-215.06,-32.87,4.17
14401,0.67,-1060.48,-35.89,-378.62,-138.40,4.17
14402,0.38,-34.25,-27.37,-31.98,-32.39,4.17
14403,0.47,-43.78,-21.76,-33.01,-34.95,4.17
14404,0.34,-114.77,-23.78,-41.21,-29.02,3.85
14405,0.41,-139.73,-23.89,-57.98,-34.83,2.88
14406,1.16,-614.60,-31.85,-327.25,-430.44,2.88
14407,1.07,-1388.49,-25.45,-353.42,-134.48,2.88
14408,0.67,-1259.31,-27.20,-436.00,-135.30,3.85
14409,0.60,-621.66,-37.25,-140.08,-48.30,3.85
14410,0.30,-599.95,-23.51,-128.88,-29.53,3.53
14411,0.54,-861.08,-23.52,-161.89,-35.38,3.53
14412,0.75,-1007.65,-20.65,-293.30,-120.35,3.53
14413,0.90,-958.67,-25.72,-445.24,-575.21,3.53
14414,0.59,-622.84,-23.24,-280.59,-136.54,3.53
14415,0.28,-587.61,-28.47,-289.01,-116.92,3.85
14416,0.59,-1168.42,-25.46,-366.70,-112.93,3.85
14417,0.72,-1150.98,-27.62,-334.49,-31.12,3.85
14418,2.65,-746.30,-32.79,-309.46,-108.09,3.85
14419,0.85,-559.36,-36.46,-219.09,-111.48,3.85
14420,0.76,-1221.93,-21.32,-213.55,-32.29,2.88
14421,0.79,-633.64,-24.60,-286.78,-130.06,2.88
14422,0.69,-1214.85,-28.75,-251.55,-118.24,2.88
14423,0.61,-1036.25,-18.47,-349.04,-115.31,2.88
14424,0.30,-590.32,-23.76,-268.26,-67.76,2.88
14425,0.76,-860.91,-26.67,-443.86,-615.22,2.88
14426,0.30,-601.95,-29.56,-290.49,-121.89,2.88
14427,0.30,-614.66,-16.64,-234.21,-121.47,5.77
14428,0.73,-1108.36,-28.92,-197.85,-38.80,5.77
14429,0.36,-139.92,-18.74,-72.35,-32.87,4.17
14430,0.39,-611.22,-25.21,-114.21,-32.61,4.17
14431,0.38,-122.92,-23.79,-43.26,-31.42,4.17
14432,0.39,-597.12,-19.54,-201.18,-33.70,3.85
14433,0.89,-901.82,-28.23,-291.95,-119.45,3.85
14434,0.67,-1182.56,-22.83,-330.40,-77.52,3.85
14435,0.29,-610.38,-22.01,-272.61,-143.55,4.49
14436,0.66,-640.60,-29.53,-166.77,-109.50,4.49
14437,0.77,-1346.02,-25.63,-296.40,-33.82,4.49
14438,0.32,-387.49,-25.43,-116.45,-103.76,4.49
14439,0.32,-132.79,-25.04,-60.16,-34.76,4.49
14440,0.31,-425.84,-28.11,-117.99,-64.72,4.49
14441,0.56,-577.20,-31.00,-126.60,-35.84,4.49
14442,0.51,-969.16,-29.82,-213.66,-115.71,4.81
14443,0.43,-152.42,-26.28,-81.44,-69.99,4.81
14444,0.31,-568.54,-33.84,-184.34,-49.26,3.85
14445,0.47,-964.64,-28.36,-180.76,-36.67,3.85
14446,0.31,-112.63,-26.35,-52.95,-31.27,3.85
14447,1.02,-1072.00,-27.66,-387.53,-114.11,3.85
14448,0.50,-913.51,-23.68,-252.22,-73.67,3.85
14449,0.56,-884.04,-33.71,-335.40,-121.36,3.85
14450,0.82,-1261.08,-29.99,-234.08,-38.05,3.85
14451,0.33,-629.62,-31.68,-131.69,-34.46,4.49
14452,0.72,-643.54,-23.86,-210.96,-37.84,3.53
14453,0.44,-568.01,-32.79,-157.85,-135.20,3.85
14454,0.87,-1126.00,-27.10,-402.28,-77.44,3.85
14455,0.76,-1028.81,-27.68,-288.44,-136.98,3.85
14456,0.47,-872.49,-25.77,-232.72,-35.64,4.81
14457,0.35,-588.06,-24.32,-124.89,-36.69,4.81
14458,0.60,-1123.26,-25.28,-344.14,-36.91,4.81
14459,0.40,-559.01,-32.49,-150.16,-114.34,4.81
14460,0.55,-1043.26,-22.29,-266.04,-37.49,4.81
14461,0.39,-109.56,-25.78,-44.49,-36.32,3.85
14462,1.24,-1410.41,-27.79,-313.40,-35.03,3.85
14463,0.34,-313.94,-24.01,-85.07,-38.23,3.53
14464,0.60,-1156.63,-28.28,-209.72,-36.42,3.53
14465,0.33,-597.24,-34.89,-298.60,-126.27,3.21
14466,0.51,-838.53,-49.77,-416.88,-565.99,3.21
14467,0.30,-129.61,-28.98,-70.75,-39.03,3.21
14468,0.31,-580.15,-27.61,-213.93,-99.86,3.21
14469,0.58,-825.95,-30.47,-261.15,-36.84,3.21
14470,0.70,-866.19,-27.25,-204.69,-39.51,3.21
14471,0.62,-1096.61,-35.59,-290.17,-110.05,3.21
14472,0.63,-1160.39,-32.18,-454.41,-578.93,3.53
14473,0.69,-997.71,-21.73,-375.19,-35.43,3.53
14474,0.75,-1077.96,-30.30,-249.23,-46.55,4.49
14475,0.54,-754.18,-29.02,-138.06,-32.71,4.49
14476,0.57,-886.66,-30.52,-249.66,-34.69,3.85
14477,0.32,-620.05,-22.20,-188.40,-32.78,3.85
14478,0.74,-1244.91,-25.07,-300.11,-38.20,3.85
14479,0.42,-110.33,-27.08,-44.03,-33.58,3.85
14480,0.64,-1017.15,-31.39,-388.88,-182.99,3.85
14481,0.57,-949.66,-31.39,-410.94,-549.40,3.21
14482,0.53,-956.66,-29.20,-480.48,-620.93,3.21
14483,0.74,-913.38,-26.94,-250.42,-35.81,3.21
14484,0.31,-577.67,-28.29,-284.36,-111.97,3.21
14485,0.49,-792.55,-28.58,-256.31,-124.94,4.49
14486,0.79,-1093.54,-27.17,-197.34,-34.34,4.49
14487,0.47,-754.58,-28.72,-162.18,-40.05,3.53
14488,0.65,-1265.73,-21.31,-457.00,-135.26,3.53
14489,0.36,-607.01,-28.85,-261.03,-124.51,3.53
14490,0.65,-860.88,-24.32,-163.55,-33.07,3.53
14491,0.75,-571.99,-20.33,-220.17,-119.59,3.85
14492,0.34,-579.43,-28.19,-111.87,-33.54,4.49
14493,0.33,-596.36,-27.50,-268.25,-37.47,4.49
14494,0.62,-943.16,-26.10,-267.44,-53.42,4.49
14495,1.07,-589.88,-29.03,-212.10,-84.52,4.17
14496,0.30,-579.08,-25.96,-217.48,-135.81,4.49
14497,0.82,-807.02,-34.25,-402.97,-572.65,4.49
14498,0.62,-1068.30,-26.91,-198.53,-33.36,4.49
14499,0.29,-322.92,-28.12,-98.89,-34.99,4.49
14500,0.62,-1096.15,-29.98,-277.73,-45.34,4.49
14501,0.74,-1281.10,-21.19,-211.03,-34.52,4.17
14502,0.52,-603.19,-25.03,-193.57,-44.83,4.17
14503,2.03,-659.88,-25.04,-214.93,-42.75,4.17
14504,0.33,-133.97,-23.39,-84.42,-112.16,4.17
14505,0.39,-116.54,-24.87,-54.97,-30.89,4.17
14506,0.74,-718.08,-28.26,-144.63,-32.52,4.81
14507,0.33,-40.07,-27.46,-32.47,-32.94,4.81
14508,0.51,-41.48,-26.27,-33.04,-32.32,4.81
14509,0.37,-114.24,-26.42,-60.69,-34.65,4.81
14510,0.73,-1153.62,-25.48,-270.68,-33.42,4.81
14511,0.31,-571.29,-36.07,-163.95,-125.76,4.81
14512,0.33,-597.79,-23.94,-110.26,-30.01,4.81
14513,0.65,-1117.49,-32.78,-366.00,-151.29,3.85
14514,1.15,-677.40,-25.28,-272.54,-33.24,3.85
14515,0.50,-888.70,-26.03,-349.89,-114.45,4.17
14516,0.82,-1294.56,-29.02,-434.42,-127.37,4.17
14517,0.51,-877.00,-30.92,-323.14,-113.55,4.17
14518,0.51,-792.70,-26.00,-246.70,-94.72,4.17
14519,0.66,-1161.47,-29.38,-360.54,-110.98,3.85
14520,0.69,-1304.17,-27.86,-325.20,-119.23,3.85
14521,0.88,-1054.72,-36.74,-515.34,-563.88,3.85
14522,0.51,-955.79,-24.81,-318.79,-42.36,4.17
14523,0.64,-1176.06,-26.20,-398.18,-36.36,4.17
14524,0.80,-880.67,-29.90,-254.61,-38.56,4.17
14525,0.48,-993.01,-25.01,-200.12,-69.46,4.17
14526,0.45,-580.20,-31.62,-160.52,-130.41,4.17
14527,0.70,-607.23,-33.38,-218.57,-99.49,4.17
14528,0.74,-1106.95,-40.51,-486.27,-572.63,4.17
14529,0.51,-950.74,-25.30,-275.64,-126.95,4.17
14530,0.58,-907.49,-28.45,-174.60,-39.11,4.81
14531,0.46,-608.91,-35.17,-204.48,-47.65,4.81
14532,0.43,-779.09,-25.45,-234.32,-36.94,4.81
14533,0.66,-1233.35,-30.26,-342.75,-37.90,4.81
14534,0.32,-613.52,-27.46,-127.50,-33.09,4.81
14535,0.37,-54.94,-26.49,-35.14,-32.22,3.85
14536,0.51,-892.79,-28.20,-181.44,-40.31,3.85
14537,0.29,-134.66,-27.74,-64.18,-35.46,3.85
14538,0.29,-559.87,-23.15,-206.53,-132.11,3.85
14539,0.62,-1067.60,-23.39,-375.92,-43.86,3.53
14540,0.35,-129.77,-31.16,-82.41,-113.38,3.21
14541,0.43,-590.34,-28.12,-208.26,-101.30,3.53
14542,0.32,-603.98,-36.29,-218.54,-77.48,3.53
14543,0.79,-889.31,-27.57,-236.66,-131.19,3.53
14544,0.39,-591.50,-26.22,-340.10,-529.62,4.49
14545,0.32,-592.73,-26.79,-123.14,-33.02,5.77
14546,0.53,-809.32,-22.24,-153.74,-36.42,5.77
14547,0.72,-1103.95,-33.08,-203.16,-39.68,5.45
14548,0.67,-1151.61,-34.62,-202.07,-38.46,5.45
14549,0.82,-646.72,-32.60,-214.62,-44.87,5.45
14550,0.49,-587.10,-25.20,-136.19,-35.81,5.45
14551,0.44,-587.73,-24.53,-119.40,-37.95,5.13
14552,0.74,-1354.69,-34.27,-353.49,-53.24,5.13
14553,0.74,-1377.48,-26.78,-393.28,-121.30,5.13
14554,0.65,-41.75,-24.30,-34.51,-34.33,5.13
14555,0.37,-563.71,-24.34,-118.03,-32.14,3.53
14556,0.61,-1084.16,-25.63,-265.57,-38.81,3.85
14557,0.60,-1256.79,-27.74,-353.22,-114.74,3.85
14558,1.02,-623.14,-28.99,-274.20,-35.12,3.85
14559,0.63,-1067.17,-26.15,-432.59,-163.93,3.85
14560,0.39,-576.97,-30.76,-199.93,-39.99,4.17
14561,0.44,-141.61,-21.30,-47.96,-33.67,3.21
14562,0.56,-918.04,-31.19,-319.43,-112.02,3.21
14563,0.65,-1116.67,-29.64,-294.24,-109.46,3.21
14564,0.69,-647.22,-32.14,-215.33,-110.05,3.21
14565,0.48,-892.02,-27.71,-269.00,-32.51,3.21
14566,0.76,-487.97,-24.48,-149.68,-115.16,3.21
14567,0.56,-787.43,-28.36,-318.89,-113.60,3.53
14568,0.43,-566.71,-27.77,-121.16,-33.65,3.21
14569,0.78,-1422.44,-22.44,-481.86,-130.02,3.21
14570,0.29,-576.65,-28.57,-159.17,-128.44,3.21
14571,0.43,-804.71,-32.00,-254.31,-111.75,3.21
14572,0.55,-1099.73,-25.50,-219.80,-96.79,3.21
14573,1.17,-617.08,-23.40,-283.85,-131.33,3.21
14574,0.27,-547.32,-31.66,-172.57,-139.30,3.21
14575,0.61,-858.41,-28.93,-247.30,-50.37,4.81
14576,0.64,-1176.38,-26.53,-208.12,-35.58,4.81
14577,0.41,-149.37,-20.12,-61.69,-41.07,4.49
14578,0.95,-1424.42,-29.08,-348.99,-108.60,5.45
14579,0.32,-617.71,-26.71,-123.90,-27.92,3.53
14580,0.56,-349.52,-27.16,-101.22,-39.65,3.53
14581,0.30,-105.45,-26.65,-44.66,-35.71,3.53
14582,0.74,-1320.10,-24.93,-367.06,-37.15,3.53
14583,0.85,-729.55,-33.01,-296.68,-130.89,3.53
14584,0.28,-570.10,-24.48,-274.27,-131.85,3.53
14585,0.44,-606.03,-23.92,-263.12,-44.00,5.13
14586,0.44,-704.93,-28.21,-210.30,-34.66,3.85
14587,0.61,-1125.91,-33.34,-278.90,-39.47,3.85
14588,0.31,-141.83,-31.19,-78.59,-61.67,4.49
14589,0.45,-527.05,-25.72,-136.73,-94.36,4.49
14590,0.33,-573.29,-25.87,-121.75,-31.74,4.49
14591,0.58,-790.43,-31.47,-156.56,-32.04,4.49
14592,0.68,-889.69,-26.69,-307.81,-36.32,4.81
14593,0.38,-130.42,-26.37,-46.20,-34.40,4.81
14594,0.96,-1259.61,-25.39,-567.78,-595.50,4.81
14595,0.42,-597.54,-25.35,-193.26,-43.93,4.81
14596,0.40,-176.48,-22.43,-66.71,-39.70,4.81
14597,0.40,-43.32,-29.39,-35.72,-34.02,4.81
14598,0.41,-109.79,-31.84,-50.17,-40.55,4.81
14599,0.72,-985.62,-25.60,-272.34,-35.60,4.17
14600,0.65,-912.07,-28.03,-305.71,-135.34,4.17
14601,0.36,-615.33,-29.87,-279.20,-43.62,4.17
14602,0.37,-36.20,-27.87,-32.64,-33.12,4.49
14603,0.65,-581.62,-26.29,-122.39,-34.49,4.49
14604,0.73,-1330.92,-32.41,-313.31,-40.72,5.45
14605,0.66,-1084.09,-29.39,-200.86,-35.74,5.45
14606,0.32,-593.84,-26.29,-219.11,-122.00,5.45
14607,0.52,-814.88,-31.01,-235.34,-37.62,5.45
14608,0.30,-135.99,-28.93,-83.39,-98.03,5.45
14609,0.35,-583.27,-27.57,-152.34,-108.42,5.45
14610,0.36,-125.85,-27.81,-46.10,-35.69,4.17
14611,0.84,-603.71,-21.07,-130.60,-35.55,3.85
14612,0.55,-848.32,-27.48,-241.05,-34.03,5.77
14613,0.67,-1176.84,-37.34,-320.99,-103.38,5.77
14614,0.52,-853.60,-29.43,-258.29,-126.95,5.77
14615,0.42,-546.69,-25.78,-103.90,-30.40,6.09
14616,0.45,-607.35,-24.14,-119.11,-38.52,5.77
14617,0.37,-599.11,-27.28,-205.26,-40.99,5.77
14618,0.39,-577.36,-25.05,-131.52,-37.24,5.77
14619,0.50,-791.88,-30.85,-239.39,-39.08,5.77
14620,0.81,-1247.32,-25.41,-326.56,-39.44,5.77
14621,0.31,-78.47,-27.49,-37.52,-29.93,5.77
14622,0.57,-1070.67,-29.24,-183.74,-35.46,5.77
14623,0.30,-134.43,-27.77,-72.56,-35.37,5.77
14624,0.32,-598.95,-24.70,-267.39,-41.20,5.77
14625,0.55,-887.95,-31.42,-309.19,-40.70,5.77
14626,0.45,-616.83,-34.38,-144.79,-59.92,5.77
14627,0.35,-542.12,-21.60,-131.13,-39.93,5.77
14628,0.40,-185.22,-25.00,-77.86,-43.67,5.77
14629,0.46,-850.00,-25.04,-166.75,-44.47,5.77
14630,0.63,-877.55,-22.71,-168.96,-35.41,5.77
14631,0.60,-1158.63,-28.60,-300.79,-123.73,5.77
14632,0.32,-548.09,-24.21,-107.34,-36.62,5.77
14633,0.75,-621.25,-22.90,-228.73,-111.17,5.77
14634,0.75,-1196.86,-28.96,-348.39,-36.78,5.77
14635,0.54,-1015.82,-26.05,-270.78,-82.52,4.81
14636,0.44,-93.85,-27.58,-47.97,-37.90,4.81
14637,0.31,-568.67,-24.04,-133.68,-34.31,4.81
14638,0.83,-1229.44,-27.48,-337.15,-79.71,4.81
14639,0.31,-95.18,-28.18,-41.84,-34.30,4.81
14640,0.37,-149.45,-29.67,-61.89,-34.65,4.81
14641,0.76,-541.16,-33.28,-139.81,-42.70,4.81
14642,0.42,-734.40,-24.46,-247.77,-108.10,4.81
14643,0.88,-1341.35,-33.78,-299.43,-37.02,4.81
14644,0.38,-135.86,-30.35,-72.95,-34.51,4.81
14645,0.33,-571.76,-31.05,-136.48,-45.05,4.81
14646,0.33,-139.67,-30.67,-94.25,-112.25,4.81
14647,0.58,-867.86,-24.85,-270.18,-31.71,4.81
14648,0.32,-586.60,-25.62,-148.86,-101.39,4.81
14649,0.42,-844.91,-28.65,-242.15,-33.22,4.81
14650,0.62,-1033.88,-25.64,-306.31,-110.11,4.81
14651,0.62,-853.84,-23.06,-172.80,-29.20,4.81
14652,0.66,-937.31,-23.65,-192.59,-44.33,4.81
14653,0.30,-142.90,-30.39,-69.02,-45.47,3.53
14654,0.68,-671.98,-29.07,-144.33,-40.31,3.53
14655,0.32,-596.44,-32.09,-156.98,-110.47,3.53
14656,0.77,-153.76,-34.63,-95.87,-113.76,3.53
14657,0.51,-905.05,-28.33,-273.49,-36.02,3.53
14658,0.64,-1113.57,-26.27,-275.07,-33.50,3.53
14659,0.31,-520.82,-22.86,-113.76,-36.58,3.53
14660,0.52,-949.85,-27.16,-189.45,-37.72,3.53
14661,0.61,-967.26,-29.68,-465.94,-596.07,3.53
14662,0.52,-855.23,-25.67,-185.82,-83.45,3.53
14663,0.52,-960.95,-20.20,-254.82,-31.93,3.53
14664,0.58,-1191.05,-22.71,-347.29,-44.44,4.17
14665,0.57,-1102.50,-24.98,-196.80,-34.87,4.17
14666,0.66,-1120.49,-27.62,-278.63,-32.95,4.17
14667,0.32,-579.56,-26.76,-148.88,-97.86,4.17
14668,0.65,-1149.64,-35.69,-425.20,-37.04,4.81
14669,0.54,-580.21,-38.37,-207.83,-61.08,4.81
14670,0.66,-1120.79,-28.26,-421.93,-135.41,4.81
14671,0.69,-1089.78,-28.42,-402.95,-40.47,4.81
14672,0.48,-796.56,-31.64,-272.94,-111.04,4.81
14673,0.40,-570.25,-28.04,-214.20,-124.66,5.45
14674,0.56,-955.93,-24.99,-179.68,-37.34,5.45
14675,0.90,-915.00,-22.93,-432.05,-589.23,5.45
14676,0.51,-936.00,-21.57,-239.32,-33.79,5.45
14677,0.90,-500.41,-25.06,-111.10,-34.71,5.45
14678,0.42,-576.44,-25.77,-144.89,-45.12,5.45
14679,0.37,-608.60,-23.26,-187.31,-30.95,5.45
14680,0.55,-586.27,-23.48,-109.78,-31.14,5.45
14681,0.35,-581.11,-30.67,-188.31,-35.60,5.45
14682,0.34,-583.96,-25.62,-113.52,-35.81,5.45
14683,0.68,-1261.09,-29.82,-302.68,-33.66,5.45
14684,0.78,-1162.13,-25.83,-482.38,-127.01,3.85
14685,0.55,-890.08,-25.26,-256.66,-39.14,3.85
14686,0.56,-824.10,-40.74,-366.20,-150.44,3.85
14687,0.33,-621.53,-28.32,-243.55,-137.41,3.85
14688,0.47,-831.16,-32.14,-241.24,-77.06,4.49
14689,0.31,-595.39,-28.95,-137.35,-36.08,4.49
14690,0.84,-1277.53,-28.50,-460.30,-36.92,4.49
14691,0.56,-102.45,-28.09,-41.15,-31.51,3.85
14692,0.72,-619.75,-28.22,-284.72,-110.98,3.85
14693,0.29,-598.29,-29.66,-150.08,-111.61,3.85
14694,0.31,-595.57,-21.52,-138.61,-34.92,3.85
14695,0.62,-574.83,-30.03,-188.90,-75.88,3.85
14696,3.06,-2134.50,-26.11,-545.94,-138.37,3.85
14697,0.30,-563.77,-20.11,-134.96,-36.59,3.53
14698,0.76,-972.85,-29.75,-413.88,-376.22,3.53
14699,0.42,-628.28,-23.58,-232.32,-110.85,3.53
14700,0.31,-581.30,-21.77,-133.33,-40.77,4.81
14701,0.57,-923.76,-27.35,-160.79,-36.22,3.85
14702,0.72,-1303.29,-25.12,-223.00,-30.10,3.85
14703,0.73,-1011.34,-27.92,-190.15,-32.25,4.17
14704,0.66,-1029.49,-30.65,-406.26,-547.54,3.85
14705,0.42,-796.57,-24.33,-161.58,-35.68,4.17
14706,1.09,-2034.93,-28.22,-779.04,-598.58,4.17
14707,0.31,-602.57,-25.17,-206.92,-103.55,4.17
14708,0.86,-1367.31,-31.33,-305.32,-37.00,4.49
14709,0.93,-591.10,-30.67,-226.99,-112.18,4.49
14710,0.49,-896.67,-25.76,-236.70,-31.29,4.49
14711,0.47,-853.14,-25.44,-398.66,-552.07,3.53
14712,0.31,-130.22,-28.04,-82.49,-113.70,3.53
14713,2.51,-487.08,-28.93,-177.82,-111.95,4.17
14714,0.31,-612.98,-28.46,-152.64,-31.60,4.17
14715,0.68,-1223.58,-31.57,-310.96,-137.33,4.17
14716,0.36,-33.55,-20.23,-28.86,-31.09,4.49
14717,0.31,-626.47,-28.19,-206.05,-39.55,4.49
14718,0.31,-112.12,-30.52,-52.28,-32.92,4.17
14719,0.30,-590.87,-29.99,-235.79,-124.76,4.17
14720,0.33,-548.93,-27.01,-158.15,-112.18,4.17
14721,0.33,-41.68,-24.86,-34.12,-35.59,4.17
14722,0.35,-585.41,-27.32,-111.90,-34.11,4.17
14723,0.39,-614.71,-21.54,-200.68,-44.45,4.17
14724,0.32,-628.47,-34.56,-284.13,-46.65,4.17
14725,0.41,-630.39,-24.98,-213.54,-68.73,4.17
14726,0.82,-1293.47,-26.69,-450.53,-112.79,4.17
14727,0.63,-1033.16,-29.30,-410.10,-575.76,4.17
14728,0.60,-1220.66,-29.09,-297.00,-39.71,3.85
14729,0.71,-882.79,-18.31,-449.95,-563.90,3.85
14730,0.33,-558.99,-25.77,-207.62,-114.30,3.85
14731,0.82,-1265.85,-34.34,-461.41,-104.47,3.85
14732,0.45,-856.26,-25.87,-325.56,-111.86,3.85
14733,0.38,-574.79,-22.82,-251.41,-130.18,3.85
14734,0.79,-1491.22,-30.30,-328.56,-42.16,3.85
14735,0.33,-603.44,-24.09,-188.95,-36.35,3.85
14736,0.45,-582.91,-23.70,-137.15,-40.73,3.85
14737,0.49,-585.89,-24.15,-188.93,-36.81,3.85
14738,0.39,-127.95,-27.62,-46.43,-33.61,3.85
14739,0.30,-565.19,-23.35,-104.83,-30.02,3.85
14740,0.59,-911.25,-20.35,-283.29,-38.38,3.85
14741,0.74,-446.42,-27.14,-91.09,-31.69,3.85
14742,0.59,-1030.58,-28.70,-279.36,-33.76,3.85
14743,0.28,-578.63,-28.89,-134.79,-39.43,3.53
14744,0.40,-578.97,-33.67,-223.84,-111.73,3.53
14745,0.59,-997.95,-23.68,-181.91,-33.70,3.21
14746,0.31,-606.29,-25.37,-209.81,-34.00,3.21
14747,0.31,-606.80,-26.58,-218.54,-124.65,3.21
14748,0.42,-852.72,-27.46,-271.05,-133.94,3.21
14749,1.06,-1594.62,-29.74,-523.94,-118.92,3.21
14750,0.29,-573.07,-24.81,-129.51,-37.82,3.53
14751,0.81,-1602.64,-25.15,-416.50,-36.14,3.53
14752,1.20,-1191.89,-28.89,-357.92,-111.37,3.21
14753,0.85,-1149.06,-32.83,-492.10,-501.94,3.21
14754,0.29,-585.19,-33.92,-282.64,-112.22,3.21
14755,0.29,-598.73,-26.70,-211.06,-110.21,3.21
14756,0.31,-603.71,-33.09,-242.49,-129.53,3.21
14757,0.66,-1297.24,-27.09,-449.12,-539.34,5.13
14758,0.34,-585.23,-26.69,-126.42,-35.02,5.13
14759,0.38,-555.96,-26.69,-106.83,-32.70,5.13
14760,0.47,-598.42,-29.41,-189.40,-39.09,5.13
14761,0.40,-748.71,-33.47,-226.47,-36.04,5.13
14762,0.51,-928.97,-20.02,-187.88,-40.34,5.13
14763,0.58,-1051.53,-25.21,-189.97,-35.50,5.13
14764,0.37,-43.23,-24.14,-35.73,-35.99,5.13
14765,0.74,-1074.37,-25.12,-279.22,-37.07,5.13
14766,0.45,-763.81,-31.27,-302.06,-83.38,5.13
14767,0.44,-573.30,-27.21,-111.81,-37.26,5.13
14768,0.31,-568.81,-26.19,-201.34,-33.56,5.13
14769,0.40,-190.73,-26.47,-56.14,-37.13,5.13
14770,0.29,-602.20,-22.25,-268.40,-43.46,3.53
14771,0.41,-762.04,-30.35,-226.28,-34.04,3.53
14772,0.77,-1136.46,-29.49,-333.97,-37.43,3.85
14773,0.38,-615.23,-31.78,-225.36,-109.46,3.85
14774,0.58,-1061.32,-22.62,-230.63,-112.39,3.85
14775,1.24,-526.38,-26.11,-114.25,-35.30,4.81
14776,0.53,-1041.36,-28.41,-192.52,-39.52,4.49
14777,0.80,-1176.22,-29.22,-361.33,-37.45,4.49
14778,0.57,-773.52,-39.03,-327.55,-121.16,4.49
14779,0.33,-618.87,-27.81,-288.22,-115.28,3.21
14780,0.41,-596.77,-28.31,-145.43,-41.95,3.21
14781,0.50,-726.06,-34.51,-311.04,-111.92,3.21
14782,2.30,-640.07,-27.24,-283.78,-101.67,3.85
14783,0.45,-856.36,-24.58,-336.26,-34.74,3.85
14784,0.50,-795.70,-26.85,-399.74,-611.57,3.85
14785,0.94,-982.42,-32.19,-367.43,-135.68,3.85
14786,0.67,-1012.56,-28.92,-281.51,-117.31,3.85
14787,0.60,-1122.03,-23.53,-203.68,-39.06,3.85
14788,0.47,-748.51,-30.76,-228.72,-33.79,3.85
14789,0.60,-1071.67,-31.85,-278.85,-36.57,3.85
14790,0.33,-138.27,-27.01,-52.22,-44.04,3.85
14791,0.35,-112.22,-27.80,-42.48,-32.13,3.85
14792,0.28,-152.89,-28.86,-76.14,-37.28,3.53
14793,0.47,-738.85,-29.61,-162.07,-49.58,3.53
14794,0.70,-1280.04,-27.10,-339.81,-176.09,3.53
14795,0.30,-582.55,-26.81,-124.96,-34.79,3.53
14796,0.52,-861.64,-34.64,-359.36,-114.53,3.53
14797,0.73,-820.30,-34.57,-288.68,-155.42,3.53
14798,0.36,-623.17,-28.22,-131.95,-35.49,3.53
14799,0.38,-167.20,-24.68,-79.65,-43.11,3.53
14800,0.44,-778.75,-28.86,-170.72,-44.07,3.53
14801,0.54,-852.40,-30.34,-315.87,-38.85,3.85
14802,0.31,-597.12,-30.66,-214.07,-110.55,3.85
14803,0.75,-776.25,-26.68,-231.55,-39.69,3.85
14804,0.72,-603.59,-29.29,-347.19,-534.47,3.85
14805,0.56,-1115.03,-34.27,-295.09,-115.72,4.81
14806,0.96,-1080.68,-26.59,-302.90,-36.62,3.85
14807,0.61,-881.94,-25.32,-164.08,-34.22,3.85
14808,0.57,-893.95,-32.05,-200.23,-121.74,3.85
14809,0.48,-919.55,-27.50,-342.36,-193.35,3.85
14810,0.72,-979.68,-28.05,-342.97,-121.51,3.85
14811,0.58,-947.88,-25.96,-264.34,-116.05,2.88
14812,0.33,-546.69,-27.13,-239.53,-124.95,3.85
14813,0.63,-1050.40,-27.88,-355.06,-135.90,4.17
14814,0.29,-579.43,-24.07,-126.88,-37.86,4.17
14815,0.56,-1029.15,-28.91,-200.17,-36.62,4.17
14816,1.04,-647.70,-35.62,-302.97,-269.16,4.17
14817,0.53,-929.48,-25.98,-194.43,-41.12,4.17
14818,0.67,-1135.06,-31.76,-408.49,-113.31,4.17
14819,0.36,-551.47,-29.16,-176.43,-135.63,4.17
14820,0.75,-1108.27,-23.58,-342.85,-128.27,4.17
14821,0.34,-554.70,-27.79,-139.92,-99.42,4.17
14822,0.84,-1115.97,-25.19,-383.91,-124.91,4.17
14823,0.29,-560.13,-22.91,-191.04,-80.25,4.17
14824,0.87,-759.54,-28.67,-331.64,-124.11,4.17
14825,0.79,-628.01,-26.81,-126.91,-32.01,3.21
14826,0.77,-646.53,-35.77,-294.58,-111.03,3.21
14827,0.73,-1243.97,-31.36,-490.54,-576.37,3.21
14828,0.61,-1137.81,-29.43,-210.64,-40.67,3.21
14829,0.69,-1078.22,-22.49,-562.43,-604.37,3.21
14830,0.42,-713.62,-29.94,-153.80,-32.90,3.21
14831,0.44,-921.77,-32.26,-342.32,-124.01,3.21
14832,0.29,-611.29,-38.44,-315.64,-174.63,3.21
14833,0.54,-851.90,-27.52,-316.72,-120.87,3.21
14834,0.84,-1237.44,-30.18,-317.54,-110.95,3.21
14835,0.30,-170.16,-25.97,-87.08,-110.02,3.21
14836,0.41,-613.57,-23.10,-219.62,-115.88,3.21
14837,0.71,-597.31,-33.03,-298.91,-128.13,3.21
14838,0.63,-829.43,-28.54,-406.01,-567.44,4.17
14839,0.31,-598.24,-24.50,-145.94,-81.87,4.17
14840,0.54,-818.50,-25.58,-266.11,-39.42,4.17
14841,1.24,-760.52,-21.36,-208.60,-36.36,4.17
14842,0.52,-578.11,-30.05,-167.03,-112.65,4.17
14843,0.30,-591.87,-32.08,-147.03,-40.64,4.17
14844,0.64,-1157.41,-31.20,-265.80,-114.07,4.17
14845,0.32,-583.21,-27.40,-173.82,-118.87,4.17
14846,0.39,-552.89,-30.31,-147.12,-114.79,4.17
14847,0.45,-573.41,-19.59,-172.78,-30.60,4.17
14848,0.39,-590.29,-26.73,-119.32,-38.13,4.17
14849,0.55,-1028.50,-23.08,-269.75,-78.29,4.17
14850,0.43,-586.74,-26.27,-132.62,-32.72,4.17
14851,0.76,-915.10,-24.41,-181.22,-41.69,2.88
14852,0.41,-808.96,-28.22,-180.01,-100.27,2.88
14853,0.40,-582.53,-18.98,-150.43,-112.80,3.85
14854,0.31,-625.51,-20.01,-240.50,-136.96,3.85
14855,0.69,-1184.18,-24.56,-211.13,-42.67,3.85
14856,0.68,-1245.15,-27.24,-299.44,-32.78,3.85
14857,0.44,-803.40,-28.21,-395.32,-555.23,3.85
14858,0.30,-626.17,-26.10,-233.13,-110.88,3.85
14859,0.40,-820.72,-21.04,-393.73,-561.99,3.85
14860,0.80,-587.39,-28.91,-227.71,-39.94,3.85
14861,0.39,-645.81,-25.50,-212.78,-66.53,3.53
14862,0.36,-565.64,-28.27,-123.90,-39.33,4.17
14863,0.38,-604.66,-28.37,-131.15,-39.23,4.17
14864,0.67,-616.55,-28.09,-160.25,-35.92,4.17
14865,0.42,-107.51,-19.94,-41.20,-29.83,4.17
14866,0.59,-550.11,-30.96,-228.35,-42.66,4.17
14867,0.82,-543.17,-25.98,-157.86,-33.22,4.17
14868,0.53,-874.77,-28.76,-305.76,-136.21,4.17
14869,2.07,-1766.62,-23.63,-280.18,-34.36,4.17
14870,0.61,-1214.39,-31.25,-226.49,-47.18,4.17
14871,0.60,-1118.26,-28.91,-295.75,-126.52,4.17
14872,0.57,-1086.89,-25.29,-223.13,-111.37,4.17
14873,0.61,-1183.60,-21.57,-352.56,-39.49,4.17
14874,0.87,-442.81,-27.36,-104.43,-34.22,3.21
14875,0.69,-1177.73,-29.35,-423.73,-187.13,3.21
14876,0.68,-628.57,-27.77,-156.99,-107.68,3.21
14877,0.31,-633.75,-26.75,-205.02,-30.77,3.21
14878,0.59,-1057.44,-31.90,-367.84,-123.70,3.21
14879,0.32,-614.71,-31.36,-224.36,-110.45,3.21
14880,0.57,-941.55,-29.08,-304.10,-112.26,3.21
14881,0.80,-742.81,-32.68,-306.62,-133.67,3.53
14882,0.89,-1305.52,-25.95,-303.73,-41.19,3.53
14883,0.61,-896.91,-26.16,-419.63,-551.87,3.53
14884,0.33,-559.18,-24.79,-131.47,-35.68,3.53
14885,0.57,-1172.79,-27.82,-233.72,-109.28,3.53
14886,0.39,-583.26,-24.42,-110.77,-32.21,3.85
14887,0.87,-1243.82,-29.78,-229.25,-32.46,4.17
14888,0.41,-582.41,-27.04,-126.41,-40.58,4.17
14889,0.30,-133.48,-25.75,-72.27,-36.66,4.17
14890,0.37,-190.38,-31.37,-93.51,-98.77,4.17
14891,0.31,-550.87,-24.72,-141.75,-109.13,4.17
14892,0.61,-995.59,-22.65,-178.62,-30.57,4.17
14893,0.65,-1183.09,-30.79,-444.33,-122.73,4.17
14894,0.65,-561.11,-31.61,-170.73,-109.18,3.85
14895,0.32,-459.35,-27.47,-137.02,-98.79,3.85
14896,0.29,-605.28,-29.68,-204.00,-96.56,3.85
14897,0.58,-1092.63,-31.63,-432.02,-547.60,3.85
14898,0.47,-824.74,-26.73,-180.28,-107.54,3.85
14899,0.67,-902.79,-28.62,-355.85,-131.83,3.85
14900,0.30,-451.93,-30.22,-166.84,-39.64,3.85
14901,0.67,-968.56,-30.57,-256.53,-42.51,3.85
14902,0.48,-711.03,-37.11,-330.00,-414.50,3.85
14903,0.59,-179.74,-27.03,-87.99,-81.89,3.85
14904,0.30,-137.78,-32.45,-79.44,-48.91,3.85
14905,1.02,-813.75,-34.70,-243.90,-114.30,3.85
14906,0.40,-564.08,-26.45,-141.34,-34.12,4.49
14907,0.42,-559.86,-25.50,-120.98,-31.76,4.49
14908,0.31,-538.62,-27.49,-191.61,-35.73,5.13
14909,0.76,-1036.67,-27.03,-256.73,-39.45,5.13
14910,0.70,-1109.33,-23.93,-202.85,-33.09,5.13
14911,0.33,-446.46,-29.14,-129.26,-112.95,3.85
14912,0.53,-918.60,-29.62,-370.52,-120.59,3.85
14913,0.35,-607.27,-27.21,-211.73,-40.72,3.85
14914,0.52,-921.18,-29.68,-247.00,-35.95,2.88
14915,0.54,-985.70,-36.30,-412.05,-165.55,2.88
14916,0.67,-920.17,-21.76,-351.55,-130.51,2.88
14917,0.61,-1163.13,-30.73,-501.38,-139.82,2.88
14918,0.78,-1596.79,-39.77,-443.51,-110.02,2.88
14919,0.71,-1266.01,-31.11,-371.96,-149.36,2.88
14920,0.30,-596.42,-30.30,-169.91,-128.13,2.88
14921,0.40,-703.36,-25.27,-233.71,-77.68,2.88
14922,0.29,-597.35,-25.00,-138.23,-40.67,3.21
14923,0.31,-623.45,-22.15,-351.12,-551.67,3.85
14924,0.55,-902.13,-28.58,-258.74,-41.18,3.21
14925,1.18,-1437.22,-30.53,-522.90,-579.61,3.21
14926,0.73,-1147.66,-23.22,-341.17,-43.85,3.53
14927,0.78,-592.06,-29.39,-279.76,-131.36,3.21
14928,0.48,-582.39,-41.17,-304.28,-134.77,3.21
14929,0.30,-132.80,-25.00,-54.14,-35.90,3.85
14930,0.81,-1350.25,-26.36,-357.66,-36.60,3.85
14931,0.34,-608.37,-27.40,-197.25,-33.52,3.85
14932,1.00,-1365.59,-36.43,-395.06,-116.75,3.85
14933,0.31,-533.32,-29.32,-132.00,-40.93,3.21
14934,0.29,-592.79,-28.41,-162.36,-119.28,3.21
14935,0.45,-842.40,-26.48,-243.62,-32.06,3.21
14936,0.29,-572.24,-22.21,-144.82,-111.42,3.21
14937,0.61,-593.62,-31.06,-271.16,-143.68,3.21
14938,0.55,-981.25,-25.66,-207.04,-111.20,3.21
14939,0.73,-984.09,-36.41,-361.88,-133.30,3.21
14940,0.47,-833.26,-24.94,-182.79,-110.62,3.21
14941,0.31,-591.45,-31.00,-121.85,-33.72,3.21
14942,0.32,-596.73,-26.45,-182.48,-125.88,3.53
14943,0.71,-580.00,-23.09,-199.41,-108.60,3.53
14944,0.66,-605.03,-24.06,-190.18,-34.13,3.53
14945,0.96,-1131.10,-28.43,-362.17,-111.57,3.53
14946,0.68,-1197.35,-37.99,-569.88,-600.76,3.53
14947,0.43,-628.44,-26.80,-302.74,-145.98,3.53
14948,0.29,-212.35,-33.73,-90.48,-76.39,2.88
14949,0.45,-726.55,-31.09,-189.48,-109.12,2.88
14950,0.51,-862.10,-33.84,-266.06,-112.48,2.88
14951,0.29,-137.69,-26.47,-81.74,-98.27,2.88
14952,0.39,-528.77,-35.78,-211.92,-132.03,2.88
14953,0.75,-1530.51,-28.70,-334.87,-39.55,3.85
14954,0.52,-859.76,-27.07,-312.69,-30.32,3.85
14955,0.62,-845.10,-25.95,-254.70,-39.55,3.53
14956,0.34,-579.30,-29.29,-138.70,-45.23,3.53
14957,0.37,-575.81,-30.57,-192.07,-34.52,3.53
14958,0.54,-950.65,-30.87,-371.94,-128.67,3.53
14959,0.64,-1275.61,-30.97,-242.50,-38.71,3.53
14960,0.30,-583.21,-37.47,-169.53,-110.18,3.53
14961,0.60,-1109.37,-34.00,-312.56,-112.49,3.53
14962,0.87,-469.39,-20.36,-163.26,-80.39,3.53
14963,0.57,-958.85,-25.71,-406.56,-559.60,3.53
14964,0.30,-593.91,-25.19,-203.98,-38.73,3.53
14965,0.29,-552.18,-32.34,-139.42,-63.61,3.53
14966,0.55,-783.98,-30.67,-186.43,-110.26,4.49
14967,0.32,-568.40,-31.51,-111.80,-35.54,4.49
14968,0.77,-1421.77,-26.15,-493.96,-126.06,4.49
14969,0.44,-133.29,-25.98,-49.75,-37.28,3.85
14970,0.95,-1359.11,-29.83,-301.25,-35.26,3.85
14971,0.39,-125.91,-27.01,-61.19,-40.63,3.85
14972,0.31,-602.85,-24.24,-126.72,-31.96,3.85
14973,0.56,-995.52,-29.91,-248.27,-41.40,3.85
14974,1.51,-754.66,-27.20,-216.89,-145.16,3.85
14975,0.53,-622.32,-21.60,-130.36,-43.09,3.85
14976,0.30,-597.23,-22.24,-279.17,-136.04,3.85
14977,0.30,-132.53,-23.12,-70.73,-27.38,3.85
14978,0.93,-640.55,-36.63,-242.28,-130.17,3.85
14979,1.02,-1441.19,-25.33,-475.10,-115.10,3.85
14980,0.30,-535.76,-29.49,-125.58,-33.95,3.85
14981,0.29,-145.45,-31.63,-70.54,-34.68,3.85
14982,0.54,-889.28,-27.13,-190.58,-108.64,3.53
14983,0.61,-901.76,-28.83,-175.49,-41.52,3.53
14984,0.71,-897.43,-22.44,-253.91,-124.59,3.53
14985,0.61,-1022.40,-30.76,-431.52,-577.90,3.53
14986,0.46,-881.24,-25.52,-362.33,-132.13,3.53
14987,0.45,-825.51,-32.14,-266.06,-108.49,3.53
14988,0.73,-861.88,-27.21,-170.91,-37.90,3.53
14989,1.04,-1292.66,-23.04,-404.53,-35.02,3.53
14990,0.55,-600.14,-27.79,-214.26,-111.45,3.53
14991,0.37,-557.21,-33.44,-111.20,-37.73,3.53
14992,0.70,-1093.77,-28.39,-199.61,-35.14,4.17
14993,0.34,-602.62,-24.30,-138.35,-43.10,4.17
14994,0.36,-602.77,-28.63,-284.52,-122.69,4.17
14995,0.70,-916.18,-29.97,-200.13,-53.71,4.17
14996,0.81,-981.81,-26.72,-242.64,-32.61,4.17
14997,0.68,-1101.96,-27.13,-440.96,-110.86,4.17
14998,0.54,-934.94,-29.78,-174.86,-36.44,4.17
14999,0.71,-1147.03,-35.58,-409.77,-98.94,4.81
15000,0.68,-987.23,-23.66,-272.58,-54.01,4.81
15001,0.38,-604.85,-24.85,-143.51,-33.46,4.17
15002,0.37,-595.66,-26.80,-194.11,-38.17,4.17
15003,0.43,-735.42,-27.98,-158.04,-40.35,4.17
15004,0.30,-112.01,-26.90,-56.36,-39.50,5.13
15005,0.39,-112.76,-28.89,-46.74,-35.32,5.13
15006,0.67,-1199.51,-24.46,-444.25,-131.54,3.53
15007,1.01,-614.36,-28.66,-210.91,-37.22,3.53
15008,0.67,-1248.56,-36.73,-320.62,-109.89,4.17
15009,0.55,-888.09,-28.07,-252.74,-41.66,3.85
15010,0.55,-976.64,-33.15,-278.68,-112.34,3.85
15011,0.82,-1515.78,-29.16,-412.27,-128.34,3.85
15012,0.51,-566.18,-20.55,-131.78,-38.89,3.85
15013,1.11,-1260.53,-29.06,-459.52,-548.19,3.85
15014,0.67,-122.44,-27.76,-64.56,-43.95,3.85
15015,0.32,-601.08,-23.90,-211.74,-127.11,3.85
15016,0.29,-611.39,-23.97,-219.83,-111.06,3.85
15017,0.33,-600.12,-25.57,-168.42,-111.36,3.53
15018,0.39,-484.41,-28.21,-133.53,-113.26,3.53
15019,0.62,-1304.03,-30.62,-475.79,-587.07,3.53
15020,0.42,-607.39,-29.94,-266.53,-41.37,3.85
15021,0.29,-568.17,-27.93,-142.52,-108.59,3.53
15022,0.67,-1185.18,-35.56,-312.09,-99.88,3.53
15023,1.48,-1093.32,-31.55,-342.44,-36.01,3.53
15024,0.38,-758.77,-22.50,-167.15,-93.78,3.53
15025,0.37,-622.58,-26.90,-296.73,-185.94,3.53
15026,0.60,-913.44,-34.26,-408.52,-601.27,3.53
15027,0.29,-130.33,-26.93,-72.45,-45.94,3.53
15028,0.34,-609.10,-27.05,-233.10,-114.24,3.53
15029,0.61,-581.55,-28.46,-184.82,-31.57,3.85
15030,0.30,-562.68,-26.62,-209.65,-120.21,3.85
15031,0.50,-871.69,-24.32,-277.45,-32.45,3.85
15032,0.46,-774.28,-34.49,-250.53,-112.97,3.85
15033,0.88,-250.41,-24.00,-103.45,-123.12,3.85
15034,0.69,-1417.69,-25.20,-524.56,-533.09,3.85
15035,0.77,-1509.40,-30.24,-427.75,-160.81,3.85
15036,0.46,-622.99,-28.29,-199.91,-42.83,3.53
15037,0.44,-130.50,-27.62,-48.12,-31.25,4.81
15038,0.31,-619.36,-30.91,-232.04,-126.12,4.81
15039,0.58,-986.28,-26.80,-394.53,-535.88,4.81
15040,0.38,-586.77,-35.09,-126.28,-41.17,4.17
15041,0.32,-597.69,-36.21,-291.87,-111.63,4.17
15042,0.67,-892.92,-27.10,-308.07,-92.99,4.17
15043,0.31,-124.33,-18.81,-56.80,-34.70,4.17
15044,0.29,-142.48,-22.06,-84.24,-109.80,3.85
15045,0.73,-1216.30,-30.99,-447.87,-113.87,3.85
15046,0.67,-1336.63,-25.57,-434.89,-141.99,3.85
15047,0.74,-1050.91,-29.26,-343.21,-36.27,3.85
15048,0.41,-719.56,-28.56,-222.27,-74.37,3.85
15049,0.77,-1034.69,-30.80,-189.77,-35.34,3.85
15050,0.30,-593.00,-29.59,-202.55,-36.27,3.85
15051,0.58,-1075.37,-23.04,-207.47,-38.48,3.53
15052,0.71,-1355.81,-23.34,-408.44,-41.51,3.53
15053,0.70,-1310.00,-32.16,-341.19,-111.07,3.53
15054,0.71,-1259.37,-27.99,-475.10,-557.33,3.85
15055,0.71,-1322.98,-31.27,-561.09,-600.68,3.85
15056,0.35,-596.29,-28.29,-141.09,-40.21,3.85
15057,0.70,-985.49,-28.37,-345.05,-138.67,4.49
15058,0.45,-553.28,-28.34,-122.24,-39.39,4.49
15059,0.53,-621.27,-29.85,-200.21,-38.78,4.49
15060,0.53,-910.56,-26.32,-260.28,-126.45,3.53
15061,0.34,-126.86,-27.78,-59.30,-34.03,4.81
15062,0.56,-1005.20,-27.93,-182.57,-33.03,4.17
15063,0.95,-1304.24,-46.70,-455.06,-429.75,4.17
15064,0.54,-1001.34,-21.46,-193.79,-33.90,3.85
15065,0.68,-667.54,-30.49,-145.00,-43.97,3.85
15066,0.37,-575.63,-28.05,-126.84,-38.37,3.85
15067,0.66,-894.76,-27.54,-369.65,-110.03,3.85
15068,0.80,-1409.87,-19.52,-468.28,-115.47,3.85
15069,0.67,-1182.04,-23.66,-438.87,-134.01,3.85
15070,0.56,-833.16,-32.16,-400.86,-591.51,3.85
15071,0.66,-1113.70,-24.27,-398.20,-36.72,3.53
15072,0.50,-797.66,-33.63,-251.20,-99.37,3.53
15073,0.46,-876.71,-31.66,-270.45,-114.35,4.17
15074,0.35,-626.52,-29.99,-134.88,-35.05,4.17
15075,0.47,-815.60,-34.50,-225.57,-40.41,4.17
15076,0.43,-612.03,-21.42,-222.35,-112.86,4.17
15077,0.66,-1121.17,-32.73,-360.22,-44.18,4.17
15078,0.75,-612.39,-27.04,-219.62,-98.91,4.17
15079,0.40,-603.24,-29.18,-136.92,-33.79,4.17
15080,0.89,-737.16,-28.42,-309.64,-40.44,4.17
15081,0.60,-1061.65,-24.66,-320.16,-110.83,4.17
15082,0.65,-591.18,-25.48,-174.89,-36.33,4.17
15083,0.29,-569.06,-27.60,-145.09,-112.18,3.53
15084,0.29,-625.22,-35.34,-248.52,-134.16,3.53
15085,0.74,-633.14,-31.74,-242.26,-123.83,3.53
15086,0.52,-966.83,-35.13,-417.59,-523.00,3.53
15087,0.49,-892.22,-30.16,-294.56,-135.09,3.53
15088,0.85,-1007.67,-31.20,-539.88,-592.34,3.53
15089,0.72,-748.78,-26.48,-279.36,-113.21,3.53
15090,0.56,-911.83,-26.83,-293.20,-54.53,3.21
15091,0.89,-529.76,-30.11,-155.67,-134.01,3.85
15092,0.56,-958.43,-29.44,-407.19,-177.95,3.85
15093,0.75,-1078.57,-36.83,-336.50,-137.06,3.85
15094,0.47,-819.16,-30.87,-300.11,-48.08,4.17
15095,0.32,-588.58,-19.60,-200.26,-42.70,4.17
15096,0.61,-921.06,-28.67,-239.72,-47.19,4.17
15097,0.51,-910.66,-27.63,-163.45,-34.30,4.17
15098,0.73,-1232.12,-28.90,-526.03,-608.14,4.17
15099,0.36,-125.17,-23.71,-43.00,-30.39,4.17
15100,0.30,-537.34,-24.86,-120.52,-37.05,4.17
15101,0.33,-595.39,-24.16,-121.05,-29.25,4.17
15102,0.66,-942.68,-27.70,-283.98,-44.61,4.17
15103,0.36,-583.35,-27.78,-109.63,-31.33,4.17
15104,0.55,-896.87,-29.07,-317.60,-38.94,4.17
15105,0.69,-1284.61,-31.24,-339.22,-37.99,4.17
15106,0.52,-1043.15,-33.90,-202.72,-42.85,4.17
15107,0.36,-153.69,-28.15,-78.78,-40.63,4.17
15108,0.31,-124.28,-32.94,-69.90,-41.30,4.17
15109,0.60,-1129.44,-32.67,-358.85,-131.90,4.17
15110,0.37,-550.03,-27.95,-108.07,-35.00,4.17
15111,0.30,-572.49,-25.78,-125.69,-32.00,4.17
15112,0.59,-1084.39,-29.97,-358.66,-117.55,4.17
15113,0.42,-124.81,-33.69,-71.96,-47.29,4.17
15114,0.54,-864.42,-30.89,-235.91,-91.44,4.17
15115,0.71,-1202.76,-31.35,-389.58,-46.74,4.17
15116,0.44,-155.03,-27.17,-64.33,-36.53,4.17
15117,0.33,-536.91,-27.89,-155.71,-37.74,4.17
15118,0.52,-842.62,-27.57,-308.51,-42.82,4.17
15119,0.76,-630.16,-28.35,-138.52,-37.37,4.17
15120,0.50,-839.85,-22.26,-169.61,-34.14,4.17
15121,0.31,-592.73,-29.59,-200.36,-34.94,4.81
15122,0.58,-824.90,-27.80,-155.33,-35.26,4.81
15123,0.32,-125.19,-26.48,-57.44,-37.67,4.81
15124,0.44,-774.95,-30.75,-216.52,-38.67,4.81
15125,0.44,-104.53,-20.97,-41.56,-32.52,3.85
15126,0.69,-951.23,-29.12,-416.34,-576.55,3.85
15127,0.73,-922.94,-30.87,-407.32,-572.84,3.85
15128,0.93,-880.58,-26.40,-222.28,-43.19,3.85
15129,0.64,-1143.57,-28.48,-293.53,-110.10,3.85
15130,0.40,-563.25,-27.23,-129.55,-38.59,3.85
15131,0.76,-573.01,-25.10,-217.91,-108.63,3.85
15132,0.57,-881.72,-28.50,-413.25,-468.64,3.85
15133,0.62,-622.00,-27.37,-219.81,-110.61,3.85
15134,0.60,-600.27,-29.78,-178.11,-123.91,3.85
15135,0.55,-787.65,-34.77,-204.54,-134.81,3.85
15136,0.52,-933.20,-29.35,-184.73,-38.87,3.85
15137,0.66,-907.46,-30.10,-373.95,-109.59,4.17
15138,0.79,-733.29,-26.38,-302.63,-31.16,4.17
15139,0.71,-595.59,-22.85,-213.80,-111.28,4.17
15140,0.73,-1335.78,-32.25,-321.20,-40.47,4.17
15141,0.41,-586.49,-34.14,-137.52,-40.38,4.49
15142,0.44,-815.63,-28.95,-248.85,-111.11,4.17
15143,0.31,-46.88,-27.27,-32.28,-30.18,4.17
15144,0.45,-783.31,-28.78,-153.27,-38.59,4.17
15145,0.78,-843.71,-32.99,-316.73,-134.36,4.17
15146,0.36,-566.15,-23.36,-109.15,-30.25,4.17
15147,0.34,-575.88,-28.90,-129.50,-40.59,4.49
15148,0.39,-147.59,-26.05,-78.98,-47.48,4.49
15149,0.62,-1060.93,-34.62,-196.17,-38.59,4.49
15150,0.78,-1452.47,-23.49,-250.64,-34.59,3.85
15151,1.27,-552.63,-33.16,-191.15,-122.87,3.85
15152,0.71,-934.71,-27.50,-195.02,-34.32,3.85
15153,0.31,-613.88,-30.71,-142.97,-34.93,3.85
15154,0.45,-124.93,-25.41,-53.13,-31.82,3.85
15155,0.58,-374.42,-29.09,-96.05,-33.38,3.85
15156,0.39,-450.35,-31.59,-118.34,-40.67,3.85
15157,0.84,-614.50,-29.58,-171.31,-134.06,3.85
15158,0.72,-1316.16,-29.28,-542.95,-544.84,3.85
15159,0.39,-618.24,-30.30,-116.08,-31.59,3.85
15160,0.74,-1169.34,-31.43,-223.85,-33.65,3.85
15161,0.91,-1258.12,-36.75,-394.71,-111.98,3.85
15162,0.31,-617.14,-19.84,-205.05,-40.45,3.85
15163,0.29,-600.57,-28.32,-279.76,-126.05,3.53
15164,0.47,-624.90,-20.93,-218.45,-101.90,3.53
15165,0.29,-596.49,-20.14,-289.32,-111.72,3.53
15166,0.39,-749.44,-26.09,-184.90,-127.55,3.53
15167,0.68,-798.37,-28.88,-261.59,-133.16,3.53
15168,0.95,-1243.33,-26.78,-405.67,-33.85,3.53
15169,0.31,-122.81,-31.09,-68.99,-37.47,3.53
15170,0.45,-854.93,-29.64,-267.54,-118.99,3.53
15171,0.59,-1170.42,-22.56,-304.89,-134.32,3.53
15172,0.45,-594.67,-29.78,-179.03,-113.20,3.53
15173,0.42,-573.66,-24.70,-169.44,-35.99,3.53
15174,0.51,-1013.98,-28.49,-438.09,-440.72,3.53
15175,1.22,-819.27,-28.27,-280.38,-139.70,3.53
15176,0.55,-1076.25,-23.97,-224.86,-111.80,3.53
15177,0.43,-807.87,-22.40,-168.29,-56.21,3.53
15178,0.77,-827.30,-22.91,-258.54,-44.17,3.53
15179,0.32,-132.62,-23.90,-89.90,-103.70,3.53
15180,1.34,-1250.41,-26.07,-423.66,-204.76,3.53
15181,0.51,-903.48,-30.60,-342.41,-112.22,3.53
15182,0.29,-131.65,-30.62,-91.45,-111.17,3.53
15183,0.84,-1284.59,-29.17,-474.29,-55.40,3.53
15184,0.55,-994.69,-32.14,-400.30,-228.89,2.88
15185,0.85,-622.85,-32.76,-215.22,-101.75,3.53
15186,0.78,-872.29,-40.03,-351.67,-133.57,3.53
15187,0.34,-585.09,-32.38,-191.84,-131.95,3.53
15188,0.35,-614.33,-24.62,-216.63,-109.43,3.53
15189,0.28,-402.34,-34.20,-156.57,-125.25,3.53
15190,0.55,-940.40,-29.46,-187.93,-47.88,3.53
15191,0.48,-868.24,-29.07,-254.36,-129.02,3.53
15192,0.54,-590.18,-26.26,-207.77,-48.20,3.53
15193,0.45,-113.38,-26.81,-63.91,-38.17,3.53
15194,0.68,-1066.64,-32.19,-537.02,-620.25,3.53
15195,0.33,-593.03,-25.88,-190.57,-36.74,4.81
15196,0.46,-567.04,-20.08,-112.73,-34.42,4.81
15197,0.42,-563.44,-24.84,-105.31,-27.01,4.81
15198,0.42,-601.61,-26.04,-114.41,-35.26,4.81
15199,0.61,-388.77,-23.73,-124.01,-29.38,5.13
15200,0.51,-909.04,-23.38,-221.55,-115.50,5.13
15201,0.56,-603.14,-25.81,-272.03,-39.89,5.13
15202,0.37,-634.61,-29.66,-350.48,-545.25,5.13
15203,0.50,-756.11,-20.79,-158.02,-39.52,4.17
15204,0.59,-924.00,-20.26,-182.52,-33.06,2.88
15205,0.88,-1414.89,-26.13,-355.31,-126.98,2.88
15206,0.32,-598.89,-25.91,-367.39,-541.66,2.88
15207,1.39,-848.67,-19.57,-494.37,-564.50,2.88
15208,0.75,-1171.79,-21.52,-460.96,-131.11,2.88
15209,0.80,-1244.77,-32.03,-361.97,-47.79,2.88
15210,0.48,-866.58,-22.87,-177.08,-39.63,3.21
15211,0.47,-577.75,-22.74,-156.34,-121.37,3.21
15212,0.86,-1036.41,-27.98,-208.65,-40.80,3.21
15213,2.61,-823.20,-23.76,-319.67,-31.18,4.49
15214,0.31,-587.74,-17.67,-230.67,-169.73,4.81
15215,0.47,-46.85,-24.08,-35.79,-35.63,4.81
15216,0.42,-72.92,-29.26,-39.47,-32.70,4.81
15217,0.58,-604.46,-24.69,-294.44,-241.47,4.81
15218,2.04,-617.19,-25.61,-231.47,-120.99,4.81
15219,0.76,-664.45,-28.08,-120.45,-30.75,4.81
15220,0.42,-570.59,-26.00,-108.03,-30.68,4.81
15221,0.47,-559.79,-26.16,-125.29,-38.76,4.81
15222,0.31,-608.32,-22.30,-126.41,-29.56,4.81
15223,0.71,-1106.18,-21.21,-471.61,-137.59,4.49
15224,0.77,-1184.65,-27.33,-210.64,-31.06,4.49
15225,0.40,-604.49,-35.84,-142.54,-45.45,4.49
15226,0.69,-1040.50,-24.04,-274.67,-40.01,4.81
15227,0.55,-633.11,-26.80,-141.94,-40.51,4.81
15228,0.61,-930.37,-24.63,-351.15,-33.76,4.81
15229,0.41,-558.20,-21.76,-105.71,-35.18,4.81
15230,1.95,-780.60,-29.97,-249.56,-87.52,4.81
15231,0.30,-538.46,-22.44,-126.66,-32.56,4.81
15232,0.54,-53.96,-16.51,-34.66,-29.47,4.17
15233,0.61,-1144.85,-29.73,-344.65,-39.78,2.88
15234,0.72,-454.01,-23.20,-117.61,-40.02,2.88
15235,1.02,-612.40,-26.65,-209.46,-45.76,3.21
15236,0.50,-781.02,-29.08,-171.80,-102.27,3.53
15237,0.65,-1084.71,-25.00,-267.54,-30.03,4.17
15238,0.48,-858.08,-23.23,-228.55,-35.47,4.17
15239,0.97,-1276.39,-21.36,-306.33,-113.46,4.49
15240,0.76,-237.44,-26.27,-63.27,-37.82,4.49
15241,0.37,-615.25,-29.17,-136.92,-38.15,4.49
15242,0.50,-804.38,-20.09,-215.71,-30.51,4.49
15243,0.72,-958.03,-24.40,-241.05,-31.30,5.45
15244,0.68,-1058.90,-27.15,-192.88,-34.40,5.13
15245,0.43,-38.73,-25.33,-32.44,-31.68,4.49
15246,0.63,-894.46,-22.92,-152.75,-29.67,4.49
15247,0.73,-936.61,-16.85,-260.93,-113.10,4.49
15248,0.43,-612.16,-23.78,-125.47,-34.64,4.49
15249,0.59,-53.83,-27.63,-36.41,-33.71,4.49
15250,0.56,-596.87,-23.97,-115.17,-31.90,4.17
15251,0.43,-772.08,-28.61,-297.97,-36.37,4.81
15252,0.33,-592.04,-26.30,-201.31,-35.34,4.81
15253,0.68,-983.78,-27.74,-219.74,-125.23,3.53
15254,0.70,-1154.87,-26.69,-248.53,-113.66,4.17
15255,0.34,-498.08,-28.05,-132.29,-80.87,4.17
15256,0.51,-840.60,-26.02,-166.97,-35.09,3.21
15257,0.89,-1104.57,-30.11,-272.49,-39.47,3.21
15258,0.31,-138.80,-26.38,-77.81,-99.29,3.21
15259,0.48,-741.69,-27.09,-242.94,-129.68,3.21
15260,2.14,-1082.87,-25.30,-442.43,-563.73,3.85
15261,0.32,-573.31,-20.95,-133.58,-36.64,3.85
15262,0.42,-570.10,-28.38,-293.63,-135.58,3.85
15263,0.73,-1169.11,-28.64,-409.37,-432.37,3.85
15264,0.36,-609.01,-25.02,-126.71,-40.28,4.81
15265,0.70,-440.98,-33.10,-128.29,-109.86,4.81
15266,0.68,-987.35,-27.18,-278.30,-133.02,4.81
15267,0.39,-612.99,-24.25,-203.77,-34.28,4.49
15268,0.59,-586.29,-25.17,-202.38,-43.25,4.49
15269,0.71,-1240.49,-26.11,-518.95,-401.01,4.49
15270,0.43,-567.69,-28.37,-210.99,-112.55,4.49
15271,1.02,-416.75,-28.82,-100.36,-37.87,4.81
15272,0.44,-805.64,-29.29,-241.02,-44.11,3.85
15273,0.56,-603.10,-26.23,-129.09,-33.21,3.85
15274,0.33,-140.86,-27.47,-62.19,-41.11,3.85
15275,0.53,-566.44,-27.36,-113.68,-39.24,3.85
15276,0.32,-180.04,-28.97,-61.24,-30.74,4.17
15277,0.52,-587.65,-27.44,-197.55,-39.83,4.17
15278,0.31,-545.14,-28.62,-180.46,-111.26,4.17
15279,0.60,-1021.85,-19.54,-180.24,-28.76,4.17
15280,0.57,-1038.42,-30.66,-263.70,-112.26,4.17
15281,0.76,-561.48,-23.20,-174.00,-36.77,4.17
15282,0.66,-805.90,-33.10,-209.80,-48.45,4.17
15283,0.45,-753.23,-24.87,-227.19,-40.19,4.17
15284,0.72,-1291.44,-21.51,-221.43,-30.80,3.21
15285,2.42,-717.49,-34.54,-372.48,-460.04,3.21
15286,0.68,-1154.74,-35.09,-493.81,-528.10,3.21
15287,0.44,-625.80,-30.01,-136.45,-46.74,4.49
15288,2.73,-723.83,-18.31,-140.77,-33.78,4.49
15289,0.37,-584.23,-28.41,-114.84,-36.91,4.49
15290,0.57,-506.68,-19.04,-111.58,-37.63,4.49
15291,0.33,-573.73,-29.70,-151.83,-119.66,4.49
15292,0.43,-540.11,-28.89,-188.32,-113.73,4.49
15293,0.75,-336.45,-21.57,-128.55,-41.71,4.49
15294,0.55,-576.35,-28.10,-124.94,-40.42,4.49
15295,0.56,-922.78,-27.52,-295.43,-109.72,4.49
15296,0.69,-976.81,-31.94,-335.24,-98.39,4.49
15297,0.42,-554.91,-30.57,-128.98,-40.28,3.85
15298,0.64,-1341.91,-27.16,-241.65,-39.47,3.85
15299,0.48,-567.39,-26.15,-188.79,-110.56,4.49
15300,0.40,-549.30,-27.35,-116.22,-31.21,4.49
15301,1.13,-820.18,-25.85,-412.38,-556.73,4.49
15302,0.36,-596.45,-29.99,-222.00,-113.06,3.85
15303,0.69,-1110.72,-35.78,-305.80,-113.39,3.85
15304,0.58,-914.66,-25.42,-251.32,-48.66,4.17
15305,0.46,-847.36,-30.56,-187.59,-113.98,4.17
15306,0.73,-1196.30,-23.91,-353.84,-74.55,4.17
15307,0.51,-110.06,-25.73,-45.78,-32.27,4.17
15308,0.31,-617.79,-26.00,-154.73,-122.08,4.17
15309,0.40,-105.12,-21.28,-41.34,-31.15,4.17
15310,0.41,-578.41,-23.86,-124.55,-32.61,4.17
15311,0.78,-1188.20,-31.82,-372.42,-33.87,4.17
15312,0.87,-712.18,-26.13,-275.90,-137.53,4.17
15313,0.54,-574.41,-34.69,-166.81,-52.35,4.17
15314,0.32,-605.87,-25.06,-125.70,-36.17,4.17
15315,1.45,-603.78,-28.54,-206.44,-40.69,4.49
15316,0.76,-585.84,-20.81,-112.58,-33.96,4.49
15317,0.44,-460.41,-19.01,-100.37,-27.50,4.49
15318,0.39,-613.41,-29.27,-225.78,-113.85,3.85
15319,0.39,-141.33,-31.23,-49.55,-34.98,3.85
15320,0.53,-1029.42,-26.27,-253.44,-30.85,3.85
15321,0.47,-753.30,-29.72,-320.35,-123.75,3.85
15322,0.40,-579.87,-25.87,-121.68,-34.64,3.85
15323,0.74,-1417.05,-21.27,-342.50,-134.90,3.85
15324,0.29,-601.94,-32.55,-298.43,-188.21,4.49
15325,0.70,-894.96,-23.61,-259.19,-100.87,4.49
15326,0.52,-982.31,-24.03,-176.55,-31.54,4.49
15327,0.32,-592.64,-23.03,-149.49,-101.11,4.49
15328,0.52,-846.57,-30.77,-411.45,-559.91,4.49
15329,0.41,-730.12,-23.91,-144.12,-29.75,4.49
15330,0.63,-578.12,-28.70,-236.54,-134.08,4.49
15331,0.78,-1348.39,-21.63,-399.11,-121.46,4.49
15332,0.67,-1243.85,-24.19,-432.37,-138.20,4.49
15333,0.43,-539.85,-18.54,-114.42,-34.58,4.49
15334,0.48,-214.11,-24.07,-81.77,-34.73,4.49
15335,0.95,-280.54,-30.92,-83.02,-40.02,4.49
15336,0.52,-134.37,-24.93,-57.86,-32.73,4.49
15337,0.38,-603.00,-23.53,-220.38,-82.00,4.49
15338,0.55,-862.92,-28.15,-241.29,-40.15,3.21
15339,0.64,-983.48,-25.63,-288.35,-147.18,3.85
15340,0.41,-587.48,-25.60,-219.05,-131.22,3.85
15341,0.49,-831.06,-33.41,-257.99,-115.25,3.85
15342,0.32,-616.97,-27.77,-167.80,-123.27,3.85
15343,0.70,-937.67,-26.53,-208.27,-46.24,3.21
15344,0.57,-885.57,-27.38,-192.94,-102.77,3.21
15345,0.54,-1013.29,-24.59,-439.97,-113.56,3.21
15346,0.65,-1020.00,-32.65,-413.84,-156.23,3.21
15347,0.27,-133.01,-34.50,-99.20,-109.48,3.21
15348,0.73,-610.71,-25.94,-195.52,-124.28,3.53
15349,0.68,-607.63,-25.42,-220.73,-110.40,3.53
15350,0.74,-1101.10,-22.09,-431.56,-189.76,3.53
15351,0.40,-593.21,-25.94,-228.83,-33.65,3.53
15352,0.77,-607.63,-21.71,-270.71,-33.42,3.53
15353,0.56,-1142.49,-25.00,-303.82,-130.04,3.53
15354,0.32,-554.74,-34.39,-142.27,-52.40,3.53
15355,0.55,-308.87,-25.34,-72.29,-34.10,3.53
15356,0.65,-720.78,-23.54,-237.19,-115.08,3.53
15357,0.39,-590.20,-25.79,-200.29,-48.88,4.17
15358,0.45,-600.44,-23.88,-279.57,-124.94,4.49
15359,0.42,-618.70,-26.47,-136.98,-35.50,4.49
15360,0.41,-130.01,-24.98,-44.37,-31.80,3.21
15361,0.44,-807.78,-30.57,-252.35,-113.31,4.49
15362,0.34,-625.45,-22.72,-207.64,-35.63,4.81
15363,0.54,-907.71,-28.24,-250.03,-40.77,4.81
15364,0.33,-593.35,-25.80,-292.05,-126.89,4.49
15365,0.53,-708.56,-30.64,-226.70,-111.42,4.49
15366,0.59,-601.20,-20.02,-192.90,-31.36,4.49
15367,0.72,-1157.75,-22.42,-190.43,-28.10,4.49
15368,0.57,-1018.82,-23.49,-183.83,-34.72,4.49
15369,0.55,-740.16,-25.93,-215.50,-37.73,3.53
15370,0.35,-626.56,-25.07,-203.15,-36.76,3.21
15371,0.64,-617.73,-25.66,-321.57,-360.21,3.21
15372,0.31,-594.26,-24.81,-284.38,-133.25,3.53
15373,1.91,-644.55,-27.91,-153.80,-97.17,4.17
15374,0.58,-814.43,-22.90,-312.29,-123.10,4.17
15375,0.52,-901.47,-27.50,-199.31,-111.08,4.17
15376,0.50,-1016.95,-23.57,-184.68,-34.04,4.17
15377,0.61,-1126.83,-24.89,-272.41,-40.79,4.17
15378,0.53,-919.92,-26.88,-391.87,-562.12,4.17
15379,0.45,-582.95,-20.13,-125.42,-44.32,4.17
15380,0.35,-118.97,-27.10,-60.71,-40.49,3.21
15381,0.65,-1097.96,-24.97,-305.33,-132.46,3.21
15382,0.53,-875.71,-21.78,-305.07,-133.40,3.21
15383,0.65,-998.19,-32.02,-510.84,-537.41,3.21
15384,0.51,-570.74,-22.24,-152.95,-130.58,3.21
15385,0.29,-566.56,-40.05,-183.81,-129.46,3.21
15386,0.39,-717.20,-21.31,-246.77,-124.98,3.21
15387,0.41,-589.60,-31.28,-137.34,-32.86,3.21
15388,0.62,-983.30,-33.70,-354.92,-175.12,3.21
15389,0.86,-835.64,-43.89,-423.17,-464.87,3.21
15390,0.42,-622.52,-30.85,-213.82,-112.17,3.21
15391,0.55,-917.23,-27.01,-208.80,-91.14,3.21
15392,0.38,-557.80,-21.38,-197.00,-36.32,3.21
15393,0.34,-431.18,-20.20,-123.65,-111.59,3.21
15394,0.71,-870.51,-24.82,-406.84,-110.90,3.21
15395,0.56,-817.78,-32.27,-216.68,-51.44,3.21
15396,0.67,-1263.09,-24.10,-477.13,-211.29,3.21
15397,0.33,-581.31,-28.36,-286.02,-129.02,3.21
15398,0.46,-578.42,-27.92,-205.66,-108.97,4.81
15399,0.54,-755.76,-34.98,-313.25,-87.20,5.13
15400,0.73,-1140.11,-23.40,-289.04,-113.27,5.13
15401,0.59,-978.37,-28.83,-179.48,-33.07,5.13
15402,0.68,-1247.84,-25.77,-354.93,-112.29,5.13
15403,0.62,-1098.81,-28.07,-349.83,-114.07,5.13
15404,0.45,-580.72,-22.07,-142.43,-35.24,5.13
15405,0.79,-479.08,-20.93,-106.16,-27.44,5.13
15406,0.48,-186.78,-26.91,-70.13,-36.00,5.13
15407,0.39,-175.32,-26.45,-74.99,-32.55,4.49
15408,0.60,-945.32,-28.58,-247.06,-113.81,4.49
15409,0.41,-572.19,-29.85,-153.55,-49.52,4.49
15410,2.88,-749.73,-28.95,-311.02,-43.06,4.49
15411,0.59,-946.39,-33.58,-295.83,-107.87,4.49
15412,0.51,-921.43,-29.10,-193.84,-33.82,4.49
15413,0.44,-603.86,-24.73,-202.05,-35.65,4.81
15414,0.48,-151.28,-23.60,-65.79,-41.27,4.81
15415,0.56,-799.22,-26.42,-161.88,-32.10,3.21
15416,0.30,-591.81,-18.43,-275.73,-133.66,4.49
15417,0.48,-907.74,-23.73,-169.67,-34.27,3.85
15418,0.65,-1140.81,-21.75,-336.50,-132.96,3.85
15419,0.40,-404.64,-33.64,-155.84,-42.13,4.17
15420,0.94,-567.18,-30.13,-242.67,-78.90,4.17
15421,0.55,-879.85,-24.98,-243.30,-47.26,4.17
15422,0.40,-560.21,-26.43,-248.86,-132.68,4.49
15423,0.50,-52.36,-24.08,-35.11,-34.39,4.49
15424,0.63,-1181.48,-22.17,-423.81,-32.45,4.49
15425,0.92,-1149.65,-26.43,-465.09,-42.96,4.49
15426,0.95,-1262.02,-27.98,-373.90,-129.95,4.49
15427,0.57,-950.26,-27.53,-469.80,-545.54,4.49
15428,0.34,-576.55,-22.67,-123.96,-36.75,4.49
15429,0.39,-45.37,-21.48,-32.22,-33.46,4.49
15430,0.32,-579.88,-27.28,-148.37,-87.44,3.21
15431,0.84,-1291.28,-46.00,-326.20,-124.60,3.21
15432,0.54,-950.28,-38.93,-299.17,-45.21,3.21
15433,0.28,-612.52,-38.89,-235.72,-127.33,3.21
15434,1.99,-571.09,-40.64,-206.83,-46.71,3.21
15435,0.26,-592.11,-44.04,-150.50,-98.84,3.21
15436,0.28,-565.68,-35.46,-149.72,-111.54,4.81
15437,0.48,-836.08,-38.77,-155.85,-42.12,4.49
15438,0.59,-1047.62,-40.31,-427.92,-114.02,4.49
15439,0.28,-598.10,-37.53,-133.69,-49.06,4.17
15440,0.67,-1209.44,-40.96,-402.27,-49.77,4.17
15441,0.70,-1090.02,-41.03,-333.13,-47.90,4.49
15442,0.52,-842.48,-37.02,-323.26,-111.81,4.49
15443,0.49,-114.55,-40.84,-62.34,-49.46,4.49
15444,0.78,-615.40,-43.26,-267.56,-114.35,4.49
15445,0.28,-607.97,-45.03,-217.75,-49.14,4.49
15446,0.33,-48.20,-40.57,-45.45,-46.29,4.49
15447,0.29,-606.54,-44.42,-147.09,-47.78,4.17
15448,0.28,-552.96,-39.51,-115.32,-42.57,3.21
15449,0.33,-596.28,-39.84,-207.92,-114.14,3.21
15450,0.26,-576.15,-41.99,-170.19,-113.16,3.21
15451,0.48,-885.55,-43.38,-350.35,-135.37,3.21
15452,0.70,-728.44,-44.32,-404.59,-485.69,3.21
15453,0.64,-1203.55,-37.20,-316.06,-123.53,3.21
15454,0.35,-638.59,-30.62,-285.90,-41.91,4.17
15455,0.65,-676.77,-26.90,-232.88,-110.84,4.17
15456,0.67,-801.22,-39.22,-312.98,-41.95,4.49
15457,0.62,-608.96,-32.95,-196.33,-38.14,4.49
15458,0.37,-177.62,-36.94,-81.25,-46.88,4.49
15459,0.31,-629.67,-34.52,-202.16,-40.77,4.49
15460,0.75,-1286.46,-33.86,-299.28,-38.46,4.49
15461,0.90,-662.87,-31.03,-227.07,-110.71,4.49
15462,0.31,-608.47,-27.86,-201.92,-34.26,4.17
15463,0.69,-1310.97,-31.76,-289.58,-52.08,4.17
15464,0.39,-112.56,-32.16,-47.82,-34.46,4.17
15465,0.60,-923.62,-34.40,-165.33,-39.57,4.17
15466,0.32,-593.49,-31.40,-216.03,-112.77,4.49
15467,0.63,-1050.92,-32.52,-341.92,-46.48,4.49
15468,0.32,-612.70,-35.06,-121.59,-41.06,4.49
15469,0.31,-616.33,-32.31,-209.03,-41.33,4.49
15470,0.44,-832.78,-31.59,-160.47,-34.43,5.13
15471,0.94,-499.66,-30.46,-135.73,-113.01,5.13
15472,0.80,-1101.58,-31.02,-262.43,-126.59,5.45
15473,0.75,-1069.89,-35.32,-195.96,-40.22,4.81
15474,0.35,-552.80,-32.83,-130.69,-39.59,4.81
15475,0.69,-1224.51,-33.09,-357.08,-41.12,4.81
15476,0.51,-816.43,-32.58,-230.40,-42.74,4.81
15477,0.39,-134.77,-28.26,-75.04,-48.49,4.81
15478,1.09,-1467.77,-33.02,-324.31,-37.45,4.49
15479,0.29,-555.93,-31.81,-148.16,-116.28,4.49
15480,0.43,-821.65,-37.63,-304.55,-68.43,4.49
15481,0.31,-646.26,-28.84,-147.29,-35.01,4.49
15482,0.69,-1154.85,-32.23,-320.08,-126.74,5.13
15483,0.35,-576.39,-27.44,-140.93,-38.51,6.41
15484,0.58,-1070.48,-30.18,-194.30,-33.48,6.41
15485,0.58,-911.70,-32.33,-159.37,-34.70,6.41
15486,0.35,-116.41,-29.57,-65.84,-36.27,5.13
15487,0.37,-52.23,-33.73,-39.38,-39.15,5.13
15488,0.42,-616.84,-31.83,-291.24,-190.78,5.45
15489,0.32,-48.72,-27.12,-35.76,-34.37,5.45
15490,0.57,-934.80,-36.18,-288.07,-127.74,5.45
15491,0.65,-574.09,-25.35,-222.78,-116.48,5.77
15492,0.37,-155.25,-31.48,-55.96,-39.19,6.09
15493,0.45,-855.94,-32.59,-240.78,-55.82,6.09
15494,0.32,-41.18,-25.40,-35.94,-36.99,6.09
15495,0.31,-614.35,-35.98,-132.98,-40.70,6.09
15496,0.31,-112.69,-34.77,-56.96,-39.18,6.09
15497,0.33,-129.27,-30.17,-51.96,-43.27,6.09
15498,0.49,-766.45,-34.78,-216.25,-39.94,6.09
15499,0.56,-816.93,-35.34,-197.06,-39.96,6.09
15500,0.32,-65.23,-30.84,-39.70,-37.36,6.09
15501,0.31,-119.51,-28.55,-64.71,-37.15,6.09
15502,0.39,-608.78,-29.25,-138.09,-35.11,5.13
15503,0.78,-1070.89,-37.28,-366.62,-110.94,5.13
15504,0.31,-647.06,-32.09,-220.45,-38.50,5.13
15505,0.74,-1348.36,-36.20,-431.43,-200.28,5.13
15506,0.62,-976.85,-27.80,-171.13,-36.16,5.13
15507,0.33,-111.80,-28.06,-55.44,-39.63,5.13
15508,0.40,-598.80,-30.25,-115.64,-36.89,5.13
15509,0.32,-43.60,-29.67,-36.66,-36.59,5.13
15510,0.65,-1059.24,-36.71,-501.27,-611.86,5.13
15511,0.37,-45.50,-32.23,-37.24,-36.08,5.13
15512,0.41,-747.22,-31.41,-379.29,-589.61,5.13
15513,0.35,-584.11,-29.22,-204.02,-49.53,5.13
15514,0.66,-1186.81,-32.37,-201.48,-37.21,5.13
15515,0.29,-564.95,-33.12,-148.76,-98.91,4.49
15516,0.39,-629.10,-32.21,-136.91,-40.36,4.49
15517,0.33,-597.87,-30.23,-128.96,-40.47,4.49
15518,0.30,-113.12,-32.72,-49.88,-41.53,4.17
15519,0.39,-607.58,-30.86,-119.06,-40.74,4.17
15520,0.53,-966.63,-32.87,-299.49,-110.00,4.17
15521,0.43,-764.89,-28.83,-217.59,-34.70,4.17
15522,0.29,-566.41,-34.35,-137.11,-46.92,4.17
15523,0.31,-570.13,-32.61,-141.66,-38.74,4.17
15524,0.53,-910.99,-30.32,-247.13,-35.70,4.17
15525,0.72,-1073.88,-30.16,-425.30,-563.16,4.17
15526,0.62,-849.54,-32.23,-166.02,-39.70,4.81
15527,0.66,-1012.30,-36.61,-302.90,-42.79,4.81
15528,0.33,-616.09,-27.27,-214.93,-101.63,5.77
15529,0.79,-1423.68,-28.48,-319.55,-35.66,5.77
15530,0.32,-572.45,-32.29,-261.89,-56.60,5.45
15531,0.37,-596.43,-25.73,-129.53,-38.12,5.13
15532,0.36,-49.06,-21.69,-35.49,-36.32,5.45
15533,0.53,-911.01,-28.29,-175.83,-43.91,5.45
15534,0.42,-191.84,-34.71,-61.74,-37.57,5.13
15535,0.67,-1142.04,-30.84,-206.68,-39.22,5.13
15536,0.30,-559.89,-34.42,-185.85,-37.01,4.49
15537,0.33,-133.92,-32.22,-53.95,-37.80,4.49
15538,0.40,-741.69,-34.24,-215.99,-39.80,5.77
15539,2.74,-2001.15,-29.04,-400.81,-43.10,5.77
15540,0.56,-1059.75,-34.31,-344.95,-104.52,5.77
15541,0.32,-109.62,-32.94,-46.88,-37.20,5.77
15542,0.33,-616.20,-27.49,-128.61,-39.06,4.49
15543,0.37,-136.38,-36.64,-77.59,-44.42,4.17
15544,0.92,-1189.12,-32.70,-443.19,-130.57,4.17
15545,0.31,-612.00,-27.64,-198.52,-39.69,4.17
15546,0.37,-611.63,-33.92,-345.98,-532.39,4.17
15547,0.68,-1257.61,-32.64,-211.04,-36.87,4.17
15548,0.63,-1073.45,-27.46,-414.47,-571.06,4.17
15549,0.78,-1051.84,-29.23,-355.46,-110.94,4.81
15550,0.44,-612.78,-35.15,-130.39,-36.99,4.81
15551,0.47,-800.20,-32.63,-392.60,-584.55,4.81
15552,0.43,-532.19,-30.83,-111.01,-38.25,4.81
15553,0.91,-1324.38,-29.70,-336.72,-39.43,4.81
15554,0.34,-550.09,-30.15,-127.17,-37.83,4.81
15555,0.31,-583.92,-30.00,-126.67,-41.55,4.81
15556,0.99,-1267.80,-33.30,-388.19,-131.27,4.81
15557,0.35,-589.42,-33.13,-116.98,-38.16,4.81
15558,0.65,-121.96,-29.67,-47.45,-35.63,4.81
15559,0.30,-124.03,-31.00,-72.27,-38.52,4.81
15560,0.49,-963.52,-34.76,-197.34,-40.56,4.81
15561,0.82,-639.65,-32.43,-133.18,-41.59,5.45
15562,0.43,-617.53,-35.00,-188.98,-45.63,4.81
15563,0.30,-47.81,-31.24,-37.44,-34.09,4.81
15564,0.43,-759.66,-26.48,-138.71,-38.49,4.81
15565,0.60,-592.63,-32.68,-227.53,-43.36,4.81
15566,2.72,-695.13,-33.49,-145.61,-40.74,4.81
15567,0.60,-809.38,-35.20,-307.05,-167.49,4.81
15568,0.85,-590.21,-33.98,-125.77,-36.64,4.81
15569,0.52,-819.11,-30.32,-169.84,-36.20,4.81
15570,0.78,-598.50,-33.25,-254.09,-41.32,4.17
15571,0.41,-540.44,-31.66,-110.40,-38.36,4.17
15572,0.37,-120.38,-28.96,-60.78,-40.03,4.17
15573,0.31,-133.95,-29.59,-64.24,-39.76,4.17
15574,0.49,-924.18,-30.24,-283.00,-39.62,4.49
15575,0.45,-822.38,-31.53,-312.72,-41.78,4.49
15576,0.30,-613.63,-29.64,-131.50,-39.53,4.49
15577,0.62,-990.51,-34.52,-365.04,-175.72,4.49
15578,0.47,-123.09,-30.47,-47.54,-34.60,5.13
15579,0.32,-132.11,-32.86,-52.74,-37.26,5.45
15580,0.34,-596.34,-28.29,-137.53,-37.61,5.45
15581,0.32,-618.65,-29.69,-209.69,-39.68,5.45
15582,0.31,-595.90,-28.39,-113.62,-33.84,5.45
15583,0.31,-113.66,-28.93,-45.65,-35.03,5.45
15584,0.33,-639.34,-25.98,-197.14,-35.74,5.45
15585,0.34,-564.71,-29.34,-145.07,-46.48,5.45
15586,0.66,-1058.94,-28.22,-209.63,-48.69,5.45
15587,0.52,-199.26,-34.50,-74.13,-37.29,5.45
15588,0.50,-605.33,-35.58,-219.47,-108.99,5.45
15589,0.34,-623.62,-34.37,-147.70,-45.98,5.77
15590,0.64,-1102.24,-28.33,-263.56,-30.48,4.17
15591,0.75,-1408.57,-25.81,-337.06,-108.56,4.17
15592,0.31,-589.21,-30.98,-115.71,-36.84,5.13
15593,0.93,-584.79,-27.12,-261.51,-120.17,5.13
15594,0.64,-1162.40,-33.20,-363.87,-133.41,4.49
15595,0.45,-801.49,-32.11,-463.63,-581.02,4.49
15596,0.37,-128.14,-32.67,-73.57,-47.32,4.49
15597,0.80,-608.61,-31.46,-159.48,-35.40,4.81
15598,0.29,-595.28,-30.24,-157.41,-122.81,4.17
15599,0.50,-975.18,-31.33,-403.27,-556.37,4.17
15600,0.38,-576.56,-29.23,-130.24,-45.20,4.17
15601,0.76,-1270.61,-29.76,-353.77,-44.45,4.17
15602,0.67,-1056.29,-32.42,-409.52,-126.66,4.17
15603,0.65,-1248.70,-31.59,-255.28,-111.32,4.17
15604,0.41,-126.53,-28.11,-60.04,-34.94,3.85
15605,0.82,-1179.52,-26.59,-252.89,-116.44,3.85
15606,0.60,-1133.76,-28.60,-285.16,-48.62,3.85
15607,0.52,-743.61,-40.48,-401.19,-577.92,3.85
15608,0.76,-1139.30,-15.45,-300.13,-57.45,3.85
15609,0.83,-1410.53,-22.18,-310.49,-43.78,3.85
15610,2.56,-934.92,-35.13,-275.91,-45.19,3.85
15611,0.53,-592.18,-29.60,-210.61,-83.29,3.85
15612,0.38,-134.43,-29.51,-61.31,-36.91,3.85
15613,0.77,-672.08,-34.36,-228.63,-123.25,3.85
15614,0.39,-706.99,-25.05,-153.30,-31.27,3.85
15615,0.50,-131.42,-29.48,-62.36,-38.71,3.85
15616,0.58,-1109.14,-25.60,-198.56,-33.59,5.77
15617,0.71,-555.00,-31.39,-156.15,-37.87,5.77
15618,0.69,-123.47,-20.98,-56.66,-51.52,4.17
15619,0.47,-772.65,-27.77,-230.11,-54.10,4.17
15620,0.51,-785.45,-30.25,-146.99,-41.21,5.77
15621,0.58,-868.49,-26.96,-172.52,-48.80,5.77
15622,0.61,-56.13,-31.11,-41.31,-39.61,5.77
15623,0.69,-1243.90,-23.43,-437.13,-125.21,5.13
15624,0.69,-1234.21,-35.03,-349.86,-45.84,5.13
15625,0.56,-180.17,-23.00,-72.13,-46.70,5.13
15626,0.46,-593.48,-32.39,-136.73,-37.10,5.45
15627,0.54,-60.02,-26.81,-44.06,-47.43,4.49
15628,0.72,-571.10,-32.63,-160.81,-113.79,4.49
15629,0.53,-49.71,-24.52,-37.50,-41.24,6.09
15630,0.53,-131.61,-25.78,-49.11,-30.85,6.09
15631,0.47,-52.37,-29.50,-42.86,-43.45,4.49
15632,0.59,-989.47,-29.57,-370.90,-42.74,4.49
15633,0.67,-565.77,-23.27,-227.80,-125.21,5.13
15634,0.48,-596.63,-31.09,-118.46,-38.83,4.49
15635,0.42,-135.52,-36.37,-67.38,-44.64,4.17
15636,0.51,-965.79,-30.03,-341.23,-137.15,4.17
15637,0.67,-581.59,-17.26,-185.53,-125.42,4.17
15638,0.43,-129.18,-28.15,-49.87,-39.23,4.17
15639,0.58,-129.03,-26.62,-44.75,-32.22,4.17
15640,0.52,-115.45,-24.74,-48.16,-40.93,4.17
15641,0.41,-610.41,-25.27,-135.69,-45.79,4.17
15642,0.48,-60.59,-29.20,-36.39,-31.49,4.17
15643,0.78,-1017.01,-29.29,-239.86,-111.71,4.17
15644,0.34,-578.36,-29.33,-166.53,-134.18,3.85
15645,0.80,-1094.16,-43.95,-236.70,-112.87,3.85
15646,0.48,-851.25,-22.13,-327.09,-134.34,3.85
15647,0.39,-555.31,-25.26,-135.64,-42.20,3.85
15648,0.86,-900.68,-23.31,-167.41,-34.83,3.85
15649,0.91,-1024.10,-61.13,-463.49,-479.78,3.85
15650,0.67,-810.82,-31.50,-222.95,-41.82,3.85
15651,0.42,-803.16,-29.56,-329.24,-131.45,3.85
15652,0.51,-138.22,-19.74,-76.28,-55.46,3.85
15653,0.70,-140.81,-26.27,-60.68,-37.86,3.85
15654,0.38,-156.30,-22.89,-72.97,-29.88,3.85
15655,0.60,-391.31,-24.61,-125.58,-110.16,3.85
15656,0.57,-139.15,-33.72,-64.63,-43.21,3.85
15657,0.56,-599.09,-26.73,-281.15,-121.55,4.81
15658,0.67,-1109.49,-20.58,-336.87,-46.59,4.81
15659,0.69,-549.78,-29.36,-115.34,-42.72,4.81
15660,0.65,-1185.31,-31.94,-360.27,-49.98,4.81
15661,0.68,-1193.81,-41.90,-247.63,-113.53,4.81
15662,0.64,-1047.57,-27.25,-374.57,-115.59,4.81
15663,0.46,-562.12,-22.22,-178.39,-33.92,4.81
15664,0.53,-49.53,-22.75,-38.01,-38.64,4.81
15665,0.77,-657.64,-35.55,-208.90,-48.80,4.81
15666,2.23,-600.66,-28.27,-149.85,-108.51,4.81
15667,0.55,-857.53,-22.23,-380.04,-114.97,4.81
15668,0.62,-582.63,-30.50,-137.43,-38.30,4.81
15669,0.41,-618.03,-30.00,-202.28,-47.85,4.81
15670,0.59,-560.85,-19.44,-118.65,-38.94,4.81
15671,0.66,-1034.89,-27.65,-254.21,-31.28,5.13
15672,0.73,-163.10,-26.70,-70.68,-60.21,4.49
15673,0.37,-590.90,-19.05,-197.80,-32.31,4.49
15674,0.66,-611.60,-19.40,-141.31,-28.93,4.49
15675,0.55,-841.77,-28.13,-206.08,-125.54,4.49
15676,0.45,-138.36,-20.72,-50.27,-35.35,4.17
15677,0.86,-1379.82,-37.17,-275.38,-111.25,4.17
15678,0.53,-845.30,-26.69,-303.54,-47.59,3.85
15679,0.38,-538.78,-28.45,-132.76,-43.85,3.85
15680,0.67,-603.16,-25.39,-272.61,-40.98,5.77
15681,0.57,-997.42,-34.80,-349.72,-121.36,5.77
15682,0.50,-572.01,-27.61,-145.82,-109.06,5.77
15683,0.67,-123.74,-30.96,-73.09,-60.31,5.77
15684,0.58,-909.08,-22.85,-181.89,-37.17,5.77
15685,0.65,-872.91,-22.58,-266.14,-130.66,6.41
15686,0.73,-942.02,-24.87,-166.07,-42.47,6.41
15687,0.56,-624.20,-18.88,-120.00,-40.34,6.41
15688,0.68,-554.14,-24.32,-114.19,-43.74,6.41
15689,0.58,-801.91,-25.07,-150.62,-47.05,6.41
15690,0.57,-875.75,-25.57,-243.28,-49.08,5.77
15691,0.39,-607.69,-25.24,-117.69,-37.53,5.13
15692,0.56,-486.75,-23.95,-110.53,-34.96,5.13
15693,0.62,-520.84,-32.98,-200.24,-90.33,5.77
15694,0.40,-569.60,-29.40,-213.15,-125.63,5.77
15695,0.58,-533.39,-27.00,-124.99,-43.75,5.77
15696,0.53,-605.29,-33.29,-131.46,-36.45,5.77
15697,0.42,-145.41,-29.06,-61.43,-36.24,5.77
15698,0.62,-840.61,-23.08,-238.00,-45.89,5.77
15699,0.69,-133.78,-24.84,-48.27,-32.79,5.77
15700,0.44,-562.35,-21.23,-110.04,-39.08,5.77
15701,0.87,-1001.20,-24.07,-181.47,-39.23,5.13
15702,0.36,-559.80,-31.91,-262.54,-114.48,5.13
15703,0.43,-595.67,-26.49,-241.43,-115.67,5.13
15704,0.79,-657.37,-34.31,-248.59,-94.34,5.13
15705,0.78,-1092.83,-21.83,-182.62,-32.19,5.13
15706,0.55,-881.90,-24.41,-168.48,-39.52,5.13
15707,0.54,-129.33,-20.14,-48.79,-34.85,5.45
15708,0.57,-593.81,-34.87,-130.00,-41.53,5.45
15709,0.55,-135.62,-30.73,-65.76,-42.96,5.45
15710,0.60,-807.15,-29.90,-160.56,-44.56,5.45
15711,0.44,-579.55,-22.80,-141.36,-52.69,5.45
15712,0.75,-564.31,-29.91,-136.37,-49.14,5.45
15713,0.51,-113.65,-24.61,-47.64,-35.65,5.45
15714,0.67,-1205.66,-24.88,-376.07,-114.96,3.85
15715,0.61,-1077.83,-20.91,-283.48,-61.52,3.85
15716,0.61,-889.59,-29.81,-314.68,-37.87,3.85
15717,0.81,-841.16,-29.85,-319.85,-115.29,3.85
15718,0.46,-547.49,-22.11,-119.54,-39.49,3.85
15719,0.50,-844.07,-19.97,-303.95,-39.96,3.85
15720,0.61,-144.41,-20.62,-83.81,-101.71,4.81
15721,0.62,-379.52,-31.01,-100.11,-37.93,5.77
15722,0.62,-577.98,-21.00,-110.58,-30.23,5.77
15723,0.46,-547.02,-25.35,-103.91,-31.28,5.77
15724,0.73,-48.56,-28.49,-36.54,-34.07,5.77
15725,0.59,-550.08,-17.97,-140.01,-53.86,5.77
15726,0.87,-549.81,-20.34,-121.80,-46.29,5.77
15727,0.56,-804.15,-34.76,-167.94,-47.55,5.77
15728,0.46,-610.79,-24.85,-147.50,-37.17,5.77
15729,0.45,-204.72,-21.72,-83.57,-43.58,5.45
15730,0.56,-45.14,-23.86,-37.54,-40.14,5.13
15731,0.93,-573.65,-25.72,-127.41,-43.39,5.13
15732,0.52,-997.49,-20.85,-337.70,-127.16,5.45
15733,0.68,-581.88,-31.58,-179.68,-44.84,3.85
15734,0.50,-577.82,-27.71,-130.21,-45.66,3.85
15735,0.57,-533.17,-27.70,-111.00,-37.98,4.17
15736,0.66,-600.47,-31.97,-273.13,-50.38,4.17
15737,0.55,-121.73,-20.22,-57.82,-39.92,4.17
15738,0.44,-665.24,-29.58,-154.92,-52.10,4.17
15739,0.67,-944.87,-30.27,-407.78,-567.79,5.77
15740,0.76,-570.97,-32.60,-123.51,-37.98,6.09
15741,0.52,-786.48,-25.21,-166.46,-46.40,6.09
15742,0.37,-135.04,-26.67,-61.96,-35.18,4.49
15743,0.59,-853.31,-32.95,-262.76,-114.10,4.49
15744,0.45,-612.74,-20.89,-137.98,-32.01,3.85
15745,0.45,-773.21,-24.13,-174.58,-111.04,4.81
15746,0.62,-563.58,-27.07,-199.67,-109.12,4.81
15747,0.57,-943.62,-17.62,-171.25,-32.43,4.81
15748,0.65,-785.79,-42.95,-327.20,-52.34,4.81
15749,0.58,-576.79,-36.80,-298.75,-177.66,4.17
15750,0.62,-593.44,-22.33,-197.90,-57.65,4.17
15751,0.64,-930.26,-25.91,-267.19,-111.97,4.17
15752,0.35,-579.72,-25.85,-337.92,-550.96,4.17
15753,0.37,-617.94,-29.12,-303.76,-400.95,4.17
15754,0.43,-623.11,-36.66,-226.91,-130.54,4.17
15755,0.72,-960.23,-37.24,-223.99,-46.14,4.17
15756,0.42,-614.55,-25.47,-218.83,-110.13,4.17
15757,0.82,-707.37,-32.68,-240.19,-167.45,4.17
15758,1.13,-1454.43,-23.55,-251.71,-45.72,4.17
15759,0.49,-114.79,-29.93,-52.25,-44.69,4.17
15760,0.54,-807.27,-24.61,-171.44,-43.50,4.17
15761,0.41,-599.46,-29.43,-212.16,-53.15,4.17
15762,0.57,-888.24,-22.07,-243.34,-35.26,4.17
15763,0.38,-593.81,-28.55,-142.49,-52.53,4.17
15764,0.52,-553.52,-18.82,-110.30,-41.05,4.17
15765,0.70,-132.65,-27.56,-79.00,-65.56,4.17
15766,0.60,-614.04,-30.23,-148.85,-60.95,5.13
15767,0.87,-1241.30,-35.52,-304.10,-45.52,5.13
15768,0.94,-580.30,-20.38,-194.86,-99.32,5.13
15769,0.77,-594.26,-25.31,-116.06,-39.81,5.13
15770,0.73,-974.14,-20.35,-370.05,-191.16,5.13
15771,0.73,-1196.60,-20.24,-272.74,-49.48,5.13
15772,0.70,-791.99,-34.71,-277.51,-129.25,5.13
15773,0.42,-594.08,-20.71,-215.92,-121.11,5.45
15774,0.69,-748.58,-31.79,-292.61,-44.21,5.77
15775,0.53,-534.86,-34.06,-123.49,-44.53,5.77
15776,0.60,-1045.11,-35.00,-262.97,-41.76,5.77
15777,0.81,-1148.92,-28.29,-217.67,-55.94,5.77
15778,0.73,-1100.74,-23.34,-189.04,-39.32,5.77
15779,0.60,-934.35,-22.77,-282.94,-49.86,5.77
15780,0.45,-129.75,-20.74,-56.05,-36.09,5.77
15781,0.62,-766.71,-29.58,-144.96,-39.88,5.77
15782,0.59,-999.86,-15.45,-176.91,-34.33,5.13
15783,0.81,-864.58,-26.20,-169.95,-51.68,5.13
15784,0.50,-822.10,-21.98,-321.02,-33.38,5.13
15785,0.63,-1099.25,-21.89,-219.41,-62.57,5.13
15786,0.78,-1200.37,-21.76,-203.20,-36.83,4.81
15787,0.61,-955.68,-33.86,-255.24,-43.76,4.81
15788,0.48,-108.95,-23.85,-54.70,-38.80,4.81
15789,0.78,-789.71,-20.47,-286.10,-49.97,4.81
15790,0.52,-601.94,-27.83,-129.40,-37.70,4.81
15791,0.74,-1172.86,-23.98,-286.26,-40.63,3.85
15792,0.62,-987.84,-25.78,-188.36,-43.66,3.85
15793,0.77,-682.20,-32.20,-212.18,-43.11,3.85
15794,0.45,-572.52,-34.46,-120.53,-46.51,3.85
15795,0.48,-111.91,-25.32,-47.35,-32.65,4.49
15796,0.66,-1130.94,-28.61,-252.36,-111.91,4.49
15797,0.76,-308.91,-25.83,-83.53,-43.80,3.85
15798,0.47,-602.86,-26.29,-135.48,-47.44,3.85
15799,0.44,-619.55,-27.23,-220.12,-43.13,4.49
15800,0.50,-776.03,-31.43,-185.85,-109.26,4.81
15801,0.62,-1008.19,-24.91,-296.44,-45.41,3.53
15802,0.68,-1001.84,-23.29,-313.62,-120.84,4.49
15803,0.72,-146.66,-23.51,-85.63,-86.06,4.49
15804,0.67,-133.62,-26.20,-52.87,-38.54,5.13
15805,0.66,-579.30,-31.83,-193.33,-45.40,5.13
15806,0.42,-584.77,-33.07,-209.67,-94.56,5.13
15807,0.60,-120.21,-32.41,-47.97,-34.86,5.13
15808,0.61,-552.37,-37.13,-182.55,-42.90,5.45
15809,0.40,-594.89,-27.01,-205.72,-36.43,5.13
15810,0.41,-564.30,-28.12,-191.75,-56.83,5.13
15811,0.47,-543.00,-30.97,-145.29,-112.15,5.13
15812,0.41,-584.41,-20.94,-151.62,-87.86,5.13
15813,0.41,-496.11,-20.02,-103.44,-42.93,5.13
15814,0.69,-880.43,-30.67,-252.72,-113.80,5.13
15815,0.48,-588.55,-26.28,-277.07,-116.02,4.49
15816,0.59,-793.09,-25.69,-221.07,-40.31,4.81
15817,0.39,-480.81,-26.46,-135.76,-111.86,4.81
15818,0.64,-131.65,-20.26,-60.12,-39.15,4.81
15819,0.50,-816.76,-33.53,-222.04,-53.09,4.81
15820,2.65,-748.56,-33.30,-215.42,-51.12,4.81
15821,0.73,-1186.22,-26.33,-317.89,-46.82,4.81
15822,0.43,-572.46,-27.44,-185.53,-46.97,4.81
15823,0.55,-572.23,-24.22,-113.08,-33.76,4.81
15824,0.54,-820.72,-26.90,-151.34,-42.30,4.81
15825,0.65,-562.15,-25.95,-114.11,-41.60,3.85
15826,0.71,-141.47,-24.37,-74.48,-44.86,4.49
15827,1.23,-1392.44,-42.56,-508.89,-129.21,4.81
15828,0.51,-115.49,-29.46,-69.47,-41.94,4.81
15829,0.53,-192.29,-23.58,-69.95,-39.21,5.45
15830,0.79,-1013.67,-27.33,-177.47,-40.23,5.45
15831,0.65,-49.15,-19.80,-29.80,-28.59,4.17
15832,0.51,-869.26,-16.78,-302.45,-31.37,4.17
15833,0.67,-622.53,-28.93,-134.27,-44.96,4.49
15834,0.53,-222.30,-24.91,-61.16,-36.38,4.49
15835,0.49,-602.73,-29.58,-128.94,-40.10,4.49
15836,0.64,-919.53,-27.17,-326.08,-37.57,4.49
15837,0.59,-106.55,-34.28,-53.74,-47.57,4.49
15838,0.87,-1405.90,-26.38,-236.47,-42.07,4.49
15839,0.52,-135.84,-23.09,-54.98,-42.67,4.49
15840,0.58,-555.63,-21.66,-123.61,-51.21,4.49
15841,0.72,-583.98,-41.61,-152.23,-73.92,4.49
15842,0.60,-866.28,-36.62,-317.33,-49.91,4.49
15843,0.57,-728.54,-34.32,-220.03,-47.31,3.85
15844,0.70,-806.16,-27.21,-169.36,-42.21,4.49
15845,0.52,-628.15,-29.66,-136.24,-42.92,4.49
15846,0.51,-124.33,-26.42,-51.97,-42.98,6.09
15847,0.95,-606.24,-37.96,-261.15,-149.92,6.09
15848,0.74,-144.07,-28.74,-54.75,-40.44,4.49
15849,0.55,-568.07,-27.86,-204.27,-50.31,3.85
15850,0.49,-813.51,-44.11,-186.55,-72.90,3.85
15851,1.06,-553.73,-24.01,-196.47,-62.28,3.85
15852,0.65,-1123.56,-36.55,-373.27,-129.89,3.85
15853,0.52,-606.21,-24.28,-143.35,-55.78,3.85
15854,0.38,-48.38,-23.89,-33.15,-32.28,3.85
15855,0.74,-611.27,-23.56,-224.13,-120.75,3.85
15856,0.40,-611.54,-22.50,-199.10,-41.89,3.85
15857,0.49,-808.42,-22.02,-157.89,-50.01,3.85
15858,0.64,-307.68,-26.12,-91.33,-49.22,3.85
15859,0.59,-955.65,-31.47,-262.27,-46.91,3.85
15860,0.65,-125.51,-26.89,-47.27,-35.50,3.85
15861,0.60,-1020.34,-22.11,-258.24,-37.44,3.85
15862,0.64,-599.91,-38.67,-216.75,-105.44,3.85
15863,0.45,-627.51,-24.38,-193.97,-34.27,4.17
15864,1.05,-1221.63,-20.45,-296.86,-34.43,4.17
15865,0.40,-592.70,-34.75,-130.00,-43.49,4.17
15866,0.56,-549.08,-25.71,-164.68,-42.56,4.17
15867,0.57,-614.09,-34.38,-134.61,-47.06,4.17
15868,0.91,-1414.36,-26.86,-366.58,-38.39,4.17
15869,0.47,-564.60,-21.18,-121.75,-40.74,5.45
15870,0.60,-165.96,-30.40,-59.80,-43.05,5.13
15871,1.00,-598.64,-38.06,-217.33,-139.65,5.13
15872,0.91,-481.24,-31.61,-103.53,-37.89,4.49
15873,0.69,-789.68,-30.85,-314.53,-112.69,4.49
15874,0.80,-1268.97,-23.63,-283.40,-32.40,4.49
15875,0.89,-1280.05,-26.81,-210.42,-30.78,4.49
15876,0.50,-111.32,-35.12,-51.72,-37.75,4.49
15877,0.51,-617.61,-26.57,-209.04,-44.62,4.49
15878,0.59,-593.11,-26.46,-117.89,-38.67,4.49
15879,0.35,-572.38,-25.09,-110.41,-27.62,4.49
15880,0.52,-613.96,-27.31,-137.62,-37.56,4.49
15881,0.72,-1025.70,-24.30,-249.90,-33.50,4.49
15882,0.70,-670.01,-29.01,-284.77,-47.15,4.49
15883,0.58,-43.91,-24.19,-32.66,-31.65,3.85
15884,0.59,-745.36,-22.70,-172.33,-54.49,3.85
15885,0.52,-573.34,-29.71,-127.86,-42.48,3.85
15886,0.64,-1110.26,-30.87,-284.77,-48.68,3.85
15887,0.65,-1118.31,-26.93,-495.36,-596.96,3.85
15888,1.11,-1324.18,-29.06,-365.87,-113.63,4.17
15889,0.56,-811.29,-20.22,-219.45,-47.12,4.17
15890,0.62,-138.02,-30.11,-100.18,-120.37,4.17
15891,0.73,-1151.52,-28.17,-420.05,-128.42,4.49
15892,0.62,-1164.88,-23.70,-280.91,-37.13,5.13
15893,0.41,-573.54,-26.34,-128.35,-44.94,5.13
15894,0.46,-563.36,-30.05,-256.05,-179.80,4.81
15895,0.87,-944.69,-34.13,-201.66,-61.71,4.81
15896,0.60,-585.70,-23.14,-136.01,-45.37,5.77
15897,0.74,-870.62,-31.71,-155.98,-39.41,5.45
15898,0.42,-154.31,-30.76,-63.70,-35.41,5.45
15899,0.55,-369.88,-28.89,-92.11,-48.51,5.45
15900,0.68,-626.79,-26.79,-207.62,-56.46,5.45
15901,1.16,-51.79,-21.26,-39.85,-42.26,6.41
15902,0.53,-366.64,-27.50,-95.04,-37.86,6.41
15903,0.68,-143.97,-15.59,-61.74,-35.89,6.09
15904,0.68,-1355.26,-30.10,-234.29,-35.67,5.45
15905,0.77,-917.49,-26.85,-279.13,-35.14,5.45
15906,0.70,-1147.81,-37.85,-446.05,-110.22,5.13
15907,0.80,-595.24,-25.70,-113.91,-30.29,5.13
15908,0.48,-603.91,-24.41,-114.50,-36.24,5.13
15909,0.49,-606.57,-25.87,-131.44,-37.41,5.13
15910,0.65,-1099.02,-21.41,-278.38,-53.35,5.13
15911,0.50,-787.28,-41.90,-198.84,-114.31,5.13
15912,0.63,-869.04,-28.98,-172.20,-42.74,5.13
15913,0.72,-1060.09,-29.33,-443.98,-39.84,5.13
15914,0.68,-592.13,-30.31,-260.44,-113.81,5.13
15915,0.69,-1220.95,-28.08,-381.93,-45.69,5.77
15916,0.70,-134.82,-22.37,-48.65,-36.90,5.77
15917,0.43,-37.57,-24.60,-31.55,-33.51,5.77
15918,0.68,-1079.52,-20.45,-198.41,-42.83,5.77
15919,0.45,-571.18,-23.55,-126.09,-39.61,5.77
15920,0.65,-588.50,-21.09,-111.31,-35.27,5.77
15921,0.42,-612.46,-31.50,-146.65,-48.43,5.77
15922,0.52,-920.23,-28.50,-253.95,-46.17,5.77
15923,1.12,-855.34,-26.14,-151.71,-36.25,5.77
15924,0.53,-748.56,-17.82,-219.71,-50.38,5.77
15925,0.76,-588.68,-24.93,-214.19,-37.69,5.77
15926,0.41,-608.78,-31.77,-271.74,-42.47,4.81
15927,0.68,-612.30,-27.54,-131.91,-41.94,4.81
15928,0.79,-1254.66,-29.10,-220.12,-38.67,4.81
15929,0.49,-590.54,-36.37,-209.83,-47.45,5.45
15930,0.59,-967.60,-36.39,-202.00,-40.60,6.41
15931,0.56,-959.77,-20.89,-239.39,-45.98,6.09
15932,0.74,-1062.71,-24.62,-288.58,-113.76,6.09
15933,0.44,-576.40,-21.84,-123.20,-40.33,6.09
15934,0.44,-121.34,-24.04,-57.21,-42.07,6.09
15935,0.63,-1008.82,-20.86,-185.82,-41.46,5.45
15936,0.74,-969.71,-22.63,-183.82,-47.31,5.13
15937,0.72,-645.71,-21.93,-200.72,-39.94,5.13
15938,2.50,-713.23,-42.09,-145.30,-52.49,5.13
15939,0.59,-575.83,-22.57,-115.28,-33.85,5.13
15940,0.76,-242.54,-28.04,-88.79,-37.10,5.13
15941,0.42,-585.94,-32.40,-207.59,-54.38,5.13
15942,0.60,-1006.65,-26.01,-189.53,-36.46,5.13
15943,0.54,-921.45,-44.74,-382.61,-113.57,5.13
15944,0.74,-1216.25,-20.39,-223.33,-43.59,5.13
15945,0.71,-1091.96,-25.00,-387.74,-48.81,5.77
15946,0.62,-986.70,-24.40,-278.71,-33.81,5.77
15947,0.76,-1289.91,-21.90,-341.20,-50.64,5.77
15948,0.36,-558.91,-15.61,-120.17,-47.80,5.77
15949,0.73,-437.09,-32.63,-108.97,-44.11,5.77
15950,0.63,-992.93,-35.97,-459.27,-515.65,5.77
15951,0.58,-1042.16,-24.49,-341.73,-43.48,5.77
15952,0.68,-1114.05,-28.78,-190.62,-35.43,5.77
15953,0.48,-124.84,-29.72,-54.79,-47.20,5.77
15954,0.72,-575.89,-34.01,-147.47,-62.04,5.77
15955,0.65,-1180.69,-25.70,-218.81,-34.84,5.77
15956,0.42,-533.76,-25.64,-115.52,-28.92,5.77
15957,0.44,-123.55,-25.02,-48.39,-34.11,5.45
15958,0.48,-636.20,-20.18,-126.16,-36.79,5.45
15959,0.61,-866.26,-29.66,-389.34,-557.32,5.45
15960,0.65,-608.44,-13.79,-140.69,-50.90,5.77
15961,2.17,-2127.60,-39.19,-493.00,-110.96,5.77
15962,0.41,-42.32,-25.30,-33.26,-30.53,5.77
15963,0.60,-1083.25,-26.44,-266.96,-38.63,5.77
15964,0.45,-99.35,-31.40,-47.30,-41.92,5.45
15965,0.64,-1151.29,-36.16,-389.02,-120.95,5.45
15966,0.40,-556.47,-22.10,-122.40,-28.71,5.45
15967,0.37,-612.83,-25.82,-210.94,-39.20,5.45
15968,0.41,-128.73,-28.38,-64.26,-51.62,5.45
15969,0.47,-129.97,-25.03,-50.85,-36.06,5.45
15970,0.62,-1099.02,-16.52,-200.82,-42.34,4.49
15971,0.74,-1099.75,-29.62,-273.01,-40.51,4.49
15972,0.63,-61.58,-39.25,-47.56,-42.74,3.21
15973,0.60,-1052.81,-24.72,-347.58,-97.19,5.13
15974,0.44,-565.00,-24.85,-140.54,-51.49,5.13
15975,0.58,-109.55,-31.52,-45.30,-34.62,5.13
15976,0.40,-622.24,-26.32,-217.92,-112.54,4.81
15977,0.57,-572.53,-26.92,-125.36,-37.39,5.45
15978,0.53,-874.89,-30.62,-270.72,-127.79,5.45
15979,0.52,-632.55,-29.68,-132.74,-34.60,5.45
15980,0.49,-132.54,-22.04,-53.24,-48.25,6.09
15981,0.64,-114.24,-36.41,-61.02,-44.15,6.09
15982,0.61,-842.38,-28.83,-244.64,-45.06,6.09
15983,0.52,-601.19,-20.76,-114.93,-38.38,6.09
15984,0.66,-819.23,-33.75,-249.95,-64.09,6.09
15985,0.89,-605.34,-28.67,-220.30,-39.15,6.09
15986,0.83,-1209.11,-17.89,-329.90,-42.52,6.09
15987,0.81,-1272.32,-22.01,-439.26,-111.08,6.09
15988,0.68,-56.72,-25.19,-35.97,-34.29,6.09
15989,0.82,-1140.49,-18.52,-326.54,-37.76,6.09
15990,0.46,-563.31,-30.24,-134.08,-35.82,7.05
15991,0.73,-618.92,-31.36,-275.19,-47.04,7.05
15992,0.97,-568.83,-29.92,-198.40,-49.67,6.09
15993,0.34,-309.25,-22.31,-110.54,-95.45,6.09
15994,0.42,-593.79,-22.94,-190.51,-37.73,6.09
15995,0.58,-867.19,-30.24,-259.74,-112.51,6.09
15996,0.62,-922.05,-23.97,-184.08,-48.26,5.45
15997,0.49,-116.01,-25.95,-50.48,-43.37,5.45
15998,1.29,-1167.86,-43.85,-433.49,-180.64,5.45
15999,0.43,-573.17,-24.47,-194.13,-40.59,5.45
16000,0.82,-1266.40,-26.32,-266.69,-56.58,5.45
16001,0.51,-107.48,-20.51,-47.05,-41.14,5.45
16002,0.55,-828.09,-26.07,-274.63,-112.16,5.45
16003,0.49,-805.72,-27.53,-160.43,-47.84,5.13
16004,0.73,-1019.21,-27.81,-290.47,-84.46,5.13
16005,0.53,-141.48,-26.54,-59.22,-31.96,5.13
16006,1.00,-518.33,-25.30,-142.59,-32.75,5.13
16007,0.80,-1104.25,-22.12,-287.06,-52.54,5.13
16008,0.77,-586.59,-19.95,-118.13,-40.04,5.13
16009,0.50,-876.26,-17.16,-153.33,-32.54,5.77
16010,0.46,-38.26,-26.55,-32.78,-33.58,5.77
16011,0.47,-788.26,-17.30,-156.19,-46.61,5.77
16012,0.65,-55.45,-19.45,-35.75,-33.20,5.77
16013,0.55,-602.84,-25.18,-168.44,-60.37,5.77
16014,0.80,-628.84,-19.54,-167.39,-55.87,5.77
16015,0.54,-839.61,-35.70,-229.56,-60.27,5.77
16016,0.43,-587.01,-24.08,-111.14,-33.97,5.77
16017,0.68,-282.93,-26.95,-81.91,-33.99,5.77
16018,0.94,-589.18,-25.79,-224.69,-58.30,5.77
16019,0.61,-128.46,-14.56,-52.10,-32.15,5.77
16020,0.50,-622.51,-24.01,-153.47,-38.10,5.77
16021,0.69,-323.51,-22.16,-82.36,-36.08,5.77
16022,0.57,-50.67,-24.74,-40.79,-41.96,5.45
16023,0.58,-585.10,-33.15,-130.94,-36.22,5.45
16024,0.69,-1111.02,-26.51,-204.47,-39.96,5.45
16025,0.46,-134.50,-27.31,-52.14,-40.09,5.45
16026,0.76,-831.33,-33.37,-227.24,-42.02,5.13
16027,0.80,-597.74,-28.24,-155.96,-119.77,5.45
16028,0.71,-900.95,-26.62,-198.56,-36.49,5.77
16029,0.71,-1008.06,-28.92,-183.85,-43.34,5.77
16030,1.16,-408.48,-24.29,-88.02,-33.98,5.13
16031,0.53,-136.77,-28.15,-62.05,-39.39,5.13
16032,0.46,-589.35,-21.34,-121.45,-38.23,4.49
16033,0.39,-590.33,-29.06,-149.59,-48.20,4.49
16034,0.69,-127.81,-21.38,-66.27,-50.19,4.49
16035,0.55,-963.99,-24.68,-254.30,-30.51,4.49
16036,0.65,-1141.88,-27.11,-286.38,-109.52,4.49
16037,0.37,-578.11,-22.87,-222.27,-125.14,4.49
16038,0.50,-197.07,-27.59,-83.35,-54.31,4.49
16039,0.65,-570.83,-32.43,-211.03,-109.96,4.49
16040,0.45,-571.47,-20.95,-139.49,-41.86,5.13
16041,0.40,-135.37,-25.39,-60.64,-35.60,5.13
16042,0.51,-892.74,-21.87,-264.69,-115.74,5.13
16043,0.74,-1084.20,-30.10,-205.82,-53.07,3.53
16044,0.53,-854.97,-27.29,-229.53,-44.19,3.53
16045,0.53,-857.59,-28.63,-183.72,-49.53,3.53
16046,0.66,-957.95,-31.62,-334.40,-121.02,4.17
16047,0.44,-596.80,-31.54,-178.36,-38.62,4.17
16048,1.44,-798.12,-26.74,-173.79,-29.38,4.81
16049,0.86,-611.40,-32.71,-185.58,-42.75,4.81
16050,0.49,-578.28,-40.04,-150.54,-70.08,4.81
16051,0.48,-612.34,-28.58,-120.62,-40.54,4.81
16052,0.59,-92.29,-22.37,-44.58,-36.26,4.81
16053,0.40,-125.91,-25.16,-60.92,-44.19,5.13
16054,0.61,-618.32,-30.03,-196.44,-44.25,5.13
16055,0.74,-939.95,-17.92,-211.02,-107.78,3.85
16056,0.70,-995.55,-32.49,-209.64,-113.66,3.85
16057,0.55,-506.83,-26.48,-128.02,-45.22,3.85
16058,0.50,-135.63,-39.40,-79.62,-66.75,3.85
16059,0.61,-987.70,-29.80,-278.59,-97.89,3.85
16060,0.58,-980.01,-23.35,-215.98,-112.96,3.85
16061,0.64,-1144.79,-31.48,-439.11,-568.82,3.85
16062,0.79,-558.82,-28.03,-178.22,-42.18,3.85
16063,0.61,-1030.45,-28.05,-343.75,-103.28,3.85
16064,0.59,-589.97,-23.36,-266.27,-49.62,3.85
16065,0.36,-605.15,-33.92,-204.34,-61.73,3.85
16066,1.18,-494.11,-22.12,-128.26,-57.27,3.85
16067,0.69,-822.09,-25.83,-162.69,-40.76,3.85
16068,0.67,-597.80,-34.14,-324.66,-394.59,3.85
16069,0.45,-399.29,-25.83,-102.53,-44.61,3.85
16070,0.80,-1089.55,-39.23,-282.52,-111.72,3.85
16071,0.44,-594.85,-29.43,-271.60,-81.42,4.81
16072,0.41,-616.58,-22.70,-164.38,-129.93,3.85
16073,0.72,-825.11,-26.57,-290.95,-65.36,3.85
16074,0.44,-129.22,-24.02,-55.50,-33.72,3.85
16075,0.52,-609.64,-31.01,-213.74,-59.06,3.85
16076,0.74,-804.72,-27.40,-306.32,-53.66,3.85
16077,0.59,-875.44,-32.19,-180.61,-45.92,3.85
16078,0.36,-141.26,-34.76,-90.32,-125.76,3.85
16079,0.65,-1029.68,-33.37,-331.11,-126.57,3.85
16080,0.40,-600.36,-18.99,-145.19,-46.84,3.85
16081,0.62,-845.71,-22.40,-261.38,-120.56,5.77
16082,0.50,-572.74,-30.56,-120.10,-39.64,5.77
16083,0.45,-132.07,-24.80,-59.44,-42.83,5.77
16084,0.80,-1264.01,-33.10,-395.47,-44.48,5.77
16085,0.42,-578.21,-23.76,-126.21,-36.41,5.77
16086,0.48,-136.51,-23.14,-47.79,-36.75,5.77
16087,0.62,-139.76,-32.20,-73.23,-37.32,5.77
16088,0.42,-582.69,-35.21,-117.70,-41.52,5.77
16089,0.73,-1188.84,-30.22,-215.94,-41.16,5.77
16090,0.59,-535.14,-22.99,-128.80,-44.75,5.77
16091,0.40,-619.68,-32.69,-140.46,-57.80,5.77
16092,0.62,-843.97,-25.99,-169.01,-47.24,5.77
16093,0.83,-1181.46,-28.96,-293.41,-70.68,5.77
16094,0.57,-619.17,-24.74,-206.41,-46.14,5.77
16095,0.66,-70.22,-27.03,-42.08,-41.33,5.77
16096,0.44,-52.66,-26.44,-38.62,-36.42,5.77
16097,0.69,-139.92,-27.25,-57.57,-37.62,5.77
16098,0.80,-611.19,-25.55,-271.53,-43.85,5.77
16099,0.54,-1000.99,-32.11,-188.81,-35.92,5.77
16100,0.78,-1081.50,-24.41,-267.12,-41.43,5.77
16101,0.67,-1103.34,-30.63,-192.64,-44.81,6.09
16102,0.53,-133.20,-36.54,-53.47,-38.49,5.77
16103,0.48,-582.25,-25.87,-111.54,-34.39,5.77
16104,0.79,-89.16,-20.50,-45.34,-38.07,5.77
16105,0.44,-605.34,-35.42,-132.64,-44.18,5.77
16106,0.47,-606.30,-30.54,-115.44,-34.04,5.77
16107,0.73,-620.72,-32.99,-162.45,-124.49,5.77
16108,0.42,-585.65,-29.41,-126.58,-34.40,5.77
16109,0.56,-109.32,-32.63,-49.59,-39.02,5.77
16110,0.51,-615.05,-31.18,-200.65,-39.84,6.41
16111,0.46,-576.92,-30.74,-129.10,-35.42,6.41
16112,0.58,-779.79,-30.06,-174.65,-99.10,5.77
16113,0.97,-911.21,-25.95,-241.20,-113.97,5.77
16114,0.59,-633.68,-34.56,-124.45,-40.08,5.77
16115,0.56,-133.12,-29.83,-70.41,-41.31,5.77
16116,0.42,-590.98,-21.24,-128.46,-40.18,5.77
16117,0.72,-134.92,-25.43,-52.20,-39.03,5.45
16118,0.46,-755.37,-18.36,-137.30,-38.73,6.09
16119,0.69,-41.07,-25.11,-32.83,-31.66,6.73
16120,0.68,-1266.15,-29.28,-210.96,-34.66,6.73
16121,0.50,-584.19,-20.03,-120.90,-32.07,6.73
16122,0.71,-973.78,-24.78,-185.14,-36.74,6.73
16123,0.63,-599.30,-28.51,-122.11,-41.89,6.73
16124,0.62,-44.11,-23.83,-35.26,-31.50,6.73
16125,0.51,-597.59,-19.26,-127.72,-48.54,6.73
16126,0.83,-1087.60,-34.23,-217.52,-45.37,6.73
16127,0.58,-136.01,-30.04,-51.13,-35.92,6.73
16128,0.41,-61.65,-29.47,-41.38,-39.00,5.13
16129,0.71,-629.00,-15.36,-132.45,-42.87,5.13
16130,0.48,-517.39,-37.80,-132.54,-50.09,5.13
16131,0.52,-592.96,-27.77,-118.81,-38.86,5.13
16132,0.55,-129.62,-23.65,-47.86,-37.96,5.13
16133,0.42,-567.21,-24.98,-116.60,-42.53,5.77
16134,0.78,-616.84,-31.77,-131.79,-39.48,5.77
16135,1.35,-1179.89,-21.63,-193.60,-30.31,5.45
16136,0.73,-898.95,-37.96,-312.53,-140.11,4.81
16137,0.62,-820.57,-24.82,-176.98,-36.80,4.81
16138,0.51,-56.87,-21.14,-38.55,-35.69,4.81
16139,0.58,-578.21,-33.15,-131.46,-51.71,4.81
16140,0.58,-950.60,-30.52,-199.15,-76.87,4.81
16141,0.50,-190.59,-32.53,-99.16,-108.49,5.45
16142,0.72,-610.11,-28.95,-223.88,-111.15,5.45
16143,0.52,-599.57,-16.66,-129.71,-41.10,5.45
16144,0.53,-924.02,-28.59,-264.27,-108.66,5.45
16145,0.56,-49.51,-25.50,-35.85,-35.76,5.45
16146,0.50,-866.58,-24.32,-237.87,-44.28,5.45
16147,0.56,-109.35,-32.00,-61.87,-49.86,6.09
16148,0.51,-879.33,-29.23,-169.70,-41.35,6.09
16149,0.73,-1179.36,-23.60,-205.97,-45.48,6.41
16150,0.90,-1257.34,-20.78,-225.61,-48.74,6.41
16151,0.58,-114.86,-27.27,-47.84,-39.07,6.41
16152,0.51,-46.98,-21.39,-29.75,-26.41,6.73
16153,0.43,-40.45,-30.84,-34.42,-34.12,6.73
16154,0.66,-771.92,-29.31,-152.36,-37.69,6.73
16155,0.45,-592.98,-29.61,-206.07,-51.46,6.73
16156,0.89,-736.46,-19.88,-150.59,-24.95,6.73
16157,0.88,-942.62,-16.15,-164.08,-38.26,6.73
16158,0.62,-132.58,-33.69,-59.63,-42.65,6.73
16159,0.67,-1100.68,-37.31,-212.93,-41.16,6.73
16160,0.32,-586.13,-23.47,-134.54,-33.81,6.41
16161,0.50,-624.91,-30.06,-144.93,-47.06,6.09
16162,0.44,-570.99,-29.23,-112.20,-37.89,4.49
16163,0.61,-1057.40,-35.10,-293.30,-40.92,4.49
16164,0.53,-872.20,-25.93,-248.70,-37.32,3.85
16165,0.74,-587.62,-31.64,-159.77,-96.47,3.85
16166,0.47,-321.51,-29.97,-127.35,-124.61,3.85
16167,0.52,-959.75,-23.55,-245.29,-30.52,4.81
16168,0.32,-534.78,-31.13,-128.62,-35.78,4.81
16169,0.80,-606.47,-33.64,-280.14,-130.61,4.81
16170,0.47,-885.81,-26.09,-241.88,-39.10,4.81
16171,0.45,-615.03,-31.43,-196.62,-38.05,3.85
16172,0.52,-981.11,-26.79,-286.73,-113.03,3.85
16173,1.63,-873.96,-24.10,-344.60,-96.58,3.85
16174,0.31,-618.55,-26.79,-208.58,-34.41,3.85
16175,1.33,-1040.02,-32.38,-401.47,-120.62,3.85
16176,0.46,-744.94,-28.60,-154.14,-49.15,3.85
16177,1.20,-759.15,-34.06,-278.22,-126.26,4.49
16178,0.42,-764.21,-30.91,-152.94,-32.84,4.49
16179,0.33,-134.65,-26.87,-48.39,-30.76,4.49
16180,0.66,-1151.37,-25.58,-386.18,-123.06,4.49
16181,0.89,-1220.81,-22.69,-475.03,-37.58,4.49
16182,0.65,-1035.11,-26.64,-281.90,-48.47,4.17
16183,0.53,-202.89,-31.18,-83.16,-43.76,4.17
16184,0.52,-1017.30,-34.28,-285.14,-109.31,4.17
16185,0.73,-663.95,-25.69,-151.13,-37.17,4.81
16186,0.39,-617.28,-29.21,-210.21,-40.36,4.81
16187,0.44,-782.35,-27.01,-156.08,-36.38,5.45
16188,0.78,-1149.98,-25.47,-405.78,-457.24,5.45
16189,0.88,-341.31,-27.82,-101.54,-42.76,5.45
16190,0.53,-593.53,-24.29,-139.27,-40.84,5.45
16191,0.43,-801.59,-27.67,-146.43,-31.22,5.45
16192,0.35,-139.13,-27.89,-73.83,-43.75,5.45
16193,0.46,-572.58,-28.52,-123.64,-43.98,5.13
16194,0.47,-854.82,-33.67,-199.64,-136.75,5.13
16195,0.42,-609.68,-28.80,-115.89,-34.55,5.45
16196,0.31,-130.84,-29.88,-47.03,-33.61,5.45
16197,0.53,-864.54,-22.71,-251.25,-110.45,5.13
16198,0.32,-610.03,-28.87,-202.99,-30.80,4.81
16199,0.70,-1039.57,-26.50,-208.51,-38.87,4.81
16200,0.34,-42.22,-25.24,-32.03,-29.32,4.81
16201,0.33,-619.90,-26.45,-197.03,-37.15,4.81
16202,0.39,-47.97,-26.73,-35.55,-33.15,4.81
16203,0.32,-609.19,-32.38,-210.14,-43.39,4.81
16204,0.36,-625.78,-33.02,-221.76,-52.04,4.81
16205,0.35,-613.35,-28.03,-203.60,-35.99,5.13
16206,0.32,-564.87,-29.55,-136.61,-37.54,5.13
16207,0.43,-792.27,-26.63,-152.20,-30.50,5.13
16208,0.73,-1371.18,-23.63,-492.53,-99.55,5.13
16209,0.35,-224.52,-27.16,-71.62,-35.40,5.45
16210,0.42,-40.05,-27.42,-32.89,-32.35,5.45
16211,0.79,-815.56,-23.28,-291.74,-111.44,4.81
16212,0.35,-562.49,-31.75,-122.40,-35.73,5.13
16213,0.39,-581.67,-25.40,-134.73,-34.29,5.13
16214,0.29,-601.27,-26.14,-142.13,-33.82,5.13
16215,0.32,-604.69,-26.12,-193.11,-36.59,5.13
16216,0.58,-140.52,-31.12,-74.37,-42.53,5.13
16217,0.40,-606.04,-29.18,-143.18,-34.40,5.13
16218,0.81,-896.06,-27.18,-172.07,-46.70,5.13
16219,0.54,-46.83,-23.75,-35.54,-34.12,5.13
16220,0.74,-1238.84,-32.51,-311.42,-112.07,4.81
16221,0.46,-760.92,-31.09,-247.75,-109.59,4.81
16222,0.41,-45.57,-22.84,-34.20,-35.01,6.09
16223,0.35,-605.57,-34.80,-279.71,-45.19,6.09
16224,0.43,-138.51,-24.06,-61.75,-36.96,6.09
16225,0.41,-569.53,-32.60,-190.30,-39.34,6.09
16226,0.65,-1127.13,-28.88,-282.42,-39.12,6.09
16227,0.75,-1270.14,-26.28,-449.55,-136.58,6.09
16228,0.44,-717.74,-27.73,-282.51,-44.74,6.09
16229,0.67,-1243.03,-30.29,-316.70,-126.91,6.09
16230,0.40,-109.23,-29.45,-47.00,-38.35,6.09
16231,1.05,-724.75,-29.25,-129.86,-30.04,4.81
16232,0.74,-1114.09,-22.76,-438.86,-145.88,4.81
16233,0.49,-588.67,-38.89,-179.78,-111.78,4.49
16234,0.56,-943.07,-23.85,-392.27,-545.60,4.49
16235,0.67,-1086.75,-29.03,-367.07,-135.37,4.49
16236,0.55,-901.41,-26.89,-282.02,-131.60,4.49
16237,0.33,-607.16,-31.68,-219.70,-110.26,4.49
16238,0.45,-689.99,-29.99,-242.37,-116.58,4.49
16239,0.34,-568.13,-25.93,-145.95,-107.48,3.85
16240,0.30,-620.99,-24.21,-150.62,-112.01,3.85
16241,0.35,-122.36,-26.61,-47.67,-32.96,3.85
16242,0.39,-576.47,-25.68,-145.41,-57.95,4.17
16243,0.33,-325.90,-25.85,-99.54,-32.92,4.17
16244,0.72,-1328.73,-30.51,-335.82,-44.06,4.17
16245,0.93,-825.21,-26.77,-235.22,-32.68,4.17
16246,0.32,-629.63,-35.19,-213.15,-43.55,4.81
16247,0.35,-135.21,-28.52,-73.72,-32.64,4.81
16248,0.68,-1177.93,-35.47,-454.49,-119.58,4.81
16249,0.31,-136.65,-25.18,-46.13,-32.50,4.81
16250,0.75,-1092.70,-17.05,-263.97,-33.81,5.13
16251,0.79,-574.71,-26.43,-112.32,-36.21,5.13
16252,0.42,-112.96,-24.55,-43.49,-34.80,5.13
16253,0.33,-568.62,-27.54,-142.77,-44.50,5.45
16254,0.43,-582.71,-31.90,-122.72,-33.62,5.45
16255,0.36,-618.14,-26.53,-121.16,-36.43,5.13
16256,0.55,-862.10,-26.78,-245.90,-99.63,5.13
16257,0.40,-601.22,-19.91,-260.32,-33.88,5.13
16258,0.78,-1284.82,-26.59,-339.99,-140.38,5.77
16259,0.44,-622.54,-28.46,-283.92,-120.34,5.77
16260,0.37,-644.59,-26.88,-120.64,-33.44,5.77
16261,0.38,-618.03,-31.39,-132.80,-38.93,7.05
16262,0.36,-557.79,-23.18,-117.18,-31.04,7.37
16263,0.38,-108.16,-31.92,-49.70,-35.60,7.37
16264,0.71,-504.00,-29.05,-108.73,-34.66,7.37
16265,0.71,-1112.37,-28.04,-203.03,-39.72,7.37
16266,0.60,-572.65,-26.25,-127.42,-39.64,7.37
16267,0.50,-50.44,-24.87,-34.26,-30.34,5.77
16268,0.66,-985.06,-29.80,-261.52,-43.22,5.77
16269,0.90,-884.96,-22.78,-217.93,-28.47,5.77
16270,0.72,-1228.03,-25.43,-280.51,-35.59,5.77
16271,2.59,-694.24,-25.18,-294.86,-110.83,5.77
16272,0.37,-129.68,-31.20,-49.81,-36.44,5.77
16273,0.65,-1124.95,-23.71,-193.93,-42.88,5.77
16274,0.69,-1202.95,-31.42,-304.40,-36.66,5.45
16275,0.34,-631.55,-24.50,-195.40,-30.12,5.45
16276,0.40,-611.75,-30.63,-117.73,-34.61,5.13
16277,0.31,-629.97,-26.46,-197.37,-34.25,5.13
16278,0.44,-612.87,-27.55,-128.46,-38.84,6.09
16279,0.71,-133.37,-29.61,-48.06,-34.92,6.09
16280,0.32,-133.20,-30.86,-68.60,-34.75,6.09
16281,0.39,-572.76,-28.35,-111.86,-34.65,6.09
16282,0.77,-1234.75,-28.95,-204.78,-35.50,5.45
16283,0.77,-910.66,-33.51,-338.81,-112.13,4.49
16284,0.77,-1345.70,-24.59,-307.00,-42.02,4.49
16285,0.34,-614.98,-28.87,-285.02,-110.68,4.49
16286,0.62,-572.89,-31.89,-202.75,-53.68,4.49
16287,0.51,-843.80,-22.65,-252.63,-113.08,4.49
16288,0.34,-614.11,-37.06,-172.64,-112.87,4.49
16289,0.53,-599.79,-30.50,-165.50,-112.99,4.49
16290,0.68,-1138.79,-28.19,-192.15,-36.55,4.81
16291,0.38,-478.12,-32.39,-122.53,-40.43,4.81
16292,0.48,-593.47,-26.34,-114.28,-37.41,4.81
16293,0.32,-578.43,-28.78,-127.63,-33.94,4.17
16294,0.51,-770.69,-24.73,-302.94,-40.12,5.45
16295,0.40,-558.08,-25.06,-106.94,-31.81,5.45
16296,0.33,-579.16,-28.95,-154.65,-119.06,5.45
16297,0.40,-127.20,-27.25,-48.36,-35.88,5.45
16298,0.40,-621.65,-28.70,-136.55,-37.11,5.45
16299,0.39,-43.63,-25.70,-33.44,-33.00,5.77
16300,0.75,-111.78,-30.72,-48.58,-39.98,6.41
16301,0.32,-114.76,-31.33,-67.62,-40.14,6.41
16302,0.43,-602.61,-26.62,-148.65,-38.28,6.41
16303,0.34,-45.34,-32.98,-35.82,-33.33,6.41
16304,0.82,-1260.58,-31.45,-305.36,-42.74,6.41
16305,0.61,-848.95,-28.10,-271.83,-31.40,6.73
16306,0.44,-150.44,-26.66,-50.36,-31.84,7.05
16307,0.44,-133.54,-28.70,-49.32,-37.21,7.05
16308,0.44,-43.52,-29.74,-36.59,-36.23,7.05
16309,0.45,-141.45,-30.13,-64.80,-37.04,7.05
16310,0.94,-1239.67,-27.62,-370.86,-38.69,7.05
16311,0.39,-44.95,-32.93,-36.74,-34.91,7.05
16312,0.52,-39.88,-24.16,-33.35,-33.93,7.05
16313,0.82,-334.66,-26.66,-94.62,-44.03,7.05
16314,0.62,-37.93,-26.26,-32.63,-32.83,6.73
16315,0.40,-35.73,-22.88,-31.33,-32.96,6.41
16316,0.41,-112.77,-29.03,-44.27,-33.35,6.41
16317,0.33,-573.89,-24.71,-109.05,-35.85,5.77
16318,0.40,-137.49,-30.93,-65.36,-41.38,6.41
16319,0.35,-611.85,-27.29,-152.20,-39.41,6.09
16320,0.68,-1304.50,-27.68,-229.56,-34.57,6.09
16321,0.58,-938.15,-26.55,-175.97,-36.19,6.09
16322,0.50,-561.53,-25.67,-166.98,-36.42,5.45
16323,0.77,-609.24,-28.16,-277.38,-116.46,5.45
16324,0.90,-1204.60,-29.82,-280.11,-33.16,5.45
16325,0.65,-1201.66,-27.84,-290.78,-33.43,5.45
16326,0.31,-602.72,-31.82,-206.69,-36.11,5.13
16327,0.44,-111.34,-33.38,-57.76,-41.17,5.13
16328,0.81,-1355.22,-22.78,-463.84,-526.14,5.13
16329,0.77,-1381.30,-20.87,-259.99,-111.28,5.13
16330,0.59,-1099.37,-29.42,-276.42,-34.41,5.13
16331,0.45,-609.91,-26.71,-121.02,-33.35,5.13
16332,0.59,-941.30,-24.89,-168.00,-41.56,5.13
16333,0.31,-143.87,-23.36,-71.86,-34.39,5.13
16334,0.83,-1471.66,-25.90,-252.21,-35.51,5.13
16335,0.34,-112.42,-26.03,-45.56,-33.68,5.13
16336,0.67,-1271.50,-24.28,-491.85,-580.44,5.13
16337,0.32,-629.60,-29.04,-210.61,-44.71,4.81
16338,0.42,-588.59,-27.39,-189.51,-41.82,4.81
16339,0.55,-1024.33,-30.02,-276.32,-112.77,4.81
16340,0.39,-112.19,-26.95,-54.83,-41.06,4.81
16341,0.54,-980.32,-24.66,-247.06,-37.88,4.81
16342,0.74,-596.62,-27.95,-114.08,-35.11,4.81
16343,0.73,-1089.34,-37.04,-429.44,-481.46,5.13
16344,0.35,-591.91,-29.32,-117.36,-40.71,5.13
16345,0.42,-132.82,-25.97,-60.54,-42.47,5.13
16346,0.62,-589.67,-31.41,-147.33,-77.55,5.13
16347,0.46,-578.96,-28.10,-110.93,-32.16,5.13
16348,0.68,-1206.89,-30.84,-275.23,-37.59,4.49
16349,3.40,-777.23,-26.04,-243.30,-127.31,4.49
16350,1.38,-566.63,-29.77,-194.05,-34.96,4.49
16351,0.47,-590.31,-27.08,-185.91,-83.55,4.49
16352,0.44,-618.35,-25.54,-141.44,-45.96,4.49
16353,0.41,-591.66,-26.44,-187.32,-31.66,4.49
16354,0.83,-1198.06,-30.15,-435.61,-132.46,4.17
16355,0.56,-1063.80,-22.27,-181.10,-37.72,4.17
16356,0.40,-602.56,-29.74,-229.85,-128.75,4.49
16357,0.36,-552.94,-32.26,-122.34,-43.53,4.49
16358,0.45,-577.00,-29.30,-205.17,-44.50,4.49
16359,0.30,-589.65,-31.34,-175.18,-130.50,4.49
16360,0.30,-641.09,-28.17,-135.06,-32.41,4.49
16361,0.65,-595.41,-29.74,-124.87,-35.32,4.49
16362,1.28,-1335.95,-29.37,-316.38,-89.06,4.49
16363,0.53,-585.85,-26.15,-140.48,-96.84,4.49
16364,0.76,-1271.57,-31.01,-394.74,-44.52,4.49
16365,0.30,-589.80,-29.19,-129.93,-44.13,4.49
16366,0.52,-931.80,-36.68,-212.34,-111.21,4.49
16367,0.69,-1273.54,-22.08,-302.96,-38.60,4.49
16368,0.32,-621.75,-29.86,-158.06,-124.34,4.49
16369,0.31,-134.43,-29.19,-58.39,-33.42,4.49
16370,0.74,-552.56,-29.95,-156.15,-37.06,4.81
16371,0.37,-616.05,-25.09,-218.45,-108.65,3.85
16372,0.84,-978.97,-36.71,-343.50,-123.40,4.17
16373,0.58,-787.42,-26.94,-140.77,-32.46,4.17
16374,0.42,-780.11,-30.54,-385.06,-587.76,4.17
16375,0.39,-114.41,-28.13,-57.31,-39.97,4.17
16376,0.27,-584.90,-25.09,-277.44,-134.55,3.85
16377,0.47,-823.07,-22.31,-222.65,-35.24,4.49
16378,0.34,-594.12,-28.06,-182.39,-34.56,4.49
16379,0.33,-599.79,-25.90,-189.70,-38.31,4.49
16380,0.37,-614.38,-29.16,-119.98,-40.22,4.49
16381,0.63,-1161.90,-26.46,-229.32,-87.25,4.81
16382,0.93,-1337.82,-26.13,-305.41,-35.98,3.85
16383,0.61,-557.51,-32.49,-184.49,-34.26,3.85
16384,0.54,-866.21,-23.70,-232.47,-37.15,3.85
16385,0.36,-561.05,-32.81,-197.22,-53.23,4.17
16386,0.31,-615.32,-26.06,-209.91,-33.93,4.17
16387,0.30,-129.88,-30.78,-59.86,-40.28,4.17
16388,0.33,-124.90,-26.21,-61.61,-40.75,4.17
16389,0.32,-591.85,-25.11,-156.79,-126.40,4.17
16390,0.33,-619.00,-23.68,-280.18,-38.35,4.17
16391,0.31,-582.88,-30.90,-203.18,-39.13,4.17
16392,0.64,-929.57,-27.28,-242.62,-34.28,4.17
16393,1.11,-1072.96,-29.53,-233.99,-41.85,4.17
16394,0.33,-561.96,-27.05,-120.59,-33.97,4.81
16395,0.41,-713.12,-30.02,-209.31,-31.59,4.81
16396,0.32,-617.30,-20.40,-202.74,-51.16,4.81
16397,0.32,-576.20,-29.54,-136.52,-46.47,4.81
16398,0.39,-133.13,-21.18,-45.69,-31.96,5.13
16399,0.33,-543.99,-32.34,-152.04,-117.84,5.13
16400,0.66,-1184.46,-29.97,-470.23,-587.76,5.45
16401,0.30,-539.97,-30.63,-142.62,-111.16,5.45
16402,0.60,-1161.33,-24.43,-194.78,-37.10,5.45
16403,0.44,-622.14,-22.60,-116.93,-35.52,5.45
16404,0.31,-600.64,-26.98,-191.54,-28.82,5.45
16405,0.85,-554.14,-22.86,-159.16,-43.02,5.45
16406,0.39,-602.85,-28.67,-126.75,-34.61,5.45
16407,0.58,-849.85,-30.38,-168.26,-38.41,5.45
16408,0.60,-1082.88,-21.87,-198.07,-39.24,3.85
16409,0.55,-818.03,-27.91,-254.75,-37.38,3.53
16410,0.39,-573.02,-30.13,-153.09,-127.87,3.53
16411,0.39,-607.75,-31.85,-270.03,-112.71,3.53
16412,0.52,-484.38,-27.77,-121.74,-51.00,3.53
16413,0.41,-574.28,-32.10,-154.22,-121.23,3.53
16414,0.49,-548.08,-25.66,-188.30,-44.23,3.53
16415,0.75,-582.00,-26.47,-185.00,-45.38,3.53
16416,0.39,-597.18,-29.21,-137.52,-42.36,3.53
16417,0.30,-165.18,-29.83,-105.85,-128.26,3.53
16418,0.66,-646.43,-36.75,-372.10,-568.39,3.53
16419,0.76,-546.48,-24.65,-203.61,-94.32,3.21
16420,0.39,-595.94,-40.90,-174.07,-125.48,3.21
16421,0.41,-573.91,-26.08,-141.00,-35.28,3.21
16422,0.58,-531.94,-24.99,-128.07,-40.32,3.21
16423,0.47,-782.58,-30.00,-170.23,-39.78,3.21
16424,0.34,-619.57,-26.60,-207.10,-43.31,3.21
16425,0.65,-644.21,-29.47,-284.81,-34.23,3.85
16426,0.96,-1425.91,-28.34,-272.14,-112.29,3.85
16427,1.10,-1057.28,-27.39,-359.47,-135.48,3.85
16428,1.10,-668.89,-23.13,-281.70,-113.18,3.85
16429,0.28,-136.94,-25.14,-84.80,-109.21,3.85
16430,0.63,-1160.27,-29.19,-435.42,-111.27,3.85
16431,0.33,-134.65,-26.55,-54.23,-38.69,3.85
16432,0.67,-614.34,-26.25,-193.72,-114.72,4.17
16433,0.29,-567.64,-24.96,-202.75,-113.37,4.17
16434,0.80,-611.03,-32.93,-213.02,-125.27,4.17
16435,0.49,-803.50,-25.20,-318.54,-109.98,4.17
16436,0.32,-567.92,-20.29,-120.46,-42.25,4.17
16437,0.36,-551.97,-22.30,-120.58,-36.92,4.17
16438,0.39,-124.14,-27.01,-58.23,-37.64,4.17
16439,0.36,-129.93,-34.60,-59.50,-38.78,4.17
16440,0.90,-1092.73,-33.82,-538.00,-576.58,4.17
16441,0.70,-996.95,-28.20,-310.31,-33.62,4.17
16442,0.68,-950.80,-36.48,-323.36,-112.34,4.17
16443,0.30,-599.97,-33.07,-208.10,-41.57,5.13
16444,0.37,-109.56,-25.39,-46.42,-36.48,5.13
16445,0.58,-615.59,-23.86,-191.79,-37.88,5.13
16446,0.32,-643.08,-31.49,-132.20,-34.52,5.13
16447,0.39,-112.23,-32.45,-59.41,-40.09,4.81
16448,0.45,-771.73,-16.96,-142.94,-32.96,4.81
16449,0.41,-121.39,-26.50,-46.54,-33.72,4.81
16450,0.56,-978.13,-28.16,-243.78,-39.59,4.81
16451,0.30,-561.63,-33.95,-151.44,-111.21,4.81
16452,0.46,-154.45,-26.16,-63.71,-32.22,4.81
16453,0.29,-122.83,-28.28,-72.87,-82.56,4.81
16454,0.58,-1018.40,-34.26,-278.88,-89.90,4.81
16455,0.66,-617.69,-25.65,-142.05,-59.14,4.49
16456,0.30,-134.90,-24.49,-69.94,-36.98,4.49
16457,0.35,-609.31,-22.71,-140.89,-37.14,4.49
16458,0.60,-1066.53,-24.25,-314.41,-46.01,4.81
16459,1.03,-467.85,-27.89,-102.33,-36.74,4.81
16460,0.32,-146.58,-26.81,-63.87,-31.80,4.81
16461,2.32,-939.60,-37.68,-344.46,-104.29,4.81
16462,0.64,-166.99,-34.34,-55.72,-37.24,4.81
16463,0.49,-612.94,-25.57,-202.11,-42.43,4.81
16464,0.80,-1337.18,-31.35,-309.04,-35.86,4.81
16465,0.36,-574.41,-26.57,-149.87,-109.90,4.81
16466,0.46,-802.47,-25.79,-218.85,-34.51,5.45
16467,0.57,-566.08,-25.82,-146.44,-91.82,5.13
16468,0.52,-928.12,-25.98,-272.59,-133.60,5.13
16469,0.75,-1116.39,-25.48,-188.93,-34.65,5.13
16470,0.45,-581.40,-32.18,-113.67,-37.21,5.13
16471,0.98,-733.25,-25.76,-217.78,-40.51,5.13
16472,0.55,-59.58,-24.29,-37.94,-31.56,5.13
16473,0.51,-576.38,-28.88,-112.96,-35.27,5.13
16474,0.65,-563.36,-32.90,-111.43,-37.49,5.13
16475,0.40,-131.40,-25.06,-60.27,-35.79,5.13
16476,0.86,-783.24,-30.88,-330.71,-113.85,5.13
16477,0.84,-672.21,-31.22,-129.37,-38.79,5.77
16478,0.70,-970.75,-30.43,-367.28,-109.85,5.77
16479,0.40,-134.24,-21.17,-59.52,-36.19,6.09
16480,0.42,-597.44,-27.43,-118.46,-40.45,6.09
16481,0.61,-112.51,-27.71,-51.75,-36.20,5.13
16482,0.40,-607.99,-30.02,-118.07,-36.74,5.77
16483,0.40,-612.51,-17.50,-135.40,-35.07,5.77
16484,0.41,-601.89,-24.13,-269.33,-47.67,5.77
16485,0.32,-566.24,-28.22,-142.61,-103.94,5.77
16486,0.42,-138.17,-39.01,-69.71,-47.96,5.77
16487,0.41,-130.13,-27.26,-62.12,-39.49,5.77
16488,0.42,-131.92,-27.33,-52.82,-42.83,5.77
16489,0.51,-843.06,-28.18,-235.72,-40.11,5.77
16490,0.44,-132.29,-32.26,-76.57,-44.83,5.77
16491,0.37,-627.42,-26.73,-218.33,-122.33,5.77
16492,0.52,-128.56,-27.04,-55.58,-42.06,5.77
16493,0.34,-121.85,-23.99,-54.97,-33.55,5.77
16494,0.35,-577.35,-19.95,-192.85,-34.75,5.77
16495,0.42,-126.03,-28.01,-49.01,-35.69,5.77
16496,0.92,-458.19,-28.36,-92.07,-31.65,5.77
16497,0.70,-135.61,-26.24,-59.93,-35.83,5.77
16498,0.40,-54.61,-25.96,-35.39,-33.77,5.77
16499,0.34,-573.58,-27.30,-124.79,-37.41,5.77
16500,0.88,-1254.36,-27.21,-212.58,-39.36,5.77
16501,0.39,-610.42,-30.09,-134.68,-44.38,5.77
16502,0.33,-548.21,-24.06,-184.08,-31.79,5.77
16503,0.32,-110.96,-19.86,-41.60,-33.88,5.77
16504,0.41,-574.11,-29.17,-188.55,-37.68,5.77
16505,0.53,-739.58,-24.06,-225.71,-36.08,5.77
16506,0.63,-1141.60,-29.36,-198.70,-46.15,4.49
16507,0.59,-862.79,-31.23,-379.44,-84.28,4.49
16508,0.77,-903.27,-26.16,-158.67,-34.69,4.49
16509,0.39,-168.82,-29.46,-68.23,-41.48,4.81
16510,0.88,-647.97,-25.18,-275.75,-35.86,4.81
16511,0.68,-615.98,-29.16,-297.73,-151.56,4.81
16512,0.63,-1127.82,-21.86,-359.92,-125.25,4.81
16513,0.39,-205.48,-29.19,-57.56,-33.76,4.81
16514,0.42,-586.46,-25.68,-120.28,-28.76,3.85
16515,1.07,-881.25,-24.30,-414.86,-447.68,4.49
16516,0.90,-573.98,-32.50,-224.99,-48.93,4.81
16517,0.33,-132.11,-26.53,-61.88,-39.10,4.81
16518,0.35,-600.16,-24.67,-124.34,-39.07,5.45
16519,0.43,-134.16,-30.85,-61.84,-41.74,5.77
16520,0.44,-720.00,-29.66,-131.02,-32.30,5.77
16521,0.77,-1095.37,-31.97,-200.74,-37.62,5.77
16522,0.50,-742.56,-27.56,-135.73,-34.87,5.77
16523,0.47,-723.43,-27.66,-209.46,-36.81,5.77
16524,0.41,-130.10,-28.66,-48.08,-36.26,5.77
16525,0.57,-895.13,-34.14,-544.40,-567.02,5.77
16526,0.92,-796.88,-26.18,-142.19,-33.26,5.77
16527,0.66,-1094.52,-32.74,-187.87,-36.88,5.77
16528,0.32,-597.97,-30.31,-114.62,-34.65,5.13
16529,0.57,-1006.36,-29.17,-196.79,-35.86,5.13
16530,0.43,-130.55,-27.34,-56.73,-36.90,5.13
16531,0.57,-1016.13,-33.16,-191.23,-41.07,5.13
16532,0.34,-129.37,-29.25,-48.65,-35.87,5.13
16533,0.31,-610.61,-33.19,-208.33,-42.89,5.13
16534,0.72,-1260.73,-36.49,-300.40,-48.84,5.13
16535,0.48,-773.76,-27.89,-219.13,-32.47,5.13
16536,0.38,-41.05,-29.97,-35.25,-34.41,5.13
16537,0.75,-522.99,-27.54,-186.05,-108.86,5.13
16538,0.47,-41.81,-18.31,-33.40,-35.09,5.13
16539,0.38,-608.09,-21.42,-135.76,-37.35,5.13
16540,0.47,-621.19,-28.45,-120.24,-37.92,5.13
16541,0.40,-145.58,-23.04,-52.69,-33.28,4.81
16542,0.70,-1310.97,-28.18,-315.12,-88.10,4.81
16543,0.35,-588.19,-26.84,-202.49,-46.91,4.81
16544,0.44,-625.55,-27.62,-206.88,-40.56,4.81
16545,0.38,-123.00,-27.94,-60.14,-41.22,4.81
16546,0.82,-1162.04,-27.67,-192.33,-30.93,4.81
16547,0.67,-1189.95,-28.46,-297.35,-40.12,4.49
16548,0.35,-566.56,-27.38,-194.82,-35.95,4.49
16549,0.39,-138.74,-28.14,-83.35,-111.42,4.49
16550,0.56,-152.14,-28.53,-48.48,-31.85,4.49
16551,0.30,-91.59,-29.66,-40.61,-31.47,4.49
16552,0.66,-956.24,-32.85,-332.27,-52.67,4.49
16553,0.34,-438.15,-32.49,-146.22,-78.51,4.49
16554,0.37,-289.39,-25.89,-84.54,-36.50,4.49
16555,0.28,-301.94,-35.82,-138.19,-111.40,4.49
16556,0.47,-613.96,-30.34,-165.95,-110.22,4.49
16557,0.62,-1073.51,-29.42,-332.29,-288.08,3.85
16558,0.67,-1003.78,-27.17,-288.21,-45.11,3.85
16559,0.39,-131.31,-27.91,-64.59,-38.13,3.85
16560,0.34,-525.90,-30.14,-105.06,-33.99,3.85
16561,0.29,-610.50,-30.10,-186.30,-107.99,3.85
16562,0.44,-484.75,-22.34,-168.66,-31.44,3.85
16563,0.64,-1101.47,-26.74,-340.49,-113.10,3.85
16564,0.83,-1220.28,-28.59,-247.37,-41.42,4.81
16565,0.53,-604.91,-23.52,-113.49,-32.87,4.81
16566,0.39,-111.72,-24.83,-42.86,-32.85,4.81
16567,0.35,-36.32,-21.31,-29.64,-29.89,4.81
16568,0.61,-629.40,-27.58,-185.39,-89.96,4.81
16569,0.74,-894.63,-30.26,-376.09,-443.11,4.81
16570,0.42,-622.04,-31.60,-118.71,-34.12,3.85
16571,0.31,-557.27,-30.28,-125.03,-41.68,3.85
16572,0.33,-111.65,-31.68,-67.28,-45.59,3.85
16573,0.58,-1103.31,-27.92,-307.13,-114.21,3.85
16574,0.29,-586.11,-35.24,-215.58,-109.52,4.49
16575,0.39,-575.00,-23.83,-126.04,-35.41,3.53
16576,0.63,-1218.96,-24.49,-352.25,-34.46,3.53
16577,0.52,-596.32,-23.33,-122.70,-32.18,3.53
16578,0.59,-849.19,-31.66,-248.99,-43.86,4.49
16579,0.31,-623.67,-23.28,-214.94,-80.13,4.49
16580,0.31,-610.07,-26.26,-380.90,-599.22,4.49
16581,0.63,-837.85,-22.30,-145.66,-32.03,5.77
16582,0.95,-422.19,-24.48,-99.21,-33.46,5.77
16583,0.38,-590.38,-32.19,-137.72,-43.21,5.77
16584,0.81,-1028.42,-24.83,-180.35,-41.28,5.77
16585,0.51,-816.01,-27.55,-170.44,-39.20,5.77
16586,0.44,-122.58,-30.64,-45.97,-32.18,4.81
16587,0.34,-576.71,-27.93,-121.28,-33.66,4.81
16588,0.50,-972.50,-28.81,-175.69,-32.50,4.81
16589,0.38,-624.71,-19.40,-194.10,-34.22,4.81
16590,0.33,-593.51,-25.47,-138.03,-35.76,5.13
16591,0.38,-620.60,-26.56,-296.17,-151.58,5.13
16592,0.37,-612.11,-28.46,-158.12,-111.82,5.13
16593,0.76,-1407.93,-33.18,-433.18,-137.72,5.13
16594,0.39,-113.41,-31.32,-55.15,-35.20,5.13
16595,0.70,-960.49,-29.83,-203.23,-110.35,6.09
16596,0.38,-137.49,-21.07,-74.22,-46.82,6.09
16597,0.39,-508.01,-28.03,-111.46,-29.39,5.77
16598,0.39,-561.03,-31.07,-112.01,-40.17,5.77
16599,0.39,-629.49,-32.96,-199.60,-42.24,4.81
16600,0.32,-588.02,-29.98,-138.40,-44.77,5.13
16601,0.39,-186.20,-25.13,-53.31,-29.46,5.13
16602,0.78,-1408.69,-27.51,-332.02,-55.36,5.13
16603,0.32,-605.04,-27.60,-199.72,-43.70,5.13
16604,0.31,-139.11,-28.01,-58.63,-32.22,5.13
16605,0.32,-176.37,-23.28,-51.00,-31.48,5.45
16606,0.36,-630.46,-24.16,-201.63,-34.89,4.81
16607,0.30,-580.41,-27.10,-134.64,-35.52,7.05
16608,0.67,-882.25,-27.14,-175.55,-40.69,7.05
16609,0.60,-887.48,-28.07,-167.01,-41.76,7.05
16610,0.32,-111.17,-19.71,-43.18,-35.02,7.05
16611,0.63,-39.53,-23.02,-34.20,-35.50,7.05
16612,0.48,-48.39,-28.16,-35.27,-34.77,6.41
16613,0.44,-620.08,-32.58,-201.00,-35.29,6.41
16614,0.56,-1003.38,-31.51,-325.52,-37.23,6.41
16615,0.34,-538.07,-27.34,-106.11,-38.46,6.41
16616,0.58,-890.41,-19.86,-154.74,-33.86,6.41
16617,0.46,-769.76,-28.50,-245.06,-113.25,6.41
16618,0.35,-113.35,-23.08,-54.25,-39.00,6.41
16619,0.51,-140.16,-32.31,-49.83,-34.87,7.37
16620,0.65,-593.67,-32.04,-192.07,-35.92,6.09
16621,0.32,-36.74,-25.11,-29.94,-28.63,6.09
16622,0.46,-590.61,-24.51,-127.35,-37.63,5.13
16623,0.36,-125.54,-27.04,-47.23,-33.89,5.13
16624,0.47,-756.50,-32.45,-237.16,-41.96,5.13
16625,0.45,-38.60,-23.23,-32.21,-29.76,5.13
16626,0.65,-614.34,-24.23,-264.07,-117.00,5.13
16627,0.32,-580.95,-29.68,-139.04,-37.58,5.13
16628,0.57,-922.84,-20.71,-187.24,-43.97,6.09
16629,0.54,-594.89,-33.70,-217.02,-110.25,6.09
16630,0.35,-622.68,-27.13,-125.72,-42.76,6.09
16631,0.61,-868.63,-25.61,-151.46,-33.77,6.41
16632,0.76,-1013.90,-27.41,-188.79,-44.50,6.41
16633,0.36,-39.34,-28.52,-33.28,-33.34,5.45
16634,0.34,-185.30,-26.85,-84.76,-44.55,5.45
16635,0.67,-110.79,-22.50,-48.97,-36.20,5.45
16636,0.32,-570.61,-25.53,-128.35,-31.23,4.49
16637,0.33,-119.80,-32.57,-60.62,-42.49,4.49
16638,0.59,-980.28,-29.59,-178.24,-35.74,4.49
16639,0.48,-816.99,-23.99,-153.45,-31.13,4.49
16640,0.62,-1153.74,-28.51,-283.66,-35.33,4.49
16641,0.45,-774.85,-32.85,-229.80,-39.69,4.81
16642,0.42,-622.82,-26.85,-205.61,-36.12,3.85
16643,0.44,-734.15,-25.25,-225.52,-32.57,3.85
16644,0.65,-1014.66,-30.60,-202.29,-43.77,4.81
16645,0.45,-623.14,-27.91,-191.73,-34.02,4.81
16646,0.30,-609.15,-24.75,-216.47,-132.80,5.45
16647,0.57,-581.38,-37.35,-214.40,-110.40,5.45
16648,0.31,-630.55,-25.05,-142.69,-38.23,3.85
16649,0.43,-619.08,-32.84,-302.75,-143.66,3.85
16650,0.64,-1320.23,-24.56,-264.80,-110.22,5.77
16651,0.49,-126.87,-27.44,-50.92,-40.22,5.77
16652,0.67,-1237.81,-32.80,-416.25,-134.65,5.77
16653,0.42,-109.84,-22.53,-43.86,-34.50,4.49
16654,0.39,-609.58,-25.04,-136.45,-46.30,4.49
16655,0.52,-916.36,-38.49,-360.47,-206.81,5.77
16656,0.67,-891.31,-25.83,-331.56,-32.00,5.77
16657,0.40,-690.74,-32.63,-158.34,-55.21,5.77
16658,0.33,-131.48,-28.75,-61.04,-40.22,5.45
16659,0.38,-632.95,-22.74,-233.45,-108.79,5.45
16660,0.99,-453.17,-27.97,-117.08,-47.78,5.77
16661,0.45,-593.60,-24.18,-124.99,-36.62,5.45
16662,0.51,-863.34,-29.04,-173.79,-41.85,7.05
16663,0.53,-998.63,-26.69,-338.47,-140.81,7.05
16664,0.66,-354.29,-28.96,-79.53,-35.72,7.05
16665,0.58,-995.45,-28.89,-195.96,-41.92,7.05
16666,0.54,-838.28,-23.77,-269.93,-49.26,7.05
16667,0.40,-125.68,-24.33,-45.07,-32.49,7.05
16668,0.33,-602.00,-25.11,-126.25,-32.13,7.05
16669,0.36,-51.71,-27.14,-38.49,-39.60,6.41
16670,0.36,-77.94,-26.43,-37.78,-31.25,6.41
16671,0.36,-148.56,-25.10,-77.30,-56.78,6.09
16672,0.45,-592.52,-27.27,-128.55,-39.28,6.09
16673,0.41,-46.16,-25.71,-31.97,-29.74,6.09
16674,0.78,-1421.42,-26.95,-329.82,-50.19,5.45
16675,0.50,-845.54,-23.62,-245.88,-124.58,4.81
16676,0.44,-544.10,-28.62,-109.90,-35.11,4.81
16677,1.90,-826.68,-23.95,-337.33,-35.46,4.81
16678,0.46,-531.01,-23.05,-136.30,-35.25,4.81
16679,0.66,-1200.53,-30.02,-301.11,-114.26,4.17
16680,0.69,-996.56,-25.45,-342.91,-297.83,4.17
16681,0.94,-1288.75,-20.59,-323.45,-110.28,4.17
16682,0.39,-548.11,-21.81,-134.59,-45.72,4.17
16683,3.45,-1072.98,-32.54,-316.20,-108.57,4.49
16684,0.77,-1047.09,-24.38,-269.81,-37.07,4.49
16685,0.33,-580.85,-26.94,-201.99,-47.99,4.49
16686,0.72,-797.37,-29.23,-232.88,-37.64,4.49
16687,0.38,-533.37,-21.93,-128.15,-36.69,4.49
16688,0.33,-620.29,-30.48,-130.15,-32.57,4.49
16689,0.57,-968.67,-27.30,-260.73,-42.97,4.49
16690,0.35,-147.38,-26.91,-48.91,-34.76,4.81
16691,0.39,-107.74,-27.57,-41.71,-31.65,4.81
16692,0.61,-1094.31,-21.29,-185.55,-37.64,5.13
16693,0.89,-1387.24,-26.41,-424.81,-109.44,5.13
16694,0.54,-722.36,-33.03,-212.67,-37.24,5.13
16695,0.31,-125.88,-28.72,-57.66,-36.35,5.13
16696,1.92,-619.57,-23.91,-155.69,-114.13,5.13
16697,0.44,-586.61,-26.57,-113.36,-34.54,5.45
16698,0.32,-45.01,-20.59,-33.01,-32.35,5.45
16699,0.32,-581.60,-27.52,-149.51,-103.78,5.45
16700,0.37,-129.03,-27.74,-47.93,-33.90,5.45
16701,0.40,-147.04,-27.83,-49.73,-34.17,5.45
16702,0.40,-122.21,-25.92,-46.21,-30.22,5.45
16703,0.49,-254.76,-23.71,-69.52,-41.18,5.13
16704,0.78,-411.46,-26.64,-127.29,-109.35,4.17
16705,0.42,-133.73,-23.56,-49.86,-36.64,4.17
16706,0.56,-1124.72,-26.30,-272.79,-36.25,5.13
16707,0.36,-129.24,-27.89,-49.75,-37.10,5.13
16708,0.68,-1010.66,-29.09,-337.18,-120.63,6.09
16709,0.66,-1135.95,-25.22,-444.83,-153.81,6.09
16710,0.31,-603.43,-27.86,-153.75,-109.66,6.09
16711,0.66,-1120.34,-28.23,-189.06,-32.16,6.09
16712,0.45,-108.83,-22.50,-44.05,-37.31,6.09
16713,0.64,-1187.93,-30.63,-317.59,-95.67,6.09
16714,0.33,-47.45,-26.78,-33.33,-30.57,6.09
16715,0.33,-42.71,-27.15,-34.73,-38.07,5.77
16716,0.60,-853.76,-31.39,-260.32,-50.23,5.77
16717,0.48,-593.87,-24.74,-184.36,-38.60,4.81
16718,0.30,-607.16,-27.33,-140.91,-43.16,4.81
16719,0.68,-1189.34,-28.85,-290.82,-109.06,4.81
16720,0.90,-1369.73,-23.47,-305.18,-36.63,4.81
16721,0.35,-122.21,-18.59,-45.67,-32.02,5.13
16722,0.40,-44.03,-25.80,-33.52,-32.88,5.13
16723,0.50,-559.48,-27.27,-110.95,-37.16,5.13
16724,0.69,-1235.78,-29.93,-401.90,-39.53,5.13
16725,0.53,-847.31,-26.58,-247.66,-49.95,5.13
16726,0.31,-599.19,-27.62,-264.86,-51.90,5.13
16727,0.36,-110.71,-33.21,-50.11,-42.33,5.13
16728,0.36,-114.25,-28.94,-44.73,-32.09,5.13
16729,0.49,-606.69,-27.09,-215.83,-84.52,5.13
16730,2.86,-1731.67,-30.93,-458.18,-53.83,4.81
16731,0.35,-622.16,-32.29,-202.53,-39.30,4.81
16732,0.51,-591.90,-29.67,-117.58,-36.18,4.81
16733,0.78,-1313.74,-19.00,-383.59,-33.02,4.81
16734,0.81,-1317.40,-23.21,-384.91,-112.15,4.81
16735,0.52,-919.69,-27.94,-159.01,-32.69,4.81
16736,0.50,-808.73,-29.65,-156.86,-36.79,6.09
16737,0.52,-598.57,-31.33,-161.75,-37.81,6.09
16738,0.71,-1284.79,-27.73,-242.60,-41.50,6.41
16739,0.44,-637.13,-34.22,-195.26,-38.87,6.41
16740,0.44,-743.43,-31.48,-301.89,-49.49,6.41
16741,0.45,-109.66,-25.40,-47.93,-41.68,6.41
16742,0.36,-44.20,-32.16,-36.57,-35.20,6.41
16743,0.35,-128.77,-27.96,-60.87,-42.23,6.41
16744,0.33,-62.65,-30.01,-38.05,-34.91,6.41
16745,0.46,-109.82,-22.97,-42.90,-34.76,6.41
16746,0.40,-94.77,-26.60,-42.00,-35.11,6.41
16747,0.57,-611.39,-30.08,-117.96,-36.12,6.41
16748,0.33,-127.59,-26.83,-59.94,-39.63,6.41
16749,0.43,-602.59,-23.59,-118.96,-41.09,4.81
16750,0.70,-1151.50,-25.17,-382.00,-34.71,4.81
16751,0.45,-126.97,-29.48,-47.29,-35.22,4.81
16752,0.30,-567.40,-31.37,-186.53,-36.15,4.81
16753,1.10,-407.82,-25.68,-85.09,-33.71,4.81
16754,0.33,-112.69,-31.85,-52.95,-36.58,5.13
16755,0.49,-843.43,-28.70,-228.54,-41.12,5.13
16756,0.48,-846.77,-27.70,-256.38,-112.21,5.13
16757,0.57,-431.88,-28.23,-89.63,-33.80,5.13
16758,0.41,-624.53,-28.83,-224.17,-107.09,5.13
16759,0.37,-113.05,-26.39,-53.43,-30.85,4.81
16760,0.58,-1003.49,-34.14,-339.49,-124.43,4.81
16761,0.33,-595.59,-30.18,-131.12,-43.93,4.81
16762,0.40,-110.61,-26.47,-44.40,-35.58,4.81
16763,0.29,-612.66,-24.44,-153.21,-111.06,4.81
16764,0.28,-600.54,-28.91,-153.84,-118.09,4.81
16765,0.41,-619.79,-29.46,-137.82,-36.85,4.81
16766,0.36,-571.40,-25.97,-109.79,-36.26,4.81
16767,0.46,-607.19,-24.06,-127.53,-34.40,4.81
16768,0.64,-980.58,-26.63,-429.48,-133.13,4.81
16769,0.37,-136.00,-22.72,-47.11,-30.35,4.81
16770,0.69,-1053.40,-23.34,-210.77,-80.79,4.81
16771,0.80,-567.73,-32.35,-137.14,-39.74,4.81
16772,0.30,-574.05,-22.99,-196.87,-44.15,4.81
16773,0.36,-111.74,-26.03,-44.93,-33.14,5.45
16774,0.35,-564.34,-19.11,-109.88,-34.11,5.45
16775,0.62,-46.89,-28.82,-33.79,-32.44,5.45
16776,0.50,-552.43,-26.44,-107.87,-32.73,5.45
16777,0.58,-988.56,-33.63,-267.59,-45.89,5.45
16778,0.43,-619.66,-30.16,-211.11,-41.13,5.45
16779,0.82,-1269.85,-38.41,-505.42,-610.56,5.45
16780,0.34,-583.09,-21.21,-124.81,-40.00,4.81
16781,0.57,-563.57,-26.94,-125.48,-34.38,3.53
16782,0.41,-570.51,-23.62,-108.24,-33.95,3.53
16783,0.29,-616.43,-28.36,-272.85,-113.32,3.53
16784,0.59,-1200.44,-29.37,-371.93,-99.39,3.53
16785,0.64,-1150.08,-28.03,-316.95,-40.13,3.53
16786,0.45,-842.08,-24.45,-160.78,-43.82,3.53
16787,0.63,-548.14,-26.31,-105.13,-31.48,4.17
16788,0.73,-1211.66,-27.25,-200.89,-33.07,4.17
16789,0.69,-546.49,-29.54,-119.13,-39.70,4.17
16790,0.83,-1232.67,-24.44,-349.34,-39.62,4.17
16791,0.29,-138.47,-24.04,-62.18,-35.42,4.17
16792,0.53,-876.07,-22.49,-311.25,-123.63,4.17
16793,0.53,-881.90,-32.61,-240.19,-35.17,4.17
16794,0.32,-573.86,-25.82,-150.64,-36.67,4.17
16795,0.56,-597.19,-31.14,-177.75,-41.82,4.17
16796,0.77,-1196.20,-25.69,-290.88,-35.11,4.17
16797,0.29,-137.68,-22.14,-59.02,-34.22,3.85
16798,0.60,-866.58,-25.15,-410.89,-592.32,3.85
16799,0.67,-1305.89,-35.26,-333.92,-124.20,3.85
16800,0.37,-622.85,-33.59,-288.34,-156.54,3.85
16801,0.47,-915.50,-29.16,-240.39,-42.04,3.85
16802,0.73,-1258.61,-26.75,-209.88,-38.85,3.85
16803,0.79,-327.46,-21.96,-90.85,-42.98,5.13
16804,0.35,-593.37,-24.41,-124.90,-35.45,4.17
16805,0.42,-117.48,-29.68,-71.08,-51.49,4.17
16806,2.46,-590.89,-30.24,-137.23,-39.42,4.17
16807,0.36,-37.85,-19.61,-28.70,-29.23,4.17
16808,0.43,-789.19,-28.82,-240.87,-45.57,4.17
16809,0.40,-580.39,-27.88,-213.47,-110.93,4.17
16810,0.31,-625.87,-26.81,-231.38,-136.81,4.17
16811,0.30,-159.10,-24.87,-64.14,-37.60,4.17
16812,0.34,-523.16,-32.65,-117.47,-36.60,4.17
16813,0.32,-643.28,-25.08,-277.45,-33.26,4.17
16814,0.71,-594.49,-28.24,-178.17,-39.86,4.49
16815,1.06,-817.27,-27.73,-270.81,-63.63,4.49
16816,0.62,-844.63,-25.79,-160.72,-37.40,4.49
16817,0.50,-900.67,-32.71,-333.93,-130.76,4.49
16818,0.49,-844.58,-31.55,-164.73,-39.92,4.49
16819,0.60,-932.28,-23.48,-271.37,-86.59,4.49
16820,0.29,-135.60,-30.88,-74.64,-43.28,4.49
16821,0.49,-808.59,-29.61,-150.22,-32.78,4.49
16822,0.81,-1273.47,-25.44,-427.40,-431.11,4.49
16823,0.46,-873.91,-27.65,-176.36,-35.76,4.49
16824,0.31,-621.73,-31.64,-151.16,-86.87,4.49
16825,0.42,-134.55,-25.12,-46.78,-34.81,4.49
16826,1.92,-627.75,-27.81,-432.97,-565.69,4.49
16827,0.69,-958.84,-32.77,-358.04,-364.18,4.49
16828,0.65,-620.78,-32.04,-284.78,-129.46,4.49
16829,0.34,-573.78,-32.33,-128.78,-42.45,4.49
16830,0.53,-961.68,-26.50,-190.71,-37.58,4.49
16831,0.33,-630.83,-27.43,-142.89,-34.46,4.49
16832,0.47,-114.02,-25.53,-42.71,-31.13,4.17
16833,2.21,-753.36,-39.00,-339.78,-128.52,4.17
16834,0.41,-591.27,-33.36,-282.74,-125.20,4.17
16835,0.85,-734.20,-32.22,-199.62,-35.72,4.81
16836,0.35,-598.49,-27.21,-191.44,-31.81,4.81
16837,0.34,-120.50,-20.36,-51.53,-26.65,5.13
16838,0.33,-111.33,-31.44,-47.88,-40.73,5.13
16839,0.62,-1100.07,-30.15,-281.31,-37.75,6.09
16840,0.43,-709.76,-27.72,-141.32,-40.60,6.09
16841,0.63,-913.72,-30.17,-177.92,-39.76,6.09
16842,0.41,-613.72,-25.34,-209.01,-41.79,6.09
16843,0.35,-611.46,-27.37,-207.36,-38.83,4.81
16844,0.31,-179.56,-23.27,-80.08,-37.71,4.81
16845,0.38,-602.01,-36.18,-139.75,-42.51,4.81
16846,0.78,-1123.93,-29.97,-202.48,-34.61,4.81
16847,0.49,-885.09,-26.10,-155.78,-34.91,5.77
16848,0.74,-562.20,-31.20,-159.86,-35.04,3.85
16849,0.59,-1095.66,-27.17,-211.79,-42.82,3.85
16850,0.67,-1150.30,-30.84,-368.08,-120.51,3.85
16851,0.50,-813.65,-32.95,-250.61,-42.01,3.85
16852,0.32,-602.24,-31.04,-164.89,-110.96,3.85
16853,0.92,-802.23,-26.89,-273.62,-134.89,4.49
16854,0.59,-1149.62,-45.14,-376.21,-132.75,4.81
16855,0.48,-713.67,-29.14,-132.47,-36.77,5.13
16856,0.39,-606.87,-30.85,-195.79,-38.02,6.73
16857,0.51,-781.89,-32.41,-158.78,-34.91,6.73
16858,0.91,-1372.10,-27.64,-424.74,-39.17,6.73
16859,0.35,-110.76,-26.47,-43.65,-35.52,6.73
16860,0.81,-838.16,-29.76,-317.83,-112.50,6.73
16861,0.45,-108.63,-27.68,-43.23,-33.62,6.73
16862,0.38,-119.05,-21.71,-46.77,-35.48,5.13
16863,0.47,-120.06,-29.51,-60.57,-40.37,5.13
16864,0.32,-565.30,-29.82,-123.33,-32.71,4.17
16865,0.37,-625.19,-29.20,-295.30,-122.30,4.17
16866,0.31,-131.67,-27.19,-58.81,-31.86,4.17
16867,0.77,-969.88,-27.21,-266.37,-73.82,4.17
16868,0.32,-641.86,-27.52,-142.85,-43.90,4.17
16869,0.84,-45.47,-25.16,-33.47,-30.56,4.17
16870,0.46,-832.46,-26.08,-234.66,-40.85,5.77
16871,0.32,-621.85,-29.23,-156.75,-110.63,6.73
16872,0.49,-49.76,-23.92,-37.67,-38.31,5.45
16873,0.36,-588.95,-31.68,-154.36,-120.98,5.45
16874,0.64,-759.70,-24.60,-141.60,-41.47,5.45
16875,0.33,-548.26,-23.97,-128.68,-35.30,5.45
16876,0.31,-606.12,-28.40,-204.98,-28.88,5.13
16877,0.33,-619.37,-22.40,-136.35,-40.99,5.13
16878,0.40,-597.17,-28.37,-168.14,-115.18,5.13
16879,0.48,-620.81,-24.70,-134.93,-33.74,5.13
16880,0.31,-625.59,-26.37,-214.62,-40.69,5.13
16881,0.81,-1343.25,-25.98,-354.56,-35.28,4.81
16882,0.36,-560.61,-26.45,-120.96,-37.46,5.13
16883,0.36,-38.97,-24.79,-29.42,-27.16,3.85
16884,0.48,-786.55,-27.11,-223.54,-34.00,4.49
16885,0.58,-1029.89,-28.70,-351.23,-125.05,4.49
16886,0.95,-1304.61,-31.35,-439.80,-122.86,4.17
16887,0.77,-1172.22,-26.86,-637.94,-584.76,4.17
16888,0.30,-571.22,-27.38,-199.08,-32.39,4.17
16889,0.72,-1189.78,-34.15,-366.58,-112.15,4.49
16890,0.48,-787.22,-28.61,-165.48,-42.46,3.85
16891,0.33,-124.74,-25.21,-57.01,-34.75,3.85
16892,0.56,-1062.27,-26.72,-206.67,-34.14,3.85
16893,0.60,-1213.54,-33.98,-305.32,-111.72,4.17
16894,0.33,-608.93,-22.79,-137.33,-34.05,4.17
16895,0.29,-600.57,-24.13,-220.40,-113.38,4.17
16896,0.29,-595.89,-25.64,-282.13,-134.37,4.49
16897,0.34,-127.72,-23.72,-57.56,-38.48,4.49
16898,0.52,-875.25,-30.27,-202.42,-111.38,4.49
16899,0.58,-859.59,-23.57,-159.54,-29.93,3.53
16900,0.63,-1088.19,-30.54,-369.06,-123.62,3.53
16901,0.89,-979.40,-25.45,-392.13,-519.01,3.53
16902,0.54,-1045.05,-31.32,-355.90,-133.35,3.85
16903,0.66,-1147.51,-21.94,-394.26,-38.83,3.85
16904,0.62,-897.52,-34.23,-447.85,-611.13,3.85
16905,0.65,-1005.01,-24.62,-334.40,-43.13,3.53
16906,0.68,-589.76,-27.16,-237.12,-133.53,3.85
16907,0.59,-980.73,-31.87,-246.07,-35.82,3.85
16908,0.63,-632.15,-19.55,-301.79,-131.92,3.85
16909,0.30,-613.11,-34.89,-227.68,-127.14,3.85
16910,0.71,-1271.23,-28.63,-253.70,-114.48,3.85
16911,0.59,-1139.49,-26.15,-404.89,-121.26,4.81
16912,0.54,-604.68,-31.07,-129.23,-43.51,4.81
16913,0.92,-683.57,-27.51,-212.41,-114.59,4.81
16914,0.55,-833.15,-28.97,-244.44,-72.76,4.17
16915,0.75,-994.16,-27.06,-404.31,-553.75,4.17
16916,0.31,-177.65,-23.82,-64.20,-37.64,4.17
16917,0.62,-992.60,-34.55,-372.08,-51.69,4.49
16918,0.60,-910.22,-29.73,-428.51,-424.10,4.49
16919,0.32,-588.63,-25.22,-131.20,-36.24,4.49
16920,0.40,-612.94,-23.02,-206.91,-45.85,4.49
16921,0.48,-619.63,-30.86,-132.65,-37.79,4.49
16922,0.37,-129.36,-32.54,-52.26,-41.02,4.17
16923,0.73,-1331.41,-34.66,-434.00,-126.22,4.17
16924,0.34,-574.44,-26.45,-184.01,-33.60,4.81
16925,0.59,-925.98,-22.89,-175.02,-37.82,4.81
16926,0.50,-749.32,-32.27,-148.27,-43.12,4.81
16927,0.34,-367.39,-29.88,-117.11,-77.87,4.49
16928,0.57,-879.53,-27.29,-342.69,-180.19,4.49
16929,0.38,-554.68,-28.13,-130.40,-37.86,4.49
16930,0.34,-598.78,-27.21,-114.34,-32.57,4.49
16931,0.71,-1238.80,-27.36,-296.34,-35.16,4.49
16932,0.63,-996.55,-28.85,-269.99,-40.34,4.49
16933,0.80,-1448.81,-26.86,-316.64,-40.38,4.49
16934,0.34,-585.56,-36.30,-204.11,-44.58,4.49
16935,0.53,-895.08,-29.02,-244.65,-42.32,4.49
16936,0.68,-1042.92,-35.47,-275.33,-84.29,5.45
16937,0.64,-968.12,-27.71,-290.92,-130.58,4.49
16938,0.30,-129.49,-23.86,-58.46,-35.39,4.17
16939,0.57,-614.03,-21.61,-140.97,-37.21,4.17
16940,0.36,-622.69,-30.24,-118.31,-33.61,4.17
16941,0.95,-1500.86,-27.17,-421.56,-122.91,4.17
16942,0.42,-614.00,-31.06,-160.27,-111.90,4.49
16943,0.33,-611.07,-28.86,-192.13,-37.12,4.49
16944,0.64,-957.57,-27.66,-253.18,-43.89,4.81
16945,0.65,-1224.73,-27.97,-228.77,-37.72,4.81
16946,0.31,-565.40,-28.43,-139.82,-104.02,4.81
16947,0.52,-752.61,-34.29,-177.03,-114.40,5.45
16948,0.36,-42.22,-29.26,-34.78,-34.93,5.45
16949,0.79,-1088.92,-21.66,-291.58,-30.94,5.13
16950,0.75,-601.64,-28.25,-128.96,-34.81,5.13
16951,0.33,-35.06,-25.17,-30.05,-29.68,5.13
16952,0.37,-633.15,-27.83,-131.15,-36.49,5.13
16953,0.34,-563.24,-22.76,-115.50,-33.55,5.13
16954,0.59,-570.81,-32.46,-130.02,-35.67,5.13
16955,0.36,-609.87,-26.92,-128.74,-36.66,5.13
16956,0.34,-586.56,-30.95,-214.06,-100.76,5.13
16957,0.32,-595.96,-22.33,-123.71,-42.18,5.13
16958,0.35,-612.98,-25.15,-115.96,-31.55,5.13
16959,0.51,-638.71,-32.40,-158.68,-44.61,4.17
16960,1.80,-595.17,-27.66,-128.48,-35.03,4.17
16961,0.41,-132.23,-20.45,-61.58,-37.06,5.13
16962,0.73,-612.78,-29.65,-196.62,-110.19,4.81
16963,0.53,-869.71,-26.86,-286.23,-43.20,5.13
16964,0.30,-580.12,-27.01,-133.30,-29.57,5.13
16965,0.44,-36.63,-24.19,-29.34,-29.40,5.13
16966,0.56,-801.28,-25.92,-228.07,-37.58,5.13
16967,0.53,-839.06,-29.87,-232.14,-39.04,4.17
16968,0.60,-1219.54,-27.79,-409.84,-49.82,5.13
16969,0.59,-863.64,-30.80,-360.85,-129.08,5.13
16970,0.76,-533.51,-23.21,-193.98,-129.83,4.81
16971,0.31,-628.49,-28.06,-140.16,-35.51,4.81
16972,0.32,-545.23,-26.82,-147.79,-89.95,4.81
16973,0.94,-1213.56,-30.89,-255.59,-115.21,4.81
16974,0.33,-609.22,-33.49,-121.82,-38.93,4.81
16975,0.67,-997.99,-28.45,-252.62,-32.72,4.81
16976,0.43,-115.99,-22.88,-45.66,-36.83,3.85
16977,0.62,-892.10,-26.42,-340.36,-36.51,3.85
16978,0.59,-962.60,-32.35,-199.14,-38.15,3.85
16979,0.30,-597.48,-31.09,-138.16,-41.65,3.85
16980,0.46,-782.53,-31.09,-156.75,-33.87,3.85
16981,0.56,-950.15,-30.33,-193.99,-36.02,6.09
16982,0.55,-935.30,-34.00,-175.84,-36.19,6.09
16983,0.37,-173.43,-28.00,-53.90,-33.67,6.09
16984,0.58,-1007.98,-26.10,-186.78,-34.80,6.09
16985,0.68,-1017.08,-24.98,-189.18,-40.17,6.09
16986,0.58,-650.38,-25.89,-124.40,-41.03,4.17
16987,0.68,-122.52,-30.11,-69.68,-42.57,4.17
16988,0.70,-130.97,-30.17,-50.86,-37.38,4.17
16989,0.32,-576.20,-26.67,-136.84,-36.98,4.81
16990,0.69,-621.32,-28.49,-117.91,-35.64,4.81
16991,0.80,-601.50,-26.19,-305.41,-331.77,4.49
16992,0.44,-113.23,-25.19,-45.47,-35.90,4.49
16993,0.44,-806.35,-26.98,-263.27,-120.60,4.49
16994,0.31,-118.77,-28.58,-54.57,-37.37,4.49
16995,0.52,-726.98,-31.91,-234.31,-112.16,4.49
16996,0.41,-575.78,-28.71,-109.35,-31.30,4.49
16997,0.53,-588.46,-28.47,-111.77,-32.49,4.49
16998,0.65,-677.29,-24.71,-162.92,-112.35,4.17
16999,0.29,-136.48,-30.96,-84.58,-111.49,4.49
17000,0.48,-642.90,-28.78,-136.51,-42.30,3.85
17001,0.41,-594.09,-29.40,-187.73,-35.94,3.85
17002,0.28,-575.70,-28.61,-151.88,-108.82,3.85
17003,0.32,-570.82,-31.13,-170.83,-109.83,4.49
17004,0.34,-602.65,-24.14,-132.88,-40.57,4.49
17005,0.53,-931.91,-26.63,-253.59,-35.64,4.49
17006,0.60,-912.70,-26.26,-162.68,-35.55,4.49
17007,0.43,-844.29,-27.24,-177.42,-87.63,4.49
17008,0.63,-1095.24,-27.60,-292.70,-129.94,4.49
17009,0.55,-977.54,-27.80,-255.43,-35.10,4.49
17010,0.91,-816.39,-26.75,-244.16,-38.10,4.49
17011,0.36,-128.80,-21.35,-46.86,-35.30,4.49
17012,0.71,-1009.72,-37.53,-283.67,-111.93,4.49
17013,0.36,-607.78,-24.77,-151.49,-106.67,4.49
17014,1.00,-450.36,-25.80,-92.83,-33.75,4.49
17015,0.31,-591.43,-24.34,-108.74,-28.56,4.49
17016,0.60,-1082.33,-20.38,-215.58,-43.29,4.49
17017,0.65,-1088.53,-23.90,-251.94,-31.41,4.17
17018,0.41,-611.95,-22.14,-144.82,-48.76,4.17
17019,0.70,-1100.90,-33.33,-365.61,-125.49,4.17
17020,0.37,-598.13,-28.61,-125.70,-34.77,4.17
17021,0.41,-124.00,-23.85,-44.42,-32.17,4.17
17022,0.32,-564.77,-27.36,-220.31,-131.63,4.17
17023,0.59,-1021.90,-27.69,-357.08,-34.83,4.17
17024,0.53,-1011.91,-36.66,-280.72,-127.24,4.17
17025,0.31,-564.58,-26.86,-143.88,-112.12,4.17
17026,0.62,-622.01,-31.08,-131.33,-37.65,4.17
17027,0.59,-958.03,-28.19,-264.21,-37.07,4.17
17028,0.39,-473.73,-27.21,-131.39,-108.56,3.85
17029,0.47,-127.43,-30.92,-50.36,-39.65,3.85
17030,0.38,-569.59,-34.51,-136.35,-47.85,3.85
17031,0.50,-868.93,-31.18,-246.44,-36.22,3.85
17032,0.59,-943.68,-23.57,-175.36,-34.27,3.85
17033,0.43,-767.55,-34.38,-260.72,-109.03,4.81
17034,0.51,-772.60,-26.79,-222.30,-38.91,6.09
17035,0.76,-561.92,-31.16,-142.36,-40.71,6.09
17036,0.46,-783.25,-30.79,-144.43,-35.74,6.09
17037,0.45,-598.37,-21.84,-111.25,-31.30,6.09
17038,0.63,-1116.75,-25.33,-272.27,-46.89,5.77
17039,0.64,-1102.38,-28.63,-465.40,-597.27,5.13
17040,0.40,-601.03,-28.64,-139.36,-43.72,5.13
17041,0.43,-807.01,-29.25,-239.24,-44.35,5.13
17042,0.60,-1003.71,-27.70,-169.59,-30.37,5.77
17043,0.43,-602.83,-28.01,-137.52,-41.00,5.77
17044,0.88,-643.73,-27.31,-136.29,-36.32,5.13
17045,0.31,-125.85,-33.28,-50.50,-38.16,4.81
17046,0.35,-113.66,-25.62,-44.51,-33.24,5.13
17047,0.59,-135.34,-33.64,-53.81,-41.34,5.45
17048,0.34,-129.78,-24.56,-63.08,-39.77,5.45
17049,0.64,-606.82,-32.46,-144.12,-71.81,5.45
17050,0.31,-610.98,-23.56,-348.80,-557.03,5.45
17051,0.63,-809.02,-28.85,-255.65,-106.39,5.45
17052,0.50,-834.95,-24.61,-147.07,-33.33,5.45
17053,0.65,-622.08,-27.06,-117.61,-34.67,5.45
17054,0.32,-478.98,-27.63,-131.43,-99.21,5.45
17055,0.40,-655.63,-30.94,-171.68,-111.90,5.45
17056,0.32,-479.78,-27.28,-97.60,-33.75,5.77
17057,0.35,-132.53,-33.26,-53.70,-40.76,5.77
17058,0.37,-610.59,-24.73,-117.22,-35.51,5.77
17059,0.30,-627.26,-23.79,-144.02,-35.18,5.77
17060,0.35,-204.52,-23.47,-67.25,-41.07,6.09
17061,0.39,-127.41,-30.76,-73.72,-43.35,6.09
17062,0.36,-548.08,-28.46,-119.75,-37.43,6.09
17063,0.64,-985.46,-30.41,-246.55,-34.18,6.09
17064,0.45,-623.19,-28.28,-119.45,-37.88,6.09
17065,2.47,-677.53,-28.18,-132.86,-30.62,6.09
17066,0.46,-33.82,-26.86,-30.23,-29.52,5.77
17067,0.37,-87.41,-29.75,-40.83,-32.93,5.77
17068,0.35,-110.24,-27.81,-42.80,-32.88,5.77
17069,0.75,-1166.92,-24.54,-193.55,-31.48,5.77
17070,0.39,-97.38,-29.91,-46.88,-37.92,5.77
17071,0.62,-419.80,-28.92,-86.90,-32.62,5.77
17072,0.37,-613.82,-34.20,-151.48,-70.23,6.73
17073,0.46,-153.95,-29.31,-53.97,-37.96,6.41
17074,0.40,-577.07,-23.40,-112.03,-35.43,6.09
17075,0.45,-151.64,-27.00,-75.57,-53.55,6.09
17076,0.67,-949.97,-25.97,-164.12,-33.92,6.09
17077,0.31,-577.61,-27.81,-184.82,-37.50,6.09
17078,0.59,-593.09,-25.22,-130.41,-43.38,6.09
17079,0.56,-901.09,-28.95,-174.00,-40.00,6.09
17080,0.40,-109.57,-29.34,-43.22,-33.15,6.09
17081,0.43,-114.21,-31.78,-50.88,-40.20,6.09
17082,0.30,-131.98,-24.20,-64.80,-33.64,6.09
17083,0.39,-130.47,-26.54,-47.10,-35.29,6.09
17084,0.32,-98.93,-31.82,-45.53,-36.51,6.09
17085,0.47,-114.98,-25.75,-45.87,-32.80,6.09
17086,0.49,-773.04,-27.88,-139.36,-34.62,6.09
17087,0.41,-596.14,-24.94,-190.17,-44.07,6.09
17088,0.34,-107.05,-25.83,-42.13,-32.89,5.45
17089,0.36,-39.47,-27.85,-33.55,-33.84,4.81
17090,0.66,-979.12,-27.51,-261.63,-44.05,4.81
17091,0.59,-931.89,-25.33,-245.61,-36.95,4.81
17092,0.53,-615.67,-29.83,-205.98,-46.47,4.81
17093,0.52,-883.47,-20.96,-238.31,-36.51,4.81
17094,0.54,-942.04,-23.44,-163.28,-35.38,4.81
17095,0.79,-604.90,-24.11,-205.10,-45.51,4.81
17096,0.31,-126.61,-27.45,-71.96,-37.43,4.81
17097,0.87,-619.23,-29.17,-133.22,-37.03,4.81
17098,0.34,-168.47,-26.40,-76.91,-37.67,5.45
17099,0.58,-966.00,-24.46,-244.32,-34.22,5.45
17100,0.75,-1229.21,-29.61,-216.68,-38.50,5.45
17101,0.36,-107.95,-28.93,-47.01,-39.65,5.45
17102,0.34,-110.28,-27.93,-45.05,-34.35,5.45
17103,0.34,-583.05,-27.45,-258.99,-36.29,5.13
17104,0.41,-111.86,-31.02,-44.67,-32.54,7.05
17105,0.49,-617.74,-37.86,-143.11,-43.88,7.05
17106,0.34,-113.86,-27.66,-45.75,-34.16,7.05
17107,0.38,-541.82,-24.81,-104.73,-31.92,7.05
17108,0.48,-556.79,-29.64,-109.57,-36.65,7.05
17109,0.34,-44.18,-26.18,-34.25,-34.01,7.05
17110,0.87,-821.46,-27.97,-216.46,-49.23,7.05
17111,0.43,-575.89,-28.84,-114.22,-35.64,7.05
17112,0.34,-49.62,-20.18,-32.88,-27.74,7.05
17113,0.40,-126.94,-30.93,-58.32,-33.25,5.13
17114,0.60,-1028.03,-30.25,-338.59,-47.81,5.13
17115,0.52,-126.67,-23.91,-54.99,-31.74,5.45
17116,0.79,-613.73,-31.64,-182.89,-43.86,4.81
17117,0.38,-726.43,-28.07,-246.48,-115.59,4.81
17118,0.71,-1019.30,-26.74,-306.96,-37.52,6.41
17119,0.60,-958.77,-28.86,-179.49,-39.68,6.09
17120,0.83,-464.02,-25.43,-98.09,-36.21,6.09
17121,0.47,-787.53,-27.86,-221.27,-35.11,6.41
17122,0.36,-43.82,-30.13,-35.50,-33.71,6.09
17123,0.38,-123.46,-25.32,-45.61,-32.81,6.09
17124,0.33,-593.39,-28.62,-197.92,-40.15,6.09
17125,0.32,-608.56,-25.68,-136.04,-35.51,6.09
17126,0.34,-622.29,-31.32,-161.50,-41.61,6.09
17127,0.70,-1108.17,-29.70,-190.84,-39.63,6.73
17128,0.66,-886.47,-26.78,-270.50,-44.64,6.73
17129,0.37,-584.72,-28.35,-122.78,-33.88,6.73
17130,0.86,-972.53,-25.50,-178.75,-28.28,6.73
17131,0.62,-1141.05,-24.30,-211.87,-39.05,6.73
17132,0.38,-110.23,-23.39,-41.73,-33.22,6.73
17133,0.36,-611.56,-27.97,-192.55,-36.85,6.73
17134,0.76,-39.11,-23.49,-32.08,-32.76,6.41
17135,0.51,-131.45,-21.17,-66.66,-41.61,6.73
17136,0.39,-613.70,-28.86,-116.46,-32.80,6.41
17137,0.44,-599.69,-23.28,-273.97,-114.31,6.41
17138,0.39,-588.69,-30.88,-118.58,-41.63,6.41
17139,0.80,-162.10,-26.68,-79.74,-47.73,6.41
17140,0.41,-43.91,-24.50,-32.31,-32.46,6.41
17141,0.48,-44.87,-30.12,-36.59,-35.28,6.41
17142,0.34,-121.21,-24.93,-56.15,-35.86,6.41
17143,0.61,-1039.29,-25.60,-250.84,-37.02,6.41
17144,0.75,-1085.00,-25.41,-196.72,-38.28,6.41
17145,0.43,-625.21,-20.46,-210.54,-38.25,6.41
17146,0.46,-625.80,-30.69,-120.41,-35.36,6.41
17147,0.55,-843.14,-26.41,-152.41,-39.54,6.41
17148,0.66,-114.04,-28.20,-48.82,-40.30,6.41
17149,0.94,-1153.65,-27.91,-294.99,-42.52,6.09
17150,0.66,-1062.85,-22.55,-190.65,-32.56,6.09
17151,0.48,-598.60,-17.03,-125.34,-33.35,6.09
17152,0.39,-130.03,-28.00,-45.62,-31.57,6.09
17153,0.65,-1184.42,-27.36,-198.55,-33.49,6.09
17154,0.37,-196.25,-24.12,-73.51,-45.24,6.09
17155,0.36,-594.97,-31.98,-128.71,-40.73,6.09
17156,0.42,-120.56,-30.97,-56.91,-33.81,6.09
17157,0.33,-609.96,-29.37,-132.82,-34.77,6.09
17158,0.50,-39.82,-24.09,-32.32,-32.91,6.09
17159,0.67,-890.80,-23.05,-159.51,-43.63,6.09
17160,0.61,-577.61,-33.19,-129.55,-44.78,6.09
17161,0.62,-583.36,-21.05,-121.62,-38.76,6.09
17162,0.65,-795.25,-26.16,-258.04,-42.57,6.09
17163,0.55,-848.42,-22.96,-151.65,-34.40,4.81
17164,0.72,-1327.60,-29.66,-243.01,-46.87,4.81
17165,1.07,-1223.01,-29.32,-295.92,-37.03,5.13
17166,0.45,-804.54,-31.45,-231.15,-42.15,5.13
17167,0.55,-598.16,-36.08,-207.02,-45.97,5.77
17168,0.64,-615.00,-23.88,-114.71,-28.71,5.77
17169,0.42,-141.00,-20.80,-58.42,-36.29,5.77
17170,0.44,-45.77,-17.46,-33.98,-37.00,5.77
17171,0.63,-1061.52,-28.65,-262.83,-44.10,5.77
17172,0.37,-573.72,-26.66,-110.71,-32.60,5.77
17173,0.80,-564.85,-24.68,-152.26,-33.60,5.45
17174,0.61,-936.02,-29.11,-337.51,-138.27,5.45
17175,0.51,-927.67,-31.90,-259.23,-59.63,5.45
17176,0.55,-632.83,-24.51,-116.38,-30.48,5.45
17177,0.66,-589.47,-28.47,-143.71,-44.99,5.45
17178,0.71,-606.24,-25.50,-116.58,-31.62,5.45
17179,0.33,-133.40,-20.93,-71.32,-52.90,5.45
17180,0.59,-608.39,-24.99,-228.46,-112.11,5.45
17181,0.72,-555.38,-32.18,-200.41,-44.47,5.45
17182,0.62,-628.61,-22.60,-116.84,-34.66,5.45
17183,0.38,-47.09,-27.60,-35.44,-32.63,5.45
17184,0.53,-116.22,-31.69,-68.44,-42.56,5.45
17185,0.57,-565.39,-24.00,-124.60,-41.10,5.45
17186,0.54,-770.35,-28.56,-174.72,-109.14,5.45
17187,0.41,-137.68,-20.59,-54.55,-35.31,5.45
17188,0.64,-134.90,-17.74,-56.87,-34.14,5.45
17189,0.43,-124.00,-23.54,-49.12,-33.83,5.45
17190,0.42,-561.17,-21.37,-136.67,-39.74,5.45
17191,0.65,-1119.20,-27.00,-289.65,-106.77,5.45
17192,0.84,-1268.44,-21.62,-218.49,-28.19,5.45
17193,0.42,-202.78,-25.28,-90.74,-38.69,5.45
17194,0.81,-60.60,-21.33,-37.27,-39.91,5.45
17195,1.00,-1433.03,-30.13,-247.72,-35.18,5.45
17196,0.78,-1039.78,-25.12,-174.17,-27.75,4.81
17197,0.70,-596.94,-36.27,-141.75,-54.29,4.49
17198,0.82,-1357.57,-37.56,-323.03,-54.27,5.77
17199,0.96,-1100.11,-32.42,-264.68,-39.66,5.77
17200,0.69,-127.83,-26.59,-48.49,-37.30,5.77
17201,0.44,-143.31,-27.46,-78.63,-46.87,5.77
17202,0.55,-904.78,-25.19,-170.14,-30.57,5.77
17203,0.41,-114.24,-19.74,-46.38,-35.77,5.77
17204,0.43,-414.10,-28.02,-100.46,-36.95,5.77
17205,0.91,-248.37,-20.99,-69.67,-40.91,5.45
17206,0.64,-576.23,-23.24,-186.38,-38.38,5.45
17207,0.48,-49.63,-24.18,-34.10,-32.80,5.45
17208,0.54,-111.25,-28.16,-45.72,-36.49,5.77
17209,0.52,-614.97,-25.85,-121.35,-36.82,5.77
17210,0.70,-587.93,-25.20,-119.99,-45.05,5.77
17211,0.79,-1241.01,-30.34,-303.53,-41.11,5.77
17212,0.44,-116.17,-25.49,-47.46,-33.06,5.77
17213,0.85,-561.73,-27.89,-170.90,-39.48,5.77
17214,0.64,-555.21,-24.26,-111.37,-33.70,6.73
17215,0.49,-132.24,-26.27,-57.97,-34.16,5.13
17216,0.54,-891.16,-20.93,-263.28,-114.69,5.13
17217,0.45,-601.38,-29.57,-273.14,-109.84,6.41
17218,0.61,-970.90,-21.56,-180.95,-40.26,6.41
17219,0.88,-542.89,-24.33,-151.65,-50.42,6.41
17220,0.79,-467.62,-16.94,-95.42,-35.60,6.41
17221,0.46,-128.07,-29.58,-49.45,-34.80,6.09
17222,0.67,-60.54,-27.80,-35.83,-32.04,6.41
17223,0.48,-179.05,-29.00,-85.13,-52.50,6.41
17224,0.64,-1115.36,-31.48,-276.93,-46.53,6.41
17225,0.46,-558.26,-23.54,-138.41,-41.90,6.41
17226,1.18,-927.06,-22.12,-220.37,-39.33,6.41
17227,0.58,-1012.60,-19.76,-332.88,-124.91,6.41
17228,0.63,-885.69,-24.81,-157.75,-40.05,6.41
17229,0.65,-1191.31,-36.91,-352.78,-132.96,6.41
17230,0.62,-131.86,-26.16,-72.17,-43.46,6.41
17231,0.48,-44.99,-32.96,-38.33,-36.36,6.41
17232,0.44,-140.40,-25.32,-49.05,-33.20,6.41
17233,0.66,-1073.00,-19.73,-319.91,-40.50,7.05
17234,0.38,-562.59,-32.06,-124.13,-37.86,7.05
17235,0.49,-824.70,-25.38,-231.76,-37.48,7.05
17236,0.60,-115.71,-31.55,-71.32,-57.22,7.05
17237,0.65,-911.45,-23.05,-240.27,-38.32,7.05
17238,0.55,-131.46,-29.91,-67.41,-34.93,5.13
17239,0.42,-598.09,-25.55,-211.13,-54.33,5.13
17240,0.59,-972.00,-22.11,-413.60,-574.26,5.13
17241,0.48,-447.96,-24.90,-105.98,-41.47,5.13
17242,0.46,-749.50,-22.98,-371.22,-570.60,5.13
17243,0.44,-608.19,-23.97,-193.79,-37.29,5.13
17244,0.42,-144.35,-24.20,-78.36,-43.00,5.13
17245,0.81,-137.72,-21.66,-54.95,-29.54,5.13
17246,0.69,-620.54,-33.15,-291.54,-72.30,5.13
17247,0.36,-136.24,-24.13,-61.72,-34.19,5.13
17248,0.74,-1148.01,-27.31,-211.09,-33.37,3.53
17249,0.39,-757.02,-21.90,-310.77,-137.52,3.53
17250,0.47,-886.18,-27.02,-175.38,-31.46,3.53
17251,0.61,-1221.49,-23.78,-372.59,-127.72,3.53
17252,0.34,-124.52,-26.03,-56.67,-30.94,3.53
17253,0.42,-619.84,-21.26,-166.02,-112.96,3.53
17254,0.69,-1277.36,-37.24,-541.01,-574.26,3.53
17255,0.65,-889.52,-24.94,-319.32,-116.94,3.53
17256,0.69,-862.46,-23.38,-326.86,-70.05,3.53
17257,0.56,-996.24,-23.51,-351.67,-136.56,3.53
17258,0.56,-1174.21,-28.03,-366.40,-122.14,3.53
17259,0.70,-1040.80,-20.97,-266.78,-48.44,3.53
17260,0.49,-1034.25,-20.74,-343.05,-131.15,3.53
17261,0.63,-1045.98,-19.77,-174.64,-30.47,3.53
17262,0.92,-1278.40,-29.22,-320.94,-135.06,3.53
17263,0.70,-1246.27,-23.43,-608.47,-570.16,3.53
17264,0.66,-946.10,-30.06,-328.77,-134.55,3.53
17265,0.79,-1345.20,-26.15,-393.71,-136.71,3.53
17266,0.34,-34.02,-25.11,-28.90,-27.81,3.53
17267,0.75,-1019.39,-27.14,-336.79,-136.22,3.85
17268,0.53,-1015.88,-26.88,-267.72,-43.42,3.85
17269,0.54,-580.25,-21.46,-124.33,-33.88,4.49
17270,0.65,-1193.47,-24.74,-281.67,-33.62,4.49
17271,0.40,-121.04,-24.69,-56.12,-34.93,4.49
17272,0.33,-609.72,-27.66,-201.78,-39.51,4.17
17273,0.76,-1246.32,-31.77,-360.94,-39.25,4.17
17274,0.55,-965.56,-26.54,-323.24,-36.04,4.17
17275,0.43,-712.51,-30.13,-378.84,-560.46,4.17
17276,0.71,-587.29,-23.63,-296.94,-349.76,4.17
17277,0.47,-785.27,-22.93,-160.05,-33.33,3.85
17278,0.85,-1349.97,-25.61,-246.39,-39.39,3.85
17279,0.37,-113.82,-22.92,-53.94,-36.62,3.53
17280,0.73,-788.02,-28.26,-375.43,-385.13,3.53
17281,0.27,-574.88,-25.57,-236.10,-134.10,3.53
17282,0.38,-599.30,-25.67,-267.83,-33.73,5.13
17283,0.69,-901.12,-21.74,-382.52,-471.09,5.13
17284,0.50,-949.03,-21.91,-180.54,-32.06,5.13
17285,0.62,-112.92,-29.86,-57.47,-34.29,4.17
17286,0.82,-573.97,-23.99,-184.80,-33.95,4.17
17287,0.70,-923.99,-26.57,-257.33,-80.64,4.17
17288,0.35,-612.07,-27.48,-271.93,-29.35,4.17
17289,0.34,-141.77,-28.23,-73.92,-42.66,4.17
17290,0.32,-611.23,-24.15,-202.18,-34.16,4.17
17291,0.35,-618.63,-23.38,-142.24,-29.95,3.85
17292,0.71,-768.00,-18.48,-222.81,-35.33,3.85
17293,0.97,-936.15,-22.58,-261.38,-110.92,3.85
17294,0.45,-145.07,-26.02,-49.92,-35.73,3.85
17295,0.65,-990.52,-29.98,-465.15,-574.55,4.17
17296,0.37,-617.87,-16.86,-137.19,-31.62,4.17
17297,0.79,-869.70,-25.44,-149.27,-29.60,4.17
17298,0.82,-607.87,-28.72,-270.00,-45.05,4.17
17299,0.78,-1169.97,-24.24,-520.29,-592.48,4.17
17300,0.66,-1130.85,-24.48,-278.57,-35.03,4.17
17301,0.71,-992.30,-30.57,-312.74,-34.04,4.17
17302,0.54,-728.81,-34.71,-388.04,-565.92,4.17
17303,0.81,-1392.37,-30.13,-413.91,-41.84,4.17
17304,0.41,-757.50,-32.73,-259.61,-134.12,4.17
17305,0.46,-808.72,-17.58,-166.86,-45.48,3.53
17306,0.34,-605.79,-23.00,-136.97,-38.69,3.53
17307,0.72,-901.32,-17.04,-228.00,-29.10,3.53
17308,0.68,-889.14,-27.99,-481.22,-656.75,3.21
17309,0.51,-787.43,-33.21,-245.02,-113.15,3.21
17310,0.65,-608.25,-22.55,-202.22,-39.79,3.21
17311,1.00,-683.86,-22.62,-249.38,-123.64,3.21
17312,0.53,-942.39,-31.58,-255.83,-36.41,4.17
17313,0.30,-603.81,-29.23,-136.90,-37.75,4.17
17314,0.38,-46.54,-24.38,-31.78,-28.30,4.17
17315,0.61,-884.28,-28.23,-167.45,-36.60,4.17
17316,0.55,-1023.94,-20.57,-268.61,-38.06,4.17
17317,0.48,-728.33,-28.76,-148.97,-35.71,4.17
17318,0.52,-770.39,-29.38,-139.53,-31.69,4.17
17319,0.64,-1130.54,-23.72,-212.51,-36.13,4.49
17320,0.54,-985.00,-30.04,-216.25,-84.25,4.49
17321,0.59,-907.91,-25.96,-271.12,-132.72,4.49
17322,0.53,-939.94,-24.86,-160.65,-32.02,4.49
17323,0.42,-669.84,-29.60,-196.10,-43.92,4.49
17324,0.31,-552.40,-18.25,-125.34,-35.84,4.49
17325,0.32,-630.10,-21.32,-124.03,-35.15,4.49
17326,0.69,-1155.35,-25.90,-383.51,-35.90,3.85
17327,0.47,-812.65,-29.90,-334.75,-128.61,3.85
17328,0.38,-708.44,-17.26,-207.38,-29.74,5.13
17329,0.34,-35.12,-22.93,-29.19,-27.95,5.13
17330,0.67,-1119.66,-27.43,-269.29,-31.88,5.13
17331,0.39,-682.99,-23.60,-279.06,-32.22,5.13
17332,0.49,-563.69,-22.06,-218.85,-48.02,4.81
17333,0.31,-632.28,-26.83,-217.69,-113.51,4.81
17334,0.47,-621.95,-20.81,-119.33,-37.46,4.81
17335,0.33,-583.31,-25.59,-124.98,-31.63,4.81
17336,0.42,-130.60,-23.17,-41.96,-27.19,5.13
17337,0.80,-842.90,-32.46,-203.09,-37.55,5.13
17338,0.32,-549.30,-23.03,-135.49,-100.13,5.13
17339,0.48,-139.00,-24.63,-45.86,-30.01,5.13
17340,0.89,-1253.76,-24.97,-341.92,-28.84,5.13
17341,0.39,-558.35,-24.53,-135.19,-31.85,5.13
17342,0.42,-771.06,-31.29,-262.71,-122.70,5.13
17343,0.32,-140.80,-25.14,-46.97,-31.03,3.85
17344,0.67,-959.55,-19.54,-294.87,-30.52,4.17
17345,0.74,-1126.96,-28.54,-322.88,-107.70,4.17
17346,0.30,-598.74,-24.38,-110.40,-31.50,4.17
17347,0.30,-594.49,-29.70,-189.43,-32.61,4.49
17348,0.64,-1007.89,-21.74,-201.44,-39.18,4.49
17349,0.60,-1035.83,-26.64,-351.00,-137.23,4.49
17350,0.30,-595.19,-22.62,-200.66,-31.57,4.49
17351,0.89,-598.93,-15.84,-255.43,-98.10,4.49
17352,0.48,-814.38,-26.77,-228.31,-46.57,4.49
17353,0.99,-840.79,-22.71,-439.43,-569.61,4.49
17354,0.34,-206.58,-23.43,-57.73,-34.44,4.17
17355,0.52,-883.16,-28.44,-246.36,-36.43,4.17
17356,0.63,-954.92,-26.47,-378.76,-117.86,4.17
17357,0.44,-771.65,-28.73,-308.39,-113.25,4.17
17358,0.76,-407.01,-24.06,-90.13,-32.93,4.17
17359,0.62,-862.38,-32.78,-329.57,-138.36,4.17
17360,0.80,-1345.15,-34.76,-631.17,-615.21,4.17
17361,0.92,-1656.49,-30.46,-437.19,-109.40,4.17
17362,0.77,-340.25,-33.65,-91.26,-36.16,4.17
17363,0.32,-165.54,-24.80,-57.05,-35.98,4.17
17364,0.31,-569.49,-22.14,-193.44,-38.40,4.17
17365,0.30,-129.20,-28.53,-67.79,-34.08,4.17
17366,0.62,-1175.51,-25.26,-292.64,-44.86,4.17
17367,0.36,-587.82,-22.61,-124.75,-36.00,4.17
17368,0.30,-130.20,-26.44,-57.33,-35.39,4.17
17369,0.79,-1258.78,-22.02,-385.29,-130.31,4.17
17370,0.76,-601.68,-27.41,-127.68,-31.53,4.17
17371,0.63,-1045.16,-26.06,-394.40,-134.89,4.17
17372,0.57,-1083.55,-27.03,-271.22,-41.68,4.17
17373,0.56,-1155.40,-25.59,-276.61,-32.78,4.17
17374,0.76,-1171.79,-24.34,-408.61,-107.65,4.17
17375,0.56,-1024.50,-22.91,-195.03,-36.81,4.49
17376,0.74,-1564.04,-21.43,-415.29,-111.36,3.85
17377,0.49,-773.37,-27.48,-222.65,-35.83,4.17
17378,1.01,-928.07,-24.73,-407.89,-336.63,4.17
17379,0.29,-188.37,-21.23,-82.20,-79.36,3.53
17380,0.88,-613.10,-31.22,-206.49,-129.51,4.17
17381,0.32,-615.27,-25.15,-195.60,-34.22,3.85
17382,0.28,-587.46,-26.44,-153.55,-124.81,3.85
17383,0.77,-1391.99,-25.83,-484.05,-577.33,3.85
17384,0.58,-1029.94,-19.45,-338.29,-108.36,3.85
17385,0.37,-583.91,-28.30,-139.30,-64.69,3.85
17386,0.71,-1325.12,-24.57,-294.84,-34.89,3.85
17387,0.34,-576.06,-31.59,-280.82,-129.58,3.85
17388,0.30,-74.73,-26.05,-36.45,-29.39,4.49
17389,0.46,-177.01,-34.13,-92.13,-111.66,4.49
17390,0.40,-619.60,-27.24,-139.25,-36.92,4.81
17391,0.38,-599.27,-23.17,-189.05,-34.13,5.13
17392,0.31,-125.88,-26.03,-45.15,-29.04,5.13
17393,0.60,-978.60,-28.21,-297.79,-36.35,5.13
17394,0.55,-942.21,-22.15,-173.47,-34.28,5.13
17395,0.60,-816.01,-33.95,-267.99,-38.94,3.85
17396,0.31,-562.33,-25.01,-147.12,-110.38,3.85
17397,0.30,-580.99,-24.32,-135.10,-35.51,3.53
17398,0.50,-601.75,-26.83,-191.96,-113.88,3.53
17399,0.76,-1164.02,-30.60,-356.61,-40.21,3.53
17400,0.50,-869.88,-32.04,-318.91,-107.21,3.85
17401,0.64,-832.01,-28.59,-286.41,-141.54,3.85
17402,0.51,-853.44,-20.75,-228.68,-29.14,4.49
17403,0.36,-579.96,-22.21,-196.90,-33.85,4.49
17404,0.68,-855.56,-25.50,-173.51,-33.40,4.49
17405,0.46,-767.70,-28.51,-390.29,-574.72,4.49
17406,0.47,-607.47,-25.84,-129.54,-33.08,4.49
17407,0.43,-122.94,-26.85,-55.00,-30.50,4.49
17408,0.49,-749.92,-25.32,-290.81,-36.10,4.49
17409,0.59,-1010.16,-27.44,-314.99,-110.81,4.49
17410,0.47,-820.91,-27.06,-219.44,-30.97,4.49
17411,0.34,-38.47,-22.94,-30.68,-29.50,4.49
17412,0.53,-1031.29,-25.22,-265.24,-34.76,4.49
17413,0.59,-615.46,-21.12,-123.54,-34.02,4.49
17414,0.52,-978.95,-24.74,-180.65,-38.57,4.49
17415,0.37,-100.91,-25.42,-40.82,-29.12,4.81
17416,0.73,-457.88,-28.03,-125.22,-91.69,4.17
17417,0.52,-863.12,-33.46,-263.99,-130.24,3.53
17418,0.43,-596.52,-26.86,-281.69,-105.75,4.17
17419,0.74,-511.72,-24.29,-133.11,-33.16,3.53
17420,0.75,-572.44,-25.77,-336.24,-515.36,3.53
17421,0.68,-741.88,-21.88,-306.69,-112.85,3.53
17422,0.31,-566.67,-26.08,-180.60,-30.75,3.53
17423,0.32,-565.21,-25.41,-129.36,-32.53,4.49
17424,0.38,-402.58,-24.81,-108.75,-32.87,4.81
17425,0.69,-924.76,-23.74,-198.82,-110.79,4.81
17426,0.31,-39.83,-26.97,-32.84,-32.43,4.81
17427,0.80,-576.70,-25.64,-179.78,-31.94,4.81
17428,0.32,-98.34,-24.67,-42.17,-32.66,4.17
17429,0.78,-1269.47,-21.15,-428.66,-48.29,4.17
17430,0.39,-605.84,-25.01,-231.85,-170.75,4.17
17431,0.81,-561.48,-27.29,-342.97,-476.66,4.17
17432,0.35,-143.89,-33.77,-101.51,-120.90,4.17
17433,0.43,-722.78,-21.11,-154.41,-32.08,4.17
17434,0.34,-627.79,-23.33,-280.09,-36.23,4.49
17435,0.36,-40.29,-27.60,-31.17,-29.61,4.49
17436,0.88,-1392.38,-23.94,-312.85,-30.25,4.49
17437,0.32,-610.51,-27.04,-196.95,-38.74,4.49
17438,0.46,-122.93,-21.50,-45.55,-34.83,4.49
17439,0.51,-935.68,-25.65,-182.55,-35.57,4.49
17440,0.50,-775.45,-27.66,-163.40,-32.61,5.13
17441,0.35,-393.53,-25.77,-83.08,-29.76,4.49
17442,0.35,-397.40,-25.36,-111.66,-32.24,4.49
17443,0.30,-582.82,-21.25,-143.88,-96.66,4.49
17444,0.41,-776.37,-27.55,-138.34,-32.23,5.77
17445,0.43,-129.34,-21.60,-48.39,-31.41,6.09
17446,0.31,-135.83,-24.94,-43.99,-25.95,6.09
17447,0.78,-1183.34,-26.98,-410.74,-34.66,6.09
17448,0.52,-828.81,-27.94,-145.93,-33.19,6.09
17449,0.38,-610.10,-20.40,-112.10,-28.81,6.09
17450,0.53,-846.73,-24.10,-146.89,-32.28,6.09
17451,0.88,-1207.80,-17.95,-377.49,-34.98,6.09
17452,0.33,-125.05,-27.16,-66.71,-30.97,6.09
17453,0.46,-35.49,-28.29,-32.10,-32.82,3.53
17454,0.73,-596.79,-27.86,-191.99,-30.60,3.53
17455,2.54,-722.27,-20.01,-162.53,-106.52,3.53
17456,0.47,-624.55,-25.93,-207.24,-48.12,4.17
17457,0.65,-1124.44,-29.55,-301.23,-128.30,3.53
17458,0.78,-1203.42,-31.92,-340.21,-43.65,3.53
17459,0.43,-129.09,-30.49,-73.01,-42.88,4.17
17460,0.57,-1132.07,-23.53,-414.51,-515.95,4.17
17461,0.36,-567.15,-25.66,-168.29,-124.31,4.17
17462,0.93,-497.88,-28.78,-152.43,-141.71,4.17
17463,0.45,-901.31,-27.89,-279.99,-127.73,4.17
17464,0.82,-1271.20,-19.91,-423.22,-123.56,4.17
17465,0.40,-114.34,-26.26,-53.73,-30.47,4.49
17466,0.54,-603.21,-34.73,-284.58,-129.60,4.49
17467,0.32,-602.05,-30.19,-189.56,-31.20,4.49
17468,0.87,-1178.40,-28.79,-592.22,-587.93,4.49
17469,0.32,-558.44,-24.77,-108.00,-34.15,4.49
17470,0.64,-617.94,-28.13,-137.45,-33.10,4.49
17471,0.64,-820.82,-21.34,-148.09,-35.23,5.45
17472,0.59,-634.92,-29.25,-201.91,-33.00,5.45
17473,0.35,-130.39,-22.70,-71.02,-30.92,5.45
17474,0.34,-40.04,-23.14,-30.30,-30.31,5.13
17475,0.34,-38.35,-22.60,-30.76,-31.90,4.81
17476,0.63,-582.90,-26.63,-168.79,-116.32,4.81
17477,0.41,-614.90,-21.09,-128.56,-36.55,4.81
17478,0.43,-562.29,-25.81,-185.33,-35.29,4.81
17479,1.00,-615.43,-25.84,-246.42,-132.88,4.81
17480,0.32,-621.39,-27.60,-281.47,-111.36,4.81
17481,0.72,-630.90,-27.87,-142.45,-31.95,3.85
17482,1.00,-689.94,-23.64,-356.57,-460.51,3.85
17483,0.63,-1187.72,-22.95,-291.37,-86.00,3.85
17484,0.34,-43.60,-28.28,-32.01,-30.89,3.53
17485,0.35,-617.17,-28.30,-143.26,-35.01,3.53
17486,0.33,-627.98,-24.34,-127.45,-32.48,3.53
17487,0.69,-1179.04,-23.32,-317.66,-31.92,3.53
17488,0.30,-574.48,-28.68,-195.30,-44.16,3.53
17489,0.74,-615.63,-34.56,-308.86,-130.42,3.53
17490,0.46,-895.87,-31.78,-181.57,-52.00,3.53
17491,0.80,-945.08,-29.07,-305.35,-48.13,3.53
17492,0.29,-572.65,-27.97,-149.07,-91.89,3.53
17493,2.37,-642.34,-27.97,-209.52,-33.69,3.53
17494,0.39,-733.42,-22.35,-225.61,-33.51,3.53
17495,0.93,-810.42,-26.86,-369.21,-543.66,3.53
17496,0.76,-1177.47,-27.13,-399.48,-126.00,3.53
17497,0.32,-610.41,-19.89,-291.07,-136.32,4.81
17498,1.01,-1024.73,-30.25,-341.31,-110.49,4.81
17499,0.42,-125.15,-28.81,-60.34,-35.24,4.81
17500,0.61,-1097.98,-19.97,-192.21,-29.92,4.81
17501,0.75,-1344.47,-15.73,-373.46,-34.66,4.81
17502,0.32,-616.72,-24.24,-230.96,-110.21,4.81
17503,0.50,-815.13,-27.03,-144.69,-35.63,4.81
17504,0.30,-127.02,-17.73,-55.92,-32.01,4.81
17505,0.64,-1065.93,-30.59,-376.74,-248.34,5.13
17506,0.42,-642.00,-24.23,-126.62,-36.33,5.13
17507,0.72,-1316.19,-16.61,-504.91,-584.23,5.13
17508,0.31,-632.44,-24.21,-222.19,-111.52,5.13
17509,0.50,-930.36,-29.35,-316.40,-35.74,5.13
17510,0.41,-136.77,-26.57,-57.63,-31.52,4.49
17511,0.49,-584.16,-25.96,-123.03,-36.71,4.49
17512,0.38,-560.12,-26.74,-158.76,-123.03,4.81
17513,0.43,-807.42,-24.54,-141.12,-29.87,4.81
17514,0.41,-602.20,-20.05,-130.28,-29.33,4.17
17515,0.80,-809.63,-23.98,-297.60,-34.32,4.17
17516,0.45,-616.32,-23.59,-112.80,-30.61,4.49
17517,0.42,-31.05,-21.04,-27.06,-27.60,4.49
17518,0.30,-575.80,-23.53,-233.22,-115.38,4.49
17519,0.85,-608.54,-20.71,-220.29,-62.69,4.49
17520,0.55,-878.75,-22.57,-316.00,-110.92,4.17
17521,0.38,-667.04,-19.84,-191.77,-26.18,3.53
17522,0.41,-744.34,-24.34,-225.01,-28.70,3.53
17523,0.46,-807.40,-26.67,-392.13,-538.56,3.53
17524,0.29,-136.78,-21.11,-55.76,-29.50,3.53
17525,0.44,-798.55,-21.54,-268.18,-112.88,3.53
17526,0.38,-654.99,-21.06,-130.11,-31.08,3.53
17527,0.30,-589.06,-26.02,-123.11,-30.72,4.17
17528,0.67,-863.46,-22.30,-238.52,-31.36,4.17
17529,0.51,-759.13,-23.51,-207.72,-29.99,4.17
17530,0.56,-674.77,-17.62,-198.63,-24.47,3.53
17531,0.99,-745.88,-24.28,-258.07,-153.14,3.53
17532,0.34,-605.44,-19.34,-209.41,-83.12,3.53
17533,0.35,-640.87,-24.10,-202.49,-27.40,3.53
17534,0.43,-677.53,-16.49,-294.24,-237.36,3.53
17535,0.56,-1006.82,-21.16,-256.00,-29.40,3.53
17536,0.56,-1002.42,-22.58,-380.42,-272.51,3.53
17537,0.70,-1290.37,-24.26,-433.23,-118.87,3.53
17538,0.49,-939.29,-21.79,-294.33,-30.04,3.53
17539,0.44,-558.18,-21.48,-184.59,-111.47,3.53
17540,0.52,-899.82,-25.82,-276.01,-110.80,4.17
17541,0.72,-703.90,-19.11,-139.28,-28.97,4.17
17542,1.43,-616.36,-20.60,-293.62,-267.94,4.17
17543,0.74,-35.88,-21.07,-28.21,-28.72,4.81
17544,0.56,-888.73,-15.76,-353.05,-29.36,4.81
17545,0.46,-605.76,-24.99,-110.87,-29.12,4.81
17546,0.47,-569.57,-21.98,-104.67,-26.90,5.13
17547,0.55,-894.51,-24.64,-279.27,-110.56,5.13
17548,0.51,-805.96,-26.33,-342.42,-155.61,4.17
17549,0.71,-633.63,-21.06,-426.61,-575.93,4.17
17550,0.30,-130.16,-25.94,-55.89,-31.27,4.17
17551,0.97,-483.55,-20.66,-164.00,-107.12,4.17
17552,0.33,-619.87,-24.13,-113.12,-26.92,4.17
17553,1.36,-844.01,-20.23,-254.19,-27.46,3.53
17554,0.49,-841.26,-15.46,-248.05,-70.77,3.53
17555,0.70,-1077.07,-26.79,-276.98,-131.95,4.17
17556,1.15,-566.64,-24.38,-242.85,-34.22,4.17
17557,0.30,-604.90,-24.56,-216.65,-113.25,5.13
17558,0.40,-638.45,-23.48,-217.78,-111.65,5.13
17559,0.61,-971.53,-20.33,-186.88,-34.39,5.13
17560,0.32,-110.71,-21.06,-37.47,-26.38,5.13
17561,0.44,-803.74,-26.76,-225.29,-31.54,5.13
17562,0.31,-585.78,-21.69,-124.15,-28.41,5.13
17563,0.48,-784.49,-20.78,-250.69,-25.72,5.13
17564,0.73,-630.47,-20.14,-149.25,-29.76,5.13
17565,0.37,-126.80,-22.21,-54.21,-30.77,5.13
17566,0.37,-656.05,-26.34,-215.53,-65.96,5.13
17567,0.33,-289.27,-19.71,-79.77,-31.31,5.13
17568,0.41,-607.95,-23.42,-143.10,-76.72,5.13
17569,0.38,-133.93,-21.43,-58.66,-33.38,5.13
17570,0.34,-572.58,-19.07,-106.83,-29.79,5.13
17571,0.33,-570.42,-22.51,-139.71,-28.57,4.81
17572,0.53,-905.20,-20.10,-256.56,-23.45,4.81
17573,0.78,-910.94,-24.99,-167.35,-30.44,4.81
17574,0.43,-826.26,-19.37,-151.00,-25.70,4.49
17575,0.33,-347.71,-24.94,-85.86,-29.79,4.49
17576,0.53,-587.63,-21.84,-191.02,-28.00,2.88
17577,0.80,-442.58,-22.73,-226.90,-201.09,2.88
17578,0.76,-524.39,-30.44,-291.56,-286.66,2.88
17579,0.27,-534.76,-33.39,-267.66,-108.83,2.88
17580,0.37,-574.49,-26.64,-312.06,-425.19,2.88
17581,0.50,-540.44,-25.32,-352.44,-418.99,2.88
17582,0.35,-634.14,-28.34,-354.78,-438.60,2.88
17583,0.63,-571.29,-25.28,-342.69,-369.87,2.88
17584,0.38,-457.04,-27.91,-131.64,-86.51,2.88
17585,0.44,-527.91,-25.70,-211.73,-42.55,4.49
17586,0.67,-1326.93,-24.96,-352.40,-31.74,4.49
17587,0.97,-854.59,-23.08,-295.56,-117.58,4.49
17588,0.40,-577.84,-24.51,-107.10,-29.70,4.49
17589,0.42,-112.19,-22.82,-37.51,-25.38,4.49
17590,0.79,-1178.75,-19.23,-353.36,-28.65,4.17
17591,0.55,-978.94,-24.84,-195.76,-28.36,3.53
17592,0.42,-563.11,-24.15,-193.29,-32.84,3.53
17593,0.39,-594.45,-19.49,-132.50,-30.20,3.53
17594,0.85,-1637.98,-23.89,-530.25,-25.07,3.85
17595,0.78,-877.16,-26.12,-335.17,-205.62,3.85
17596,0.46,-839.26,-23.88,-231.39,-43.92,4.17
17597,0.54,-32.18,-22.57,-27.59,-27.98,3.85
17598,0.88,-1040.57,-29.93,-445.55,-170.82,3.85
17599,0.49,-853.34,-24.42,-168.62,-26.85,3.85
17600,0.69,-897.51,-17.79,-352.11,-29.02,3.53
17601,0.47,-854.22,-21.34,-218.89,-28.15,4.49
17602,0.61,-864.50,-24.49,-452.38,-559.18,4.49
17603,0.81,-683.81,-30.55,-191.66,-33.65,4.49
17604,0.51,-939.85,-23.19,-297.48,-24.59,4.49
17605,0.42,-569.77,-21.68,-104.93,-31.32,4.49
17606,0.48,-849.62,-26.05,-452.47,-595.22,3.85
17607,0.45,-920.68,-19.55,-154.10,-27.90,3.85
17608,0.39,-599.33,-22.09,-190.42,-131.89,3.85
17609,0.85,-863.52,-27.58,-394.41,-279.10,3.21
17610,0.44,-551.45,-20.23,-165.41,-25.72,3.21
17611,0.49,-816.68,-20.35,-296.49,-149.09,3.21
17612,0.68,-1047.10,-17.72,-377.93,-195.36,3.21
17613,0.36,-631.05,-27.51,-172.44,-111.06,3.21
17614,0.45,-780.83,-22.87,-267.77,-77.99,3.21
17615,0.73,-557.00,-21.43,-196.78,-129.22,3.21
17616,0.36,-682.79,-22.12,-253.46,-112.84,3.21
17617,0.38,-776.97,-26.06,-315.63,-133.29,3.21
17618,0.35,-645.55,-19.69,-246.23,-130.61,3.85
17619,0.50,-923.31,-23.69,-284.95,-48.31,3.85
17620,0.70,-616.84,-23.69,-288.31,-135.67,3.85
17621,0.87,-1130.90,-20.24,-525.67,-591.28,3.85
17622,0.60,-1022.06,-24.55,-291.19,-118.20,3.85
17623,0.41,-746.58,-26.07,-373.61,-547.32,3.85
17624,0.56,-866.22,-19.25,-254.64,-23.56,3.85
17625,0.29,-615.16,-21.83,-135.16,-26.39,3.85
17626,0.30,-533.59,-21.63,-112.81,-30.04,3.85
17627,0.52,-793.20,-20.49,-402.86,-561.67,4.17
17628,0.33,-593.02,-17.46,-115.92,-34.65,3.53
17629,0.30,-570.40,-13.37,-128.36,-38.16,3.53
17630,0.87,-339.60,-26.94,-134.54,-112.16,3.53
17631,0.92,-834.12,-27.38,-315.63,-158.77,2.88
17632,0.96,-1138.50,-26.82,-378.52,-301.84,2.88
17633,0.63,-1136.89,-22.87,-419.65,-408.34,2.88
17634,0.49,-839.34,-23.60,-389.00,-582.38,2.88
17635,0.66,-1008.33,-26.54,-375.82,-140.41,2.88
17636,0.28,-575.31,-25.81,-228.86,-141.41,3.21
17637,0.87,-796.81,-23.74,-317.86,-114.45,3.21
17638,0.71,-571.52,-21.56,-124.00,-28.48,3.21
17639,0.59,-974.71,-24.75,-196.78,-98.76,3.21
17640,0.36,-660.39,-19.87,-210.35,-32.13,3.21
17641,0.58,-1112.52,-23.57,-503.23,-666.00,3.21
17642,0.78,-771.03,-26.57,-302.82,-127.39,3.21
17643,0.60,-1036.05,-25.85,-371.74,-162.25,3.85
17644,0.40,-29.74,-18.08,-23.80,-24.46,4.17
17645,0.83,-1029.78,-19.32,-492.62,-562.99,4.17
17646,0.67,-556.23,-23.66,-103.28,-26.91,4.17
17647,0.52,-932.01,-20.94,-435.30,-565.79,4.17
17648,0.84,-809.26,-24.04,-205.94,-28.93,4.17
17649,0.45,-585.61,-22.11,-175.04,-27.92,3.85
17650,0.38,-641.74,-22.07,-172.14,-111.44,3.85
17651,0.34,-325.36,-21.96,-97.32,-31.64,4.17
17652,0.58,-818.17,-19.66,-182.89,-27.68,4.17
17653,0.49,-884.47,-22.42,-244.42,-33.36,4.49
17654,0.35,-103.07,-25.06,-38.31,-27.92,4.49
17655,0.50,-817.58,-21.46,-276.20,-30.15,4.49
17656,0.31,-586.63,-19.97,-194.63,-25.48,4.81
17657,0.56,-917.06,-24.28,-186.46,-31.17,4.81
17658,0.55,-698.00,-11.41,-154.78,-26.04,4.81
17659,0.32,-553.68,-26.57,-104.00,-29.62,4.81
17660,0.51,-960.41,-24.12,-396.91,-559.40,4.81
17661,0.39,-559.23,-21.03,-102.14,-26.29,4.81
17662,0.62,-281.09,-24.11,-91.89,-31.25,4.81
17663,0.37,-649.60,-23.22,-269.12,-33.16,4.81
17664,0.33,-296.61,-23.09,-110.20,-113.69,4.81
17665,0.65,-950.93,-23.82,-321.81,-112.28,4.81
17666,0.87,-1156.42,-22.72,-508.92,-590.06,4.81
17667,0.38,-600.96,-21.13,-306.85,-191.78,4.81
17668,0.52,-861.83,-26.24,-146.39,-27.24,4.81
17669,0.30,-600.24,-23.64,-203.78,-77.89,4.81
17670,0.31,-110.16,-25.77,-42.55,-30.92,4.49
17671,0.45,-791.15,-21.20,-219.35,-28.13,4.49
17672,0.32,-129.15,-16.87,-53.08,-30.12,4.49
17673,0.38,-549.89,-24.85,-113.50,-29.65,4.49
17674,0.56,-907.80,-20.19,-302.29,-29.33,4.17
17675,0.29,-224.82,-22.95,-90.11,-74.56,4.17
17676,0.72,-557.87,-21.20,-177.87,-32.53,4.17
17677,0.67,-662.25,-20.74,-235.48,-113.35,3.85
17678,0.62,-128.54,-21.58,-42.32,-30.79,3.85
17679,0.46,-891.98,-18.37,-239.74,-28.78,3.85
17680,0.54,-949.73,-20.12,-443.52,-383.83,3.85
17681,0.42,-246.42,-22.18,-84.35,-26.72,4.81
17682,0.48,-624.50,-20.56,-122.93,-29.59,4.81
17683,0.97,-148.52,-22.79,-66.60,-32.31,4.81
17684,0.47,-289.57,-27.08,-99.32,-52.04,4.49
17685,0.30,-569.44,-24.26,-130.71,-29.20,4.49
17686,0.49,-849.11,-27.10,-238.13,-32.25,4.49
17687,1.00,-675.37,-22.78,-132.84,-32.46,4.49
17688,0.57,-1009.43,-18.42,-254.96,-137.37,4.49
17689,0.30,-265.04,-20.21,-116.39,-112.27,4.49
17690,1.23,-419.84,-19.78,-119.52,-26.30,4.49
17691,1.10,-1451.24,-21.07,-437.73,-129.80,4.49
17692,0.58,-1020.54,-27.75,-181.45,-28.77,4.49
17693,0.53,-360.75,-21.27,-90.56,-33.27,4.49
17694,0.43,-614.66,-19.72,-186.12,-75.01,4.49
17695,0.81,-644.43,-26.04,-132.95,-28.70,4.49
17696,0.32,-132.37,-20.27,-67.01,-39.81,4.49
17697,0.48,-850.43,-27.10,-165.36,-62.99,4.49
17698,0.33,-287.60,-27.18,-108.36,-31.98,4.49
17699,0.57,-564.91,-23.55,-231.88,-114.36,3.85
17700,0.26,-578.41,-22.47,-233.49,-133.97,3.85
17701,0.73,-1028.89,-23.41,-260.08,-24.06,3.85
17702,0.70,-1179.19,-28.44,-264.77,-32.80,3.85
17703,0.39,-385.77,-25.31,-137.13,-108.86,3.53
17704,0.55,-1015.11,-21.79,-332.04,-139.51,4.17
17705,0.31,-565.98,-23.41,-255.97,-30.92,4.49
17706,1.64,-947.78,-28.26,-396.81,-348.13,4.49
17707,0.45,-391.52,-24.25,-95.13,-33.03,4.49
17708,0.55,-1098.91,-15.97,-266.05,-34.32,4.49
17709,0.56,-922.15,-21.63,-421.44,-135.35,4.49
17710,0.40,-133.54,-21.81,-54.88,-33.66,5.13
17711,0.48,-542.46,-23.57,-101.28,-27.35,5.13
17712,0.46,-769.46,-24.92,-307.15,-336.90,5.13
17713,0.38,-74.94,-21.15,-38.44,-25.86,5.13
17714,0.30,-583.35,-19.41,-152.86,-26.27,5.13
17715,0.46,-85.90,-22.14,-36.50,-28.92,4.17
17716,0.70,-583.05,-25.74,-216.55,-134.28,4.17
17717,0.48,-555.00,-16.61,-158.61,-113.14,3.85
17718,0.29,-584.71,-19.75,-195.09,-35.03,4.17
17719,0.31,-566.61,-24.62,-131.97,-31.45,4.17
17720,0.33,-606.52,-20.74,-205.61,-32.67,4.17
17721,0.40,-112.93,-22.08,-42.44,-32.14,3.53
17722,0.39,-691.62,-26.13,-235.13,-111.60,3.53
17723,0.44,-834.09,-22.52,-264.79,-114.63,3.53
17724,0.93,-891.93,-27.06,-330.86,-34.62,3.53
17725,0.93,-947.33,-20.82,-222.96,-111.10,3.53
17726,0.85,-590.52,-26.66,-268.78,-165.86,4.49
17727,0.49,-111.46,-20.57,-42.86,-30.67,4.49
17728,0.39,-602.26,-18.25,-108.30,-26.29,4.49
17729,0.67,-605.47,-25.89,-123.15,-29.94,4.49
17730,0.30,-633.98,-23.93,-152.41,-77.70,4.49
17731,0.48,-719.65,-18.64,-210.97,-37.47,4.49
17732,0.45,-770.47,-22.30,-163.10,-32.26,4.49
17733,0.43,-739.04,-23.47,-201.92,-29.06,4.49
17734,0.56,-987.78,-21.36,-302.70,-110.84,4.49
17735,1.13,-377.73,-19.53,-130.26,-31.31,4.49
17736,0.84,-1014.20,-27.03,-403.74,-330.38,4.17
17737,0.73,-1214.72,-25.76,-338.76,-128.89,4.17
17738,0.55,-133.31,-20.62,-53.39,-29.46,3.85
17739,0.52,-772.33,-26.87,-326.12,-110.17,3.85
17740,0.88,-648.97,-23.72,-131.24,-29.15,3.85
17741,0.41,-627.72,-22.60,-301.13,-136.54,3.85
17742,0.57,-563.32,-17.51,-193.03,-27.96,4.17
17743,0.39,-139.26,-22.96,-60.27,-35.72,4.17
17744,0.29,-618.60,-24.08,-158.00,-130.23,3.85
17745,0.32,-572.15,-20.35,-161.00,-31.44,3.53
17746,0.61,-866.76,-21.65,-415.19,-572.58,3.53
17747,0.48,-802.48,-19.04,-436.79,-555.18,3.21
17748,0.55,-832.06,-25.46,-376.29,-367.25,3.53
17749,0.37,-695.63,-25.13,-197.43,-112.75,3.53
17750,0.38,-672.63,-19.99,-229.92,-133.31,3.21
17751,0.40,-715.25,-19.46,-261.76,-130.71,3.21
17752,0.60,-809.28,-17.67,-307.09,-130.72,3.21
17753,0.47,-892.20,-23.80,-275.82,-140.03,3.21
17754,0.87,-1118.43,-28.97,-544.94,-525.21,3.21
17755,0.46,-773.49,-26.39,-161.42,-37.81,3.21
17756,1.05,-625.97,-21.29,-304.31,-235.46,3.21
17757,0.50,-858.54,-24.29,-356.45,-314.98,3.21
17758,1.02,-954.26,-23.36,-314.00,-113.87,2.88
17759,0.52,-655.87,-30.89,-216.71,-94.37,3.21
17760,0.50,-918.92,-24.84,-254.94,-70.27,3.21
17761,0.36,-659.06,-25.25,-173.95,-112.26,3.21
17762,0.44,-836.45,-27.09,-344.23,-130.80,3.21
17763,0.35,-655.95,-22.98,-174.13,-109.62,3.21
17764,0.27,-612.40,-16.93,-315.76,-252.69,3.21
17765,0.86,-868.18,-25.33,-259.10,-121.98,3.21
17766,0.59,-981.32,-19.64,-374.36,-38.38,3.21
17767,0.47,-854.28,-25.18,-356.40,-132.76,3.21
17768,0.56,-892.43,-19.85,-150.02,-27.02,3.21
17769,0.46,-616.03,-24.34,-176.81,-111.12,3.21
17770,0.94,-1163.14,-21.02,-497.65,-601.74,3.21
17771,0.37,-694.55,-22.00,-189.98,-112.51,3.21
17772,0.44,-715.77,-26.98,-374.34,-505.95,3.21
17773,0.36,-651.84,-25.35,-353.92,-349.56,3.21
17774,0.55,-815.85,-21.65,-332.28,-108.47,3.21
17775,0.55,-918.34,-20.20,-280.62,-114.37,3.21
17776,0.28,-125.94,-22.11,-73.74,-73.25,3.21
17777,0.60,-956.44,-25.65,-267.16,-135.82,3.21
17778,0.57,-1072.81,-14.16,-401.09,-27.21,3.53
17779,0.41,-782.31,-24.93,-220.02,-32.74,3.53
17780,0.37,-651.66,-20.35,-256.34,-134.44,3.53
17781,0.77,-979.63,-24.15,-194.48,-27.99,3.21
17782,0.37,-704.53,-26.30,-325.36,-287.37,3.21
17783,0.42,-777.83,-25.99,-344.70,-294.04,3.21
17784,0.46,-846.01,-23.96,-360.08,-134.84,3.21
17785,0.49,-832.18,-28.77,-239.10,-133.70,3.21
17786,0.79,-1423.90,-25.12,-390.39,-243.22,3.21
17787,0.27,-600.52,-26.03,-164.90,-125.38,3.21
17788,0.49,-962.03,-24.08,-481.62,-592.57,3.21
17789,0.46,-766.72,-26.45,-354.61,-453.02,4.17
17790,0.30,-614.56,-23.89,-351.06,-543.82,4.17
17791,0.47,-593.54,-28.48,-200.46,-114.58,4.17
17792,0.44,-770.47,-24.91,-377.67,-352.92,4.17
17793,0.40,-594.48,-21.25,-292.19,-259.16,3.21
17794,0.28,-586.14,-22.98,-250.33,-143.87,3.21
17795,0.61,-895.52,-28.43,-472.07,-572.41,3.21
17796,0.42,-802.51,-26.12,-368.18,-551.65,3.21
17797,0.38,-722.79,-24.29,-167.11,-38.14,3.21
17798,0.62,-555.98,-24.77,-149.02,-27.03,4.17
17799,0.57,-584.51,-18.82,-171.92,-112.67,3.85
17800,0.71,-257.21,-24.42,-71.72,-26.61,4.81
17801,0.76,-1337.94,-19.96,-376.68,-31.61,4.81
17802,0.50,-736.65,-21.63,-125.98,-23.76,4.81
17803,0.48,-759.39,-20.78,-313.13,-29.99,4.81
17804,0.33,-367.28,-23.53,-136.09,-26.67,4.81
17805,0.57,-967.65,-16.21,-172.07,-28.31,4.17
17806,0.56,-874.43,-27.54,-199.17,-40.63,4.17
17807,0.60,-670.04,-22.12,-359.49,-559.22,3.85
17808,0.33,-279.98,-26.47,-135.72,-125.34,3.85
17809,0.46,-610.36,-23.32,-241.00,-113.61,3.85
17810,0.57,-324.26,-21.34,-99.08,-33.42,3.85
17811,0.58,-1047.82,-21.49,-241.75,-112.86,3.85
17812,0.42,-590.60,-27.01,-143.20,-29.41,3.85
17813,0.48,-593.69,-27.84,-154.03,-127.03,3.85
17814,0.31,-574.57,-22.48,-137.38,-28.74,3.85
17815,0.41,-844.80,-23.24,-208.81,-95.16,3.85
17816,0.52,-890.50,-24.76,-514.54,-577.27,3.85
17817,0.40,-587.99,-26.62,-177.62,-133.06,3.85
17818,0.37,-113.55,-24.05,-63.26,-29.62,3.85
17819,0.67,-978.60,-28.54,-354.11,-75.63,3.85
17820,0.60,-1175.65,-24.21,-191.87,-27.20,3.85
17821,0.30,-572.49,-19.60,-166.42,-109.86,4.17
17822,0.31,-597.30,-24.01,-272.20,-323.56,4.17
17823,0.61,-985.17,-20.22,-385.64,-318.79,4.17
17824,0.42,-748.12,-28.80,-226.03,-44.72,4.17
17825,0.57,-906.33,-19.39,-425.83,-552.99,3.85
17826,0.53,-913.49,-21.99,-333.83,-34.56,3.85
17827,0.70,-394.24,-24.53,-164.25,-134.00,3.85
17828,0.80,-988.71,-21.80,-340.73,-109.61,3.85
17829,0.62,-31.95,-16.83,-25.93,-26.45,3.85
17830,0.46,-789.37,-21.17,-275.07,-135.86,3.53
17831,0.28,-600.58,-24.01,-218.30,-96.99,4.17
17832,0.41,-652.66,-24.33,-196.95,-32.94,4.17
17833,0.82,-991.47,-22.77,-321.67,-30.05,4.17
17834,0.71,-720.18,-21.44,-212.38,-25.67,4.17
17835,0.52,-853.13,-20.74,-277.48,-111.07,4.17
17836,0.65,-1220.95,-24.32,-284.68,-30.58,3.53
17837,0.39,-645.91,-28.68,-274.60,-116.49,3.53
17838,0.51,-597.64,-18.72,-154.68,-30.01,3.21
17839,0.42,-824.30,-25.84,-203.60,-27.52,3.21
17840,0.41,-663.29,-25.07,-215.18,-43.34,3.21
17841,0.45,-779.13,-29.28,-315.71,-114.76,3.21
17842,0.37,-720.54,-24.88,-383.89,-568.93,3.21
17843,0.47,-848.21,-37.07,-412.86,-482.77,3.21
17844,1.06,-816.14,-24.81,-429.88,-578.75,3.21
17845,0.73,-1006.80,-23.74,-420.24,-383.84,3.21
17846,0.28,-606.14,-23.23,-289.86,-114.87,3.85
17847,0.33,-567.84,-20.55,-208.71,-111.36,3.85
17848,0.29,-566.43,-24.02,-156.25,-112.21,3.85
17849,0.58,-823.59,-26.99,-348.19,-327.29,5.13
17850,0.40,-659.24,-22.99,-201.39,-40.61,4.17
17851,0.59,-867.77,-22.93,-159.29,-29.14,4.17
17852,0.40,-650.80,-19.68,-151.59,-111.51,4.49
17853,0.50,-842.77,-29.47,-329.28,-126.81,4.49
17854,0.91,-687.06,-22.97,-230.93,-112.26,4.49
17855,0.39,-347.63,-20.17,-73.10,-26.70,4.49
17856,1.40,-800.70,-21.16,-249.02,-30.01,4.49
17857,0.40,-112.59,-19.47,-50.06,-31.87,4.49
17858,0.44,-738.65,-15.92,-126.05,-26.08,4.49
17859,0.47,-861.79,-19.00,-305.24,-27.40,4.49
17860,0.29,-112.16,-21.65,-50.22,-30.57,4.49
17861,0.74,-136.30,-24.92,-56.17,-30.63,3.53
17862,0.40,-670.08,-22.43,-228.41,-107.98,3.53
17863,0.47,-833.93,-25.11,-261.23,-99.19,3.53
17864,0.29,-618.82,-23.64,-288.24,-223.99,3.53
17865,0.29,-111.99,-23.99,-39.49,-27.60,3.53
17866,0.54,-618.13,-18.62,-285.12,-113.46,3.53
17867,0.40,-807.62,-24.30,-165.85,-27.18,3.53
17868,0.42,-768.71,-20.33,-268.86,-29.11,4.81
17869,0.38,-693.36,-24.03,-144.06,-27.58,4.81
17870,0.54,-955.07,-18.85,-333.50,-78.79,4.81
17871,0.30,-139.85,-24.59,-69.99,-30.57,3.53
17872,0.69,-600.36,-27.12,-330.62,-512.50,3.53
17873,0.35,-548.33,-23.07,-206.92,-113.85,3.53
17874,0.43,-766.60,-20.42,-206.97,-29.58,3.53
17875,0.34,-573.00,-23.23,-210.51,-113.46,3.53
17876,0.70,-959.17,-25.47,-417.80,-359.23,3.53
17877,0.48,-904.88,-29.68,-355.19,-134.94,3.53
17878,0.53,-1032.33,-22.71,-340.96,-110.52,3.53
17879,0.50,-754.51,-25.52,-209.30,-48.82,3.53
17880,0.53,-807.99,-25.36,-252.41,-132.96,3.53
17881,0.80,-1551.60,-23.79,-336.71,-29.04,3.53
17882,0.44,-797.21,-30.28,-181.66,-110.36,3.53
17883,0.48,-929.41,-30.65,-289.78,-136.02,4.17
17884,1.03,-1201.36,-25.16,-427.73,-219.29,4.17
17885,0.85,-693.44,-19.55,-132.21,-29.72,4.17
17886,0.73,-960.43,-18.69,-221.78,-24.97,4.17
17887,1.09,-606.80,-21.75,-225.41,-37.79,4.17
17888,0.38,-577.44,-21.04,-242.78,-112.52,4.17
17889,0.49,-577.07,-23.53,-133.04,-29.62,4.17
17890,0.31,-603.63,-24.47,-110.01,-28.27,4.17
17891,0.50,-569.59,-24.92,-132.13,-35.77,4.17
17892,0.40,-563.18,-20.20,-136.33,-44.84,4.17
17893,0.59,-793.16,-18.45,-146.18,-24.82,4.17
17894,0.30,-572.79,-20.79,-103.88,-27.11,3.53
17895,0.56,-913.68,-17.27,-401.05,-135.66,3.53
17896,0.37,-645.93,-25.02,-137.64,-33.75,4.81
17897,0.33,-32.18,-20.49,-26.46,-25.75,4.81
17898,0.64,-581.20,-22.77,-217.33,-130.69,4.81
17899,0.32,-539.76,-21.43,-160.81,-30.62,4.81
17900,0.57,-1012.58,-21.34,-279.98,-146.42,4.81
17901,0.31,-567.50,-20.16,-101.64,-23.42,4.81
17902,0.33,-579.77,-23.06,-120.87,-33.12,4.17
17903,0.31,-564.99,-19.41,-122.87,-27.34,4.17
17904,1.28,-856.14,-22.92,-296.23,-282.18,4.17
17905,0.30,-578.74,-20.60,-198.46,-28.97,4.17
17906,0.45,-206.42,-26.04,-83.60,-29.21,4.17
17907,0.31,-556.73,-23.16,-125.77,-28.92,3.85
17908,0.50,-719.68,-19.76,-201.42,-27.36,3.85
17909,0.71,-1252.21,-20.53,-220.35,-34.35,3.85
17910,0.92,-1027.46,-22.46,-501.71,-577.51,3.85
17911,0.55,-962.58,-21.54,-288.07,-31.06,3.21
17912,0.84,-614.82,-21.17,-186.56,-26.20,3.21
17913,0.72,-1305.39,-27.75,-465.42,-298.39,3.21
17914,0.54,-860.95,-22.94,-378.30,-114.94,3.21
17915,0.64,-914.83,-26.75,-313.58,-128.35,3.21
17916,0.71,-915.91,-26.05,-424.46,-348.29,3.53
17917,0.41,-569.93,-23.43,-207.34,-134.40,3.53
17918,0.72,-601.86,-22.91,-153.60,-30.59,2.88
17919,0.29,-587.03,-24.73,-247.37,-128.12,2.88
17920,0.78,-959.42,-24.62,-317.11,-116.69,4.49
17921,1.11,-674.98,-27.40,-332.26,-335.83,4.49
17922,0.34,-571.77,-18.31,-208.37,-116.58,4.49
17923,0.57,-684.97,-20.47,-280.18,-30.00,4.49
17924,0.49,-628.65,-27.96,-232.58,-112.84,4.49
17925,0.47,-929.30,-20.56,-178.80,-31.79,4.49
17926,0.47,-849.98,-21.08,-155.12,-28.64,4.49
17927,0.46,-842.88,-27.50,-244.09,-87.28,4.49
17928,0.38,-607.24,-24.21,-274.49,-109.86,3.85
17929,0.66,-828.52,-25.04,-310.49,-127.21,3.85
17930,0.36,-677.09,-30.73,-366.63,-558.37,3.85
17931,0.31,-270.66,-21.45,-97.06,-78.83,3.85
17932,0.34,-636.06,-19.27,-131.15,-24.44,3.85
17933,0.39,-637.18,-27.12,-254.51,-135.33,3.85
17934,0.56,-912.35,-25.37,-329.62,-110.58,3.85
17935,0.40,-114.24,-25.68,-42.69,-31.50,3.85
17936,0.39,-557.31,-21.00,-101.69,-28.15,5.13
17937,0.57,-919.14,-20.02,-390.01,-477.25,5.13
17938,0.47,-700.39,-26.14,-124.30,-28.08,5.77
17939,0.75,-50.24,-17.47,-35.86,-36.71,6.09
17940,0.67,-1005.91,-18.14,-286.75,-38.33,7.69
17941,0.73,-575.84,-26.16,-124.95,-37.90,7.69
17942,0.76,-577.79,-22.01,-111.42,-32.76,7.05
17943,0.70,-557.72,-24.67,-172.44,-38.50,7.05
17944,0.48,-506.89,-15.95,-113.28,-33.83,7.05
17945,0.72,-920.74,-23.31,-160.53,-34.22,7.05
17946,0.67,-895.76,-24.86,-174.25,-33.32,7.05
17947,1.56,-539.60,-19.62,-105.37,-32.46,6.41
17948,0.74,-681.27,-30.81,-215.20,-45.09,6.41
17949,0.45,-592.84,-31.95,-162.41,-112.11,6.41
17950,0.61,-58.23,-23.70,-38.16,-31.83,7.05
17951,0.46,-655.86,-34.56,-239.93,-126.39,7.05
17952,0.65,-812.19,-22.08,-156.62,-36.05,7.05
17953,0.61,-557.55,-22.53,-119.81,-30.66,7.37
17954,0.71,-575.85,-29.53,-161.73,-37.54,7.37
17955,0.70,-471.07,-22.67,-212.93,-39.16,7.69
17956,0.45,-629.32,-27.26,-293.73,-123.17,7.69
17957,0.61,-598.04,-29.32,-137.55,-59.10,7.69
17958,0.52,-44.79,-22.65,-38.24,-42.19,6.09
17959,0.65,-919.30,-22.56,-248.01,-37.81,6.09
17960,0.69,-1094.06,-38.98,-460.53,-516.20,6.09
17961,0.86,-894.87,-16.03,-198.63,-41.05,6.09
17962,0.62,-295.78,-30.35,-103.44,-58.08,5.45
17963,0.51,-668.99,-23.30,-220.30,-147.59,5.45
17964,0.47,-514.30,-28.89,-131.55,-49.61,5.45
17965,0.70,-486.63,-37.78,-269.77,-304.91,5.45
17966,0.49,-481.81,-29.98,-112.39,-45.51,5.13
17967,0.55,-710.35,-34.16,-214.52,-47.30,5.13
17968,0.85,-905.02,-26.80,-331.42,-98.55,5.13
17969,0.68,-667.33,-24.96,-186.05,-41.71,4.81
17970,0.82,-568.68,-32.29,-139.19,-71.26,4.81
17971,0.72,-476.38,-31.91,-109.77,-36.30,4.81
17972,0.57,-1029.98,-46.64,-370.23,-283.83,4.81
17973,0.66,-1164.66,-22.83,-321.18,-37.73,4.81
17974,0.44,-470.71,-31.07,-135.54,-40.60,4.81
17975,0.88,-959.78,-34.03,-318.07,-149.61,4.81
17976,0.38,-111.77,-23.16,-43.36,-31.58,5.13
17977,0.55,-810.48,-28.72,-234.32,-115.34,6.09
17978,0.40,-130.75,-27.89,-59.59,-32.53,5.77
17979,0.48,-660.69,-23.23,-171.08,-31.52,5.77
17980,0.32,-135.02,-23.88,-46.92,-34.83,5.77
17981,0.31,-569.30,-21.90,-169.86,-93.32,6.09
17982,0.70,-1020.12,-24.89,-262.35,-32.75,6.41
17983,0.53,-818.72,-20.84,-139.99,-27.99,6.41
17984,0.40,-534.72,-23.14,-113.32,-30.63,6.09
17985,0.53,-870.41,-24.13,-327.20,-137.31,6.09
17986,0.43,-555.73,-24.57,-104.72,-32.57,5.45
17987,0.31,-140.29,-19.45,-63.40,-33.35,5.45
17988,1.07,-567.71,-17.75,-177.61,-29.48,6.41
17989,0.50,-76.14,-26.92,-40.28,-35.19,6.41
17990,0.40,-127.34,-24.38,-70.08,-42.69,6.41
17991,0.44,-586.48,-28.53,-144.22,-73.37,6.41
17992,0.53,-697.37,-25.06,-148.39,-35.63,6.41
17993,0.91,-574.48,-15.17,-127.06,-40.57,6.41
17994,0.44,-114.23,-24.21,-48.71,-30.77,5.77
17995,0.89,-994.50,-24.96,-240.91,-29.96,5.77
17996,0.70,-884.50,-10.82,-325.61,-48.86,5.77
17997,0.71,-924.71,-28.27,-169.86,-46.27,5.77
17998,0.76,-509.32,-26.40,-115.45,-35.93,5.45
17999,0.45,-321.03,-13.96,-85.01,-35.98,5.45
18000,0.68,-598.47,-23.42,-193.11,-38.40,5.45
18001,0.65,-937.86,-27.64,-196.98,-82.38,5.45
18002,0.46,-572.48,-24.20,-136.18,-40.81,5.77
18003,0.56,-993.84,-23.51,-254.20,-51.29,5.77
18004,0.58,-844.27,-20.01,-351.58,-32.47,5.77
18005,0.51,-476.96,-26.39,-98.34,-31.88,5.45
18006,0.55,-135.34,-36.08,-89.35,-105.72,5.45
18007,0.64,-290.15,-16.02,-106.04,-36.74,5.45
18008,0.53,-762.66,-20.52,-132.94,-26.77,5.45
18009,0.71,-58.26,-18.84,-38.86,-37.52,5.45
18010,0.65,-833.08,-24.94,-233.95,-38.94,5.45
18011,0.56,-1057.06,-25.00,-336.08,-36.30,5.45
18012,0.54,-798.57,-26.32,-275.28,-144.06,5.77
18013,1.15,-138.04,-21.79,-54.89,-32.58,5.77
18014,0.49,-49.75,-21.42,-36.75,-35.14,5.77
18015,0.69,-910.38,-22.66,-282.61,-48.79,5.77
18016,0.42,-135.63,-26.93,-88.50,-102.17,5.77
18017,0.60,-596.10,-28.33,-188.45,-34.46,5.77
18018,0.50,-520.48,-27.40,-133.12,-42.62,5.77
18019,0.58,-462.73,-24.36,-90.10,-25.25,5.77
18020,0.64,-557.15,-29.85,-196.83,-37.29,5.77
18021,0.42,-603.26,-18.05,-129.58,-33.72,5.77
18022,0.63,-762.14,-16.35,-280.70,-91.45,5.77
18023,0.63,-545.50,-24.96,-245.50,-130.01,5.77
18024,0.79,-825.36,-14.72,-290.48,-31.73,5.77
18025,0.51,-503.16,-18.60,-231.73,-124.85,5.77
18026,0.61,-788.01,-27.09,-374.76,-522.44,5.77
18027,0.81,-517.47,-22.25,-103.16,-31.72,5.77
18028,0.82,-240.62,-25.44,-94.26,-54.62,5.77
18029,0.36,-116.05,-27.91,-55.19,-30.12,5.45
18030,0.64,-896.72,-23.07,-228.32,-39.24,5.45
18031,0.44,-137.64,-21.06,-67.87,-39.63,5.45
18032,0.64,-960.07,-26.80,-182.90,-40.77,5.45
18033,1.03,-1306.12,-19.39,-509.27,-522.90,5.45
18034,0.68,-910.42,-24.90,-407.73,-399.71,5.45
18035,0.45,-539.83,-25.43,-124.55,-44.83,5.45
18036,0.95,-519.67,-17.68,-153.93,-111.79,5.45
18037,0.86,-532.88,-23.14,-219.82,-234.90,5.77
18038,0.59,-1017.20,-18.94,-276.32,-129.80,6.09
18039,0.47,-345.62,-28.09,-101.71,-37.91,6.09
18040,0.57,-357.39,-28.94,-122.77,-38.76,6.09
18041,1.19,-135.31,-21.17,-56.82,-34.16,6.09
18042,0.79,-775.54,-33.59,-181.12,-99.57,6.09
18043,0.44,-300.80,-18.22,-67.33,-30.11,6.09
18044,0.62,-1189.26,-23.85,-310.09,-108.62,6.41
18045,0.65,-585.29,-32.78,-196.67,-61.64,6.41
18046,1.36,-1146.45,-21.27,-195.98,-29.35,6.41
18047,0.60,-883.29,-22.07,-208.18,-36.00,5.77
18048,0.39,-111.71,-24.47,-42.31,-30.98,5.77
18049,0.55,-612.18,-31.37,-297.85,-312.77,6.09
18050,0.43,-725.45,-25.14,-131.10,-32.74,6.09
18051,0.39,-592.48,-25.41,-145.79,-33.26,6.09
18052,0.55,-874.01,-26.59,-169.19,-34.30,5.13
18053,0.37,-325.16,-28.06,-72.95,-30.10,5.13
18054,0.58,-768.35,-25.87,-194.64,-33.33,5.13
18055,0.44,-567.08,-27.64,-150.87,-33.93,5.13
18056,0.45,-118.02,-26.07,-67.11,-41.02,5.13
18057,0.39,-135.66,-28.07,-48.53,-34.83,5.13
18058,0.37,-36.56,-26.49,-31.25,-30.97,4.49
18059,0.43,-763.64,-28.56,-159.16,-31.84,4.49
18060,0.46,-462.86,-27.61,-102.61,-33.37,4.17
18061,0.60,-598.99,-27.16,-290.18,-201.33,4.17
18062,0.70,-1049.71,-31.02,-311.34,-114.95,4.17
18063,0.40,-38.11,-25.96,-31.48,-31.08,4.17
18064,0.56,-872.56,-23.52,-319.35,-38.46,4.49
18065,0.42,-783.63,-24.94,-236.46,-112.11,4.49
18066,1.11,-458.78,-26.37,-93.42,-33.15,4.81
18067,0.31,-585.56,-26.76,-161.26,-114.91,4.81
18068,0.46,-668.14,-24.47,-122.05,-31.75,4.81
18069,0.39,-651.19,-31.33,-161.05,-40.66,4.81
18070,0.53,-901.48,-26.07,-209.73,-118.65,4.81
18071,0.66,-874.50,-24.73,-208.07,-40.05,4.17
18072,0.58,-879.77,-23.51,-253.00,-110.51,4.17
18073,0.39,-572.26,-25.94,-205.17,-91.29,4.17
18074,0.54,-873.18,-32.75,-385.62,-336.18,4.17
18075,0.74,-759.58,-29.26,-193.07,-83.05,4.17
18076,0.51,-926.12,-29.48,-195.03,-36.57,4.17
18077,0.40,-581.79,-23.57,-139.37,-27.16,4.17
18078,0.40,-766.60,-26.02,-166.39,-33.23,4.17
18079,0.42,-838.68,-29.66,-354.17,-324.84,4.17
18080,0.55,-1119.31,-26.59,-196.45,-31.22,4.17
18081,0.30,-572.97,-25.62,-118.31,-30.01,4.17
18082,1.26,-634.04,-26.52,-199.27,-29.44,4.81
18083,0.40,-627.54,-32.89,-341.98,-335.76,4.81
18084,0.38,-638.22,-23.45,-129.13,-33.20,4.81
18085,0.60,-1021.85,-24.65,-188.37,-35.46,4.81
18086,0.37,-282.52,-19.34,-80.44,-30.73,4.49
18087,0.42,-131.73,-24.92,-44.05,-30.55,4.49
18088,0.81,-580.56,-23.15,-182.52,-38.24,4.17
18089,0.44,-846.53,-24.39,-254.50,-97.25,4.17
18090,0.48,-808.48,-26.95,-180.28,-110.64,4.17
18091,0.59,-705.97,-28.32,-277.31,-309.57,4.17
18092,1.27,-954.74,-23.87,-315.05,-95.07,5.45
18093,0.66,-911.03,-25.90,-176.44,-34.36,5.45
18094,0.42,-730.85,-25.79,-207.61,-29.02,5.45
18095,0.46,-136.29,-28.67,-66.86,-34.26,5.45
18096,0.59,-583.52,-25.26,-255.15,-240.15,5.45
18097,0.36,-32.21,-23.47,-28.77,-29.11,5.45
18098,0.31,-161.78,-26.08,-62.43,-32.52,6.41
18099,0.41,-74.96,-26.65,-37.15,-30.19,4.81
18100,0.31,-286.88,-27.80,-77.46,-31.42,4.81
18101,0.32,-570.34,-28.59,-141.99,-34.45,4.81
18102,0.71,-946.89,-25.78,-173.80,-34.36,5.77
18103,0.57,-897.30,-23.30,-154.94,-33.18,5.77
18104,1.19,-978.16,-20.76,-255.62,-28.42,5.77
18105,0.64,-596.78,-25.44,-153.46,-32.85,5.77
18106,0.44,-569.27,-26.42,-121.69,-32.53,5.77
18107,0.44,-803.11,-26.28,-220.46,-29.81,5.77
18108,0.31,-113.78,-22.16,-38.69,-27.52,5.77
18109,0.39,-131.94,-26.29,-47.87,-36.09,5.77
18110,0.47,-423.61,-27.41,-100.66,-31.65,5.77
18111,0.30,-615.19,-26.28,-143.41,-31.80,5.77
18112,0.41,-599.65,-23.96,-232.39,-37.76,5.77
18113,0.45,-820.20,-29.11,-270.10,-120.38,6.09
18114,0.33,-116.62,-21.60,-42.02,-28.63,6.09
18115,0.64,-1019.86,-25.06,-279.73,-29.36,6.09
18116,0.43,-684.58,-26.33,-203.66,-36.31,6.09
18117,1.04,-647.84,-25.57,-119.18,-32.63,6.09
18118,0.31,-543.73,-22.24,-146.87,-28.23,6.09
18119,0.50,-816.41,-24.70,-234.74,-33.56,6.09
18120,0.40,-37.65,-27.84,-34.21,-35.46,6.09
18121,0.31,-561.12,-25.21,-105.08,-30.89,6.09
18122,0.37,-648.81,-25.00,-130.38,-30.45,6.09
18123,0.74,-879.60,-27.62,-255.05,-42.08,6.09
18124,0.40,-132.80,-22.72,-46.14,-29.08,5.45
18125,0.42,-467.28,-27.71,-113.97,-35.07,5.45
18126,0.31,-591.90,-24.17,-118.84,-36.40,5.45
18127,0.45,-847.31,-25.39,-246.56,-33.26,5.45
18128,1.04,-589.65,-27.66,-194.05,-31.87,5.77
18129,0.39,-574.53,-26.11,-109.05,-30.10,5.77
18130,0.53,-614.84,-28.78,-203.75,-44.27,5.77
18131,0.40,-596.25,-28.53,-111.47,-30.89,5.77
18132,0.31,-596.27,-28.99,-113.85,-34.71,6.09
18133,0.52,-766.56,-29.79,-136.37,-31.91,6.09
18134,0.37,-668.08,-23.07,-152.33,-47.33,6.09
18135,0.37,-665.53,-30.18,-152.58,-33.70,6.09
18136,0.84,-37.13,-23.54,-31.30,-31.17,6.09
18137,0.39,-36.36,-23.84,-30.27,-32.54,6.09
18138,0.36,-74.74,-27.05,-34.77,-27.89,5.13
18139,0.42,-733.93,-30.77,-166.75,-35.03,5.13
18140,0.38,-669.58,-23.35,-120.51,-29.94,5.13
18141,0.40,-599.96,-28.34,-112.12,-31.09,5.13
18142,0.74,-625.64,-26.18,-274.13,-33.73,5.45
18143,0.30,-609.12,-28.73,-205.52,-33.44,5.45
18144,0.43,-573.67,-25.72,-138.90,-30.03,5.45
18145,0.42,-700.00,-20.61,-127.43,-31.26,5.45
18146,0.75,-973.67,-26.71,-317.64,-63.32,5.45
18147,0.30,-594.92,-24.00,-118.78,-31.61,5.45
18148,0.35,-582.71,-28.11,-116.60,-34.78,4.81
18149,0.51,-845.70,-23.25,-225.95,-34.85,5.77
18150,0.47,-561.97,-21.64,-103.32,-27.43,5.77
18151,0.43,-737.27,-24.66,-145.93,-30.93,5.77
18152,0.62,-898.84,-25.39,-168.46,-34.46,5.77
18153,0.31,-133.30,-22.18,-43.19,-30.22,5.77
18154,0.44,-559.55,-24.34,-104.16,-28.70,5.77
18155,0.53,-669.69,-24.83,-207.73,-36.42,4.81
18156,0.55,-970.33,-26.31,-320.82,-38.48,5.13
18157,0.61,-914.05,-29.61,-254.39,-33.68,5.13
18158,0.31,-40.51,-23.71,-30.11,-28.48,5.13
18159,0.66,-1051.94,-30.73,-244.18,-39.38,4.81
18160,1.23,-765.20,-27.18,-166.26,-34.31,4.81
18161,0.35,-559.69,-22.93,-104.02,-27.10,4.81
18162,0.41,-747.79,-30.92,-176.13,-111.08,4.81
18163,0.33,-587.22,-24.34,-112.06,-31.65,4.81
18164,0.33,-589.99,-27.04,-266.08,-43.32,4.81
18165,0.53,-832.65,-23.62,-155.85,-31.08,5.45
18166,0.47,-296.47,-32.42,-80.57,-34.41,5.45
18167,0.56,-916.22,-25.32,-171.47,-28.86,5.45
18168,0.48,-502.37,-28.74,-151.71,-32.48,5.45
18169,0.37,-135.30,-24.46,-55.76,-29.54,5.45
18170,0.40,-328.57,-24.45,-74.20,-35.64,5.45
18171,0.97,-386.30,-27.65,-115.51,-33.28,5.45
18172,0.97,-748.26,-24.58,-309.63,-39.54,5.45
18173,0.40,-551.74,-23.81,-178.33,-31.29,5.45
18174,0.57,-367.47,-24.96,-78.86,-31.29,5.45
18175,0.63,-957.60,-23.49,-245.74,-29.93,5.45
18176,0.36,-610.48,-25.36,-114.89,-32.71,5.45
18177,0.56,-826.00,-26.21,-220.21,-29.26,5.77
18178,0.51,-665.20,-27.09,-123.11,-32.89,6.09
18179,0.32,-42.96,-26.12,-33.05,-31.22,6.09
18180,0.32,-139.52,-26.63,-44.29,-29.30,6.09
18181,0.36,-34.68,-22.42,-28.60,-28.52,4.81
18182,0.36,-680.53,-24.24,-122.53,-30.32,4.81
18183,0.31,-597.07,-26.75,-110.76,-30.65,5.77
18184,0.51,-909.83,-29.96,-369.98,-138.13,5.77
18185,0.37,-680.89,-21.15,-122.85,-31.44,5.77
18186,0.40,-623.19,-27.45,-126.44,-29.36,4.81
18187,0.31,-539.20,-26.11,-132.35,-34.72,5.77
18188,0.52,-884.95,-21.46,-378.51,-552.50,4.49
18189,0.40,-611.52,-26.64,-187.39,-31.46,5.45
18190,0.49,-821.59,-22.29,-231.60,-31.38,5.45
18191,0.36,-135.49,-23.60,-57.78,-36.05,6.09
18192,0.47,-459.73,-21.44,-130.09,-31.06,5.77
18193,0.78,-559.84,-22.62,-140.97,-29.35,5.77
18194,0.57,-1031.41,-21.01,-266.62,-36.35,5.77
18195,0.36,-41.53,-26.39,-32.88,-32.85,5.77
18196,1.09,-895.02,-23.20,-294.67,-34.73,6.41
18197,0.38,-550.70,-22.86,-166.53,-97.92,6.41
18198,0.58,-821.96,-21.02,-141.79,-28.68,6.41
18199,0.36,-116.02,-25.46,-54.91,-33.41,6.41
18200,0.37,-674.33,-25.77,-196.28,-29.68,6.41
18201,0.69,-899.22,-30.75,-248.05,-34.33,6.41
18202,0.31,-582.33,-26.98,-178.06,-32.33,6.09
18203,0.68,-797.40,-30.80,-187.12,-31.40,5.77
18204,0.39,-76.09,-27.39,-38.36,-31.52,6.09
18205,0.32,-116.31,-26.30,-45.90,-36.89,6.09
18206,0.71,-696.42,-27.19,-317.24,-116.03,6.09
18207,0.68,-983.44,-21.08,-283.17,-116.84,6.09
18208,0.52,-841.31,-21.15,-228.51,-29.50,6.09
18209,0.67,-940.99,-27.18,-162.89,-34.24,6.09
18210,0.82,-648.43,-25.00,-120.18,-32.74,6.09
18211,0.44,-812.96,-24.91,-147.75,-32.95,6.09
18212,0.32,-586.16,-21.40,-184.68,-37.72,6.73
18213,0.40,-587.38,-22.68,-108.82,-29.70,6.73
18214,0.73,-878.03,-29.15,-345.71,-41.79,6.73
18215,0.71,-1063.78,-29.46,-344.87,-40.49,6.73
18216,0.38,-688.51,-19.27,-121.71,-29.53,6.73
18217,0.67,-880.15,-19.86,-255.37,-34.60,6.73
18218,0.43,-383.37,-25.45,-90.46,-30.71,6.73
18219,0.52,-933.29,-27.04,-233.74,-30.77,6.73
18220,0.62,-901.68,-29.74,-248.30,-43.51,6.73
18221,0.36,-110.10,-29.26,-45.01,-35.26,6.73
18222,0.34,-35.11,-28.32,-31.13,-30.25,6.09
18223,0.39,-660.97,-26.13,-132.33,-35.37,6.09
18224,0.40,-681.82,-28.03,-145.87,-37.74,5.45
18225,0.38,-698.42,-28.28,-218.35,-39.03,5.45
18226,0.31,-131.74,-24.39,-42.93,-28.60,4.81
18227,0.38,-638.40,-24.39,-145.93,-34.90,4.81
18228,0.41,-95.10,-27.29,-47.15,-33.02,6.09
18229,0.56,-515.86,-23.83,-114.03,-30.17,6.09
18230,0.32,-531.26,-28.05,-115.75,-30.87,6.09
18231,0.40,-113.85,-25.29,-61.04,-29.55,5.45
18232,0.46,-460.14,-24.99,-147.72,-31.87,5.77
18233,0.48,-821.43,-21.23,-140.89,-26.88,5.77
18234,0.40,-34.29,-24.90,-29.13,-28.25,5.77
18235,0.38,-33.00,-24.33,-29.20,-29.99,5.77
18236,0.67,-884.04,-22.18,-163.70,-30.46,5.77
18237,0.32,-137.96,-25.36,-45.26,-30.51,5.77
18238,0.41,-348.93,-32.01,-156.02,-34.68,6.09
18239,0.33,-114.52,-27.01,-43.68,-31.20,6.09
18240,0.35,-125.76,-26.46,-54.97,-30.37,6.09
18241,0.51,-130.74,-26.45,-57.81,-34.52,6.09
18242,0.34,-115.59,-25.04,-42.46,-30.41,6.09
18243,0.49,-828.30,-26.78,-198.68,-39.95,7.37
18244,0.57,-862.01,-25.21,-231.46,-31.16,7.37
18245,0.32,-35.57,-25.19,-29.15,-27.74,7.37
18246,0.33,-36.96,-27.11,-30.53,-28.93,6.41
18247,0.58,-1089.30,-25.85,-195.72,-29.68,3.85
18248,0.41,-32.41,-22.68,-28.66,-29.26,3.85
18249,0.79,-1130.87,-29.78,-493.28,-555.88,3.85
18250,0.47,-911.39,-24.45,-312.85,-35.04,4.81
18251,0.38,-533.24,-29.04,-126.71,-41.23,4.81
18252,0.31,-303.32,-21.69,-80.44,-31.55,4.81
18253,0.39,-602.51,-27.07,-206.73,-35.16,4.81
18254,0.43,-586.47,-23.84,-109.38,-32.59,4.81
18255,0.64,-668.90,-19.93,-174.67,-30.41,5.45
18256,0.71,-904.85,-27.44,-237.16,-37.83,4.81
18257,0.43,-450.30,-25.11,-101.08,-30.54,4.81
18258,0.85,-1299.05,-33.46,-286.21,-112.24,4.81
18259,0.56,-864.71,-28.04,-357.04,-133.07,4.81
18260,0.28,-578.12,-31.95,-219.76,-114.86,4.81
18261,0.99,-610.95,-32.48,-178.98,-133.93,4.81
18262,0.93,-605.57,-33.03,-312.16,-278.49,4.81
18263,0.36,-641.45,-28.55,-159.23,-110.32,4.81
18264,0.31,-38.05,-29.87,-34.94,-35.71,4.49
18265,0.31,-288.83,-28.21,-70.39,-33.90,4.49
18266,0.54,-860.99,-26.82,-200.90,-33.23,4.81
18267,0.31,-135.57,-27.74,-62.66,-37.41,4.81
18268,0.74,-1403.77,-30.60,-263.01,-34.10,4.81
18269,0.51,-803.09,-30.60,-246.17,-38.76,5.45
18270,0.29,-549.56,-32.86,-132.25,-35.73,5.45
18271,0.31,-113.84,-28.64,-53.38,-30.54,5.45
18272,1.25,-575.20,-27.26,-151.05,-36.99,5.13
18273,0.56,-838.46,-33.67,-154.71,-37.24,5.13
18274,0.53,-1001.37,-31.62,-258.20,-37.19,5.13
18275,0.47,-789.80,-29.33,-142.49,-34.70,5.13
18276,0.51,-959.32,-24.92,-330.55,-133.75,5.13
18277,0.59,-853.37,-24.33,-264.91,-44.74,5.45
18278,0.41,-681.04,-21.15,-196.02,-28.32,5.45
18279,0.98,-1138.99,-19.28,-271.95,-22.78,5.45
18280,0.57,-534.61,-30.09,-156.08,-46.73,5.45
18281,0.68,-952.86,-20.33,-157.83,-25.96,5.45
18282,0.43,-131.32,-18.80,-57.37,-46.76,5.45
18283,1.05,-579.18,-22.59,-165.34,-38.78,5.45
18284,0.64,-598.58,-18.98,-114.38,-34.88,5.45
18285,0.34,-167.40,-23.39,-48.66,-29.09,5.45
18286,0.72,-644.26,-22.35,-131.81,-29.10,5.45
18287,0.65,-575.78,-21.85,-188.71,-35.80,5.45
18288,0.50,-347.93,-23.13,-89.86,-39.77,5.45
18289,0.49,-795.65,-22.48,-151.23,-33.23,5.45
18290,0.39,-564.80,-22.13,-130.77,-34.50,5.45
18291,0.40,-616.80,-25.27,-117.91,-32.52,5.45
18292,0.32,-604.45,-24.58,-165.90,-112.75,5.45
18293,0.32,-323.27,-21.41,-82.95,-32.78,5.45
18294,0.35,-113.20,-17.28,-39.87,-29.84,5.45
18295,0.48,-770.63,-22.75,-149.12,-31.19,5.45
18296,0.83,-1087.52,-22.35,-268.52,-32.90,5.45
18297,0.67,-1329.28,-21.19,-235.91,-24.27,6.09
18298,0.48,-924.30,-13.09,-244.99,-26.66,6.09
18299,0.40,-47.83,-23.79,-32.71,-29.00,6.09
18300,0.57,-945.32,-21.75,-175.35,-33.70,6.09
18301,0.40,-619.52,-19.45,-127.09,-30.78,6.09
18302,0.46,-30.66,-22.19,-26.32,-25.74,5.13
18303,0.43,-657.26,-26.31,-282.41,-46.98,5.13
18304,0.38,-95.85,-21.42,-39.60,-30.89,5.13
18305,0.77,-940.54,-22.31,-246.45,-35.00,5.13
18306,0.40,-661.07,-25.11,-199.07,-29.99,5.13
18307,0.38,-127.55,-24.11,-49.08,-36.59,5.13
18308,0.36,-568.50,-20.61,-104.46,-27.08,5.13
18309,0.50,-334.59,-21.58,-105.95,-41.94,5.13
18310,0.56,-893.89,-19.40,-164.91,-29.88,5.13
18311,1.04,-607.80,-22.15,-147.66,-41.51,5.77
18312,0.96,-1453.71,-23.28,-314.47,-37.74,5.77
18313,0.59,-968.59,-22.17,-284.35,-53.85,5.13
18314,0.46,-825.45,-22.72,-222.51,-32.91,5.13
18315,0.48,-626.17,-18.04,-134.90,-26.83,5.13
18316,0.66,-838.71,-24.60,-180.83,-29.18,5.13
18317,0.58,-747.25,-27.37,-343.84,-438.24,5.13
18318,0.39,-341.08,-23.84,-109.68,-29.24,5.13
18319,0.41,-685.95,-18.17,-291.99,-62.73,5.13
18320,0.94,-36.96,-23.85,-29.59,-30.31,3.85
18321,0.68,-1172.44,-19.36,-193.38,-37.69,3.85
18322,0.77,-1185.52,-28.14,-292.83,-101.60,3.85
18323,0.97,-906.18,-26.33,-253.36,-108.63,3.85
18324,0.45,-473.46,-24.24,-139.44,-113.19,3.85
18325,0.42,-706.01,-28.39,-211.75,-40.07,3.85
18326,0.50,-857.81,-18.32,-324.33,-167.53,3.85
18327,0.52,-1039.83,-21.29,-198.86,-42.18,3.85
18328,0.51,-292.11,-27.79,-99.30,-38.22,4.17
18329,0.36,-670.53,-19.09,-168.85,-25.27,4.17
18330,0.69,-1228.72,-19.27,-332.84,-113.25,4.17
18331,0.42,-702.80,-26.79,-276.99,-129.60,4.17
18332,1.00,-400.67,-19.93,-100.55,-33.49,4.49
18333,0.44,-597.21,-23.76,-175.18,-34.18,4.49
18334,0.54,-293.40,-23.05,-69.49,-32.85,4.49
18335,1.06,-598.53,-19.22,-150.45,-33.51,4.49
18336,0.36,-134.08,-20.16,-52.44,-25.40,4.49
18337,0.51,-309.03,-21.62,-105.34,-30.07,3.85
18338,0.41,-574.64,-18.93,-110.97,-34.08,4.81
18339,0.37,-34.53,-25.28,-29.39,-28.43,5.45
18340,0.41,-566.95,-26.16,-107.99,-32.63,5.45
18341,0.40,-541.53,-21.03,-158.05,-33.05,4.49
18342,0.92,-1041.73,-21.43,-224.16,-36.63,4.49
18343,0.52,-880.59,-24.84,-320.39,-37.26,4.49
18344,0.45,-387.29,-20.68,-94.24,-32.04,4.49
18345,0.45,-800.71,-26.42,-285.18,-207.24,4.49
18346,0.81,-624.69,-18.86,-197.87,-34.70,4.81
18347,0.68,-1117.95,-24.27,-227.91,-37.70,5.77
18348,0.35,-31.95,-22.06,-27.61,-27.28,5.77
18349,0.70,-1087.90,-18.88,-225.28,-37.13,5.77
18350,2.02,-668.53,-20.08,-153.78,-32.22,4.81
18351,0.86,-1321.21,-23.22,-412.79,-43.50,4.81
18352,0.44,-794.72,-22.48,-253.31,-37.33,4.81
18353,0.65,-563.17,-36.25,-136.46,-42.84,4.81
18354,0.43,-41.30,-24.08,-30.19,-28.69,4.81
18355,0.45,-636.07,-26.31,-192.25,-29.70,4.81
18356,0.62,-778.15,-27.38,-137.56,-30.49,4.81
18357,0.51,-938.04,-19.74,-254.99,-27.63,4.81
18358,0.91,-111.85,-18.05,-45.65,-40.03,4.81
18359,0.44,-40.20,-22.69,-32.22,-31.75,4.81
18360,0.43,-597.74,-17.81,-189.75,-36.89,4.49
18361,0.38,-640.57,-21.53,-220.74,-135.21,4.49
18362,0.57,-901.67,-19.87,-272.27,-27.27,4.49
18363,0.52,-872.01,-29.16,-224.94,-111.76,4.17
18364,0.45,-141.73,-20.28,-60.20,-33.88,4.17
18365,0.57,-642.08,-20.47,-156.23,-111.53,4.17
18366,0.66,-835.15,-18.13,-227.96,-37.17,4.49
18367,0.51,-856.32,-18.99,-269.74,-113.21,4.49
18368,0.33,-132.81,-24.39,-69.70,-38.02,4.49
18369,0.58,-783.24,-22.68,-218.20,-76.79,4.49
18370,0.67,-743.62,-31.89,-234.25,-110.18,4.49
18371,0.92,-1772.99,-27.44,-390.54,-37.48,4.49
18372,0.51,-842.57,-19.66,-173.71,-50.27,4.49
18373,0.85,-319.88,-24.56,-93.18,-40.24,4.81
18374,0.37,-231.86,-26.16,-86.50,-33.01,4.81
18375,0.54,-545.56,-28.05,-118.33,-35.29,4.81
18376,0.47,-690.05,-23.55,-136.64,-33.98,4.49
18377,0.52,-868.58,-24.85,-165.46,-34.70,4.49
18378,0.74,-572.68,-21.95,-252.99,-114.03,4.49
18379,0.80,-1533.46,-23.10,-257.50,-30.05,4.49
18380,0.48,-867.34,-24.53,-257.68,-41.65,4.49
18381,0.39,-114.47,-26.30,-55.18,-32.17,5.45
18382,0.77,-1538.27,-25.84,-270.55,-33.13,5.77
18383,0.63,-683.58,-17.92,-120.94,-31.31,4.49
18384,2.14,-504.36,-24.96,-118.05,-34.55,4.49
18385,0.38,-503.56,-24.43,-128.18,-44.40,4.49
18386,0.48,-943.32,-26.89,-190.06,-34.12,4.49
18387,0.45,-770.18,-19.79,-310.62,-27.65,4.49
18388,0.38,-134.39,-25.45,-44.16,-27.93,4.49
18389,0.37,-577.33,-24.35,-224.58,-32.02,4.81
18390,0.41,-587.21,-29.07,-180.02,-35.79,4.81
18391,0.55,-887.39,-25.16,-287.37,-74.88,4.81
18392,0.56,-980.82,-23.50,-177.24,-39.34,4.81
18393,1.85,-868.10,-25.74,-183.26,-40.02,4.81
18394,0.38,-341.63,-23.50,-77.67,-29.51,4.81
18395,0.43,-511.00,-29.99,-245.10,-124.03,5.13
18396,0.48,-920.00,-27.17,-170.07,-34.29,5.13
18397,1.65,-570.64,-15.80,-115.11,-33.39,5.13
18398,0.42,-538.17,-32.83,-152.87,-45.21,5.13
18399,0.50,-124.31,-18.92,-43.65,-30.41,5.13
18400,0.52,-853.25,-25.01,-168.83,-37.59,5.13
18401,0.32,-599.88,-23.32,-331.80,-507.41,5.13
18402,0.43,-42.77,-22.04,-28.80,-26.88,5.13
18403,0.34,-129.00,-16.45,-56.26,-38.19,5.13
18404,0.38,-622.42,-17.46,-237.43,-111.33,5.45
18405,0.62,-135.11,-17.36,-54.87,-32.97,5.45
18406,0.62,-114.88,-22.88,-42.93,-32.37,5.45
18407,0.62,-1048.49,-19.16,-186.08,-30.23,5.45
18408,1.58,-133.05,-20.48,-63.56,-22.70,5.45
18409,0.41,-450.97,-32.53,-118.26,-51.38,5.45
18410,0.50,-491.26,-22.90,-159.98,-29.74,5.45
18411,0.53,-874.88,-25.90,-167.19,-33.40,5.45
18412,0.40,-490.53,-22.08,-94.79,-28.64,5.45
18413,0.32,-566.54,-22.29,-144.30,-99.59,5.45
18414,0.52,-153.07,-24.38,-49.48,-30.98,5.45
18415,0.39,-571.07,-19.79,-129.58,-33.19,5.45
18416,0.36,-162.23,-20.22,-50.50,-30.83,5.45
18417,0.64,-778.68,-15.50,-198.79,-76.67,5.45
18418,0.52,-985.22,-26.44,-172.90,-29.66,5.13
18419,0.33,-337.61,-27.58,-93.52,-35.72,5.13
18420,0.36,-38.17,-17.09,-26.28,-23.41,5.13
18421,0.46,-603.01,-26.10,-157.12,-33.32,5.13
18422,0.62,-813.14,-26.56,-167.45,-30.40,5.13
18423,0.43,-311.78,-25.02,-81.14,-27.98,5.45
18424,0.58,-827.48,-26.02,-201.00,-35.89,5.45
18425,0.95,-1015.71,-21.22,-262.16,-30.46,5.45
18426,0.64,-157.29,-22.35,-57.18,-25.82,5.45
18427,0.45,-363.24,-19.69,-77.25,-29.99,5.45
18428,0.33,-585.47,-22.82,-140.08,-28.86,5.45
18429,0.46,-415.29,-29.24,-109.15,-31.87,6.09
18430,0.68,-881.20,-24.62,-165.56,-30.40,6.09
18431,0.57,-966.69,-24.04,-362.23,-38.45,6.09
18432,0.66,-1082.03,-25.59,-212.16,-30.75,6.09
18433,0.35,-544.86,-25.06,-143.15,-33.15,6.09
18434,0.58,-1018.63,-28.80,-402.15,-242.52,6.09
18435,0.75,-875.19,-13.59,-339.35,-110.26,6.09
18436,0.43,-519.72,-21.81,-126.63,-28.16,6.09
18437,0.68,-1289.05,-19.56,-523.00,-590.83,6.09
18438,0.42,-601.25,-30.48,-218.25,-100.00,5.77
18439,0.71,-886.84,-22.95,-165.85,-29.94,5.45
18440,0.35,-564.63,-17.76,-164.05,-37.11,5.45
18441,0.42,-776.84,-23.10,-202.75,-109.90,5.13
18442,0.46,-99.32,-31.51,-45.43,-36.08,5.13
18443,0.44,-811.51,-21.66,-142.86,-33.24,5.13
18444,0.41,-538.62,-21.52,-185.16,-40.15,5.13
18445,0.70,-1036.81,-16.19,-192.77,-28.10,5.13
18446,0.75,-708.85,-23.08,-138.18,-34.21,5.13
18447,0.55,-621.77,-26.81,-164.27,-41.67,5.13
18448,0.93,-124.20,-23.53,-45.62,-30.52,5.13
18449,0.57,-890.46,-27.19,-270.20,-41.88,5.13
18450,0.80,-575.15,-26.89,-108.49,-28.66,4.81
18451,0.46,-813.87,-28.22,-145.71,-36.98,4.81
18452,1.03,-527.56,-24.46,-129.83,-35.96,4.81
18453,0.58,-834.33,-21.18,-223.14,-30.19,4.81
18454,0.32,-113.75,-23.28,-43.22,-35.17,4.81
18455,0.41,-566.77,-18.23,-132.29,-34.52,3.85
18456,0.51,-853.99,-17.87,-249.55,-128.69,3.85
18457,0.53,-915.41,-28.93,-389.69,-547.69,3.85
18458,0.48,-814.17,-24.96,-243.56,-113.29,3.85
18459,0.77,-831.75,-28.93,-235.46,-41.25,3.21
18460,0.33,-564.29,-25.31,-170.94,-110.94,3.85
18461,0.68,-290.21,-18.40,-92.94,-39.31,3.85
18462,0.52,-840.14,-18.36,-172.60,-44.67,3.85
18463,1.08,-794.12,-28.30,-312.71,-147.62,3.85
18464,0.39,-660.38,-21.83,-287.85,-136.15,3.85
18465,0.56,-869.06,-25.84,-538.79,-629.58,3.85
18466,0.37,-646.57,-24.44,-157.54,-38.71,3.85
18467,1.05,-874.31,-22.64,-151.98,-26.49,3.85
18468,0.74,-605.66,-26.43,-221.39,-112.81,3.85
18469,0.39,-602.05,-21.96,-221.63,-138.01,3.85
18470,0.48,-612.52,-26.56,-178.66,-34.01,3.85
18471,0.33,-569.29,-20.24,-133.45,-26.67,3.85
18472,0.56,-945.20,-24.72,-277.49,-113.59,3.85
18473,0.34,-265.31,-31.55,-92.05,-35.03,3.85
18474,0.86,-1603.63,-26.04,-428.69,-193.56,3.85
18475,0.56,-974.69,-18.09,-308.45,-92.07,3.85
18476,0.89,-763.03,-19.68,-203.30,-127.71,3.85
18477,0.43,-687.75,-23.47,-221.13,-110.74,3.85
18478,0.59,-1131.79,-27.20,-205.62,-37.45,5.45
18479,0.39,-117.34,-22.38,-64.78,-37.10,5.45
18480,0.62,-1059.70,-21.95,-502.46,-583.30,5.45
18481,0.71,-1199.54,-32.08,-378.53,-43.56,5.45
18482,0.51,-851.14,-32.99,-322.24,-349.60,5.45
18483,0.88,-1118.34,-29.78,-311.22,-43.43,5.45
18484,0.44,-784.23,-21.63,-150.17,-42.49,4.49
18485,0.30,-606.65,-28.13,-204.23,-35.15,4.49
18486,0.37,-672.41,-18.85,-265.95,-136.83,4.49
18487,0.55,-864.65,-24.73,-424.25,-566.25,4.49
18488,0.38,-675.87,-19.05,-382.36,-558.30,4.17
18489,0.76,-168.21,-21.57,-58.62,-28.81,4.49
18490,0.36,-584.62,-20.67,-113.32,-35.15,4.49
18491,0.42,-564.06,-24.28,-283.12,-160.53,4.49
18492,0.59,-1121.99,-25.38,-226.37,-29.90,4.49
18493,0.56,-867.47,-21.36,-261.44,-28.72,4.49
18494,0.46,-816.73,-23.87,-213.59,-115.58,4.49
18495,0.42,-773.66,-25.99,-183.02,-32.21,4.49
18496,0.51,-805.51,-16.16,-244.33,-132.56,4.49
18497,0.36,-556.12,-22.60,-159.17,-41.99,4.49
18498,0.83,-1106.23,-19.18,-188.03,-30.41,4.49
18499,0.61,-984.77,-39.98,-346.19,-113.61,4.49
18500,0.62,-856.98,-29.47,-395.17,-376.54,4.49
18501,0.45,-805.00,-22.73,-181.51,-114.07,4.49
18502,0.39,-649.67,-23.47,-168.74,-42.54,4.49
18503,0.38,-572.08,-11.62,-124.88,-48.04,4.49
18504,0.74,-894.40,-17.86,-270.80,-135.11,4.49
18505,0.71,-603.65,-24.07,-147.97,-111.31,4.49
18506,0.83,-733.64,-32.49,-146.26,-45.25,4.49
18507,0.37,-599.08,-23.76,-286.50,-135.11,4.17
18508,0.88,-1229.25,-47.66,-351.78,-130.87,4.17
18509,0.68,-843.85,-26.80,-164.53,-40.80,4.17
18510,0.95,-790.54,-31.27,-222.03,-58.47,4.49
18511,0.92,-911.75,-31.74,-406.73,-528.39,4.49
18512,1.02,-779.85,-43.61,-242.39,-78.68,4.17
18513,0.82,-469.56,-43.88,-131.61,-65.67,4.17
18514,0.79,-632.11,-18.50,-120.68,-36.81,4.17
18515,0.72,-955.87,-30.11,-299.57,-52.71,4.17
18516,1.17,-567.78,-38.09,-142.23,-50.74,4.17
18517,1.63,-360.91,-37.84,-117.75,-52.42,4.17
18518,0.88,-102.59,-34.87,-61.40,-56.17,5.13
18519,0.47,-571.00,-33.42,-201.30,-129.80,5.77
18520,0.67,-568.67,-16.64,-116.37,-49.06,5.77
18521,0.95,-1058.51,-27.41,-220.64,-41.82,5.77
18522,1.19,-587.86,-34.92,-207.20,-57.42,5.77
18523,0.84,-67.06,-21.52,-42.46,-43.13,5.77
18524,0.59,-449.96,-30.50,-108.65,-49.16,5.77
18525,0.91,-430.96,-21.55,-100.50,-46.04,5.13
18526,0.64,-283.01,-19.34,-79.81,-38.68,5.13
18527,0.66,-124.27,-46.01,-77.24,-72.59,4.81
18528,0.70,-502.67,-39.51,-124.08,-58.86,4.17
18529,0.78,-437.74,-26.35,-109.35,-57.68,4.17
18530,0.62,-722.74,-35.07,-289.26,-112.64,4.17
18531,0.52,-609.83,-16.44,-121.42,-28.09,4.17
18532,0.47,-374.92,-22.46,-132.93,-82.23,4.17
18533,0.69,-195.59,-32.01,-66.72,-47.42,4.17
18534,0.79,-459.83,-21.20,-146.87,-79.87,4.17
18535,0.54,-112.24,-27.84,-53.19,-35.82,4.17
18536,0.66,-123.62,-23.74,-54.21,-39.96,4.17
18537,0.59,-839.84,-24.09,-320.92,-139.71,4.17
18538,0.69,-943.83,-21.70,-290.18,-110.28,5.45
18539,0.67,-742.43,-27.45,-227.47,-49.78,5.77
18540,1.05,-322.94,-23.90,-140.34,-42.77,6.09
18541,0.74,-1126.34,-49.79,-313.10,-54.65,6.41
18542,0.73,-817.28,-24.09,-162.25,-36.44,5.77
18543,0.68,-53.46,-26.56,-40.82,-42.07,5.77
18544,0.66,-810.01,-36.15,-269.81,-50.61,5.77
18545,0.73,-646.89,-23.41,-123.62,-34.91,5.77
18546,1.80,-767.31,-33.45,-239.81,-60.05,4.81
18547,0.59,-871.05,-42.89,-287.87,-132.51,4.81
18548,0.76,-133.56,-25.17,-50.68,-41.16,4.17
18549,1.04,-564.87,-28.90,-118.76,-50.60,5.13
18550,0.78,-619.90,-31.43,-140.12,-43.04,5.13
18551,0.77,-602.29,-18.37,-208.82,-69.41,5.77
18552,0.89,-786.02,-41.98,-250.37,-53.11,6.41
18553,0.68,-619.93,-35.96,-295.72,-202.79,6.41
18554,0.59,-814.95,-21.66,-312.04,-45.29,6.41
18555,1.09,-135.49,-32.38,-60.28,-51.97,6.41
18556,1.22,-288.61,-31.20,-84.83,-50.63,6.09
18557,0.95,-596.11,-35.00,-219.68,-74.70,6.09
18558,0.65,-732.29,-30.78,-213.48,-48.94,5.77
18559,0.71,-1108.16,-34.10,-296.26,-62.92,5.77
18560,0.80,-779.11,-32.45,-180.44,-65.02,5.45
18561,0.76,-307.19,-44.38,-106.20,-53.66,5.13
18562,0.72,-563.13,-21.44,-154.53,-44.11,5.13
18563,0.94,-849.73,-25.86,-223.23,-61.28,5.13
18564,0.68,-915.08,-32.02,-272.82,-44.43,5.13
18565,0.57,-537.07,-16.37,-158.61,-133.56,5.13
18566,1.18,-717.69,-32.91,-165.94,-41.13,5.45
18567,0.91,-239.48,-34.79,-96.19,-63.64,5.45
18568,0.84,-339.84,-31.23,-124.68,-59.46,5.45
18569,0.75,-112.55,-25.59,-58.65,-48.17,5.45
18570,0.88,-592.38,-31.70,-130.17,-46.20,5.45
18571,0.78,-800.71,-23.95,-160.17,-48.70,5.45
18572,0.59,-578.78,-36.44,-193.09,-47.07,5.45
18573,0.60,-63.78,-23.25,-36.79,-27.56,4.49
18574,1.57,-577.32,-38.02,-180.09,-64.03,4.49
18575,1.33,-644.29,-31.95,-139.97,-43.27,3.85
18576,0.64,-474.35,-22.07,-99.91,-39.41,3.85
18577,1.08,-775.85,-35.49,-183.55,-57.46,3.85
18578,0.98,-825.52,-24.37,-272.16,-134.06,4.49
18579,1.11,-816.08,-33.78,-172.49,-62.17,4.49
18580,0.40,-114.07,-38.14,-80.14,-100.98,5.13
18581,2.17,-583.34,-34.61,-122.80,-43.78,5.13
18582,0.95,-133.77,-38.14,-73.76,-60.57,6.73
18583,1.05,-111.10,-38.80,-51.55,-42.30,6.73
18584,0.78,-703.99,-38.47,-151.73,-48.74,6.73
18585,0.91,-581.92,-37.03,-123.60,-48.75,6.73
18586,0.82,-865.23,-39.42,-170.07,-57.82,6.73
18587,0.98,-593.26,-34.99,-280.37,-67.25,7.05
18588,0.67,-712.51,-35.27,-150.31,-49.88,7.05
18589,0.76,-681.17,-36.23,-215.14,-55.08,7.05
18590,0.94,-52.64,-28.12,-42.38,-42.78,7.05
18591,2.37,-673.38,-22.61,-128.69,-35.95,7.05
18592,1.15,-435.09,-32.73,-105.43,-47.85,7.05
18593,0.79,-553.18,-35.58,-119.77,-49.91,7.05
18594,0.55,-900.06,-18.08,-359.16,-59.68,6.09
18595,0.97,-832.44,-33.82,-268.41,-54.21,6.09
18596,0.97,-574.09,-43.66,-138.82,-65.16,5.13
18597,0.72,-571.84,-15.32,-115.64,-43.97,5.77
18598,0.79,-669.17,-43.89,-218.33,-53.70,5.77
18599,0.68,-954.34,-21.42,-241.09,-55.98,5.77
18600,0.76,-826.87,-32.89,-167.37,-62.38,4.81
18601,0.42,-605.14,-32.56,-270.63,-71.12,4.81
18602,0.81,-739.82,-34.97,-162.15,-62.71,4.81
18603,0.79,-672.33,-21.94,-213.61,-57.97,4.81
18604,1.19,-613.21,-16.13,-134.49,-45.94,5.45
18605,0.73,-195.56,-40.74,-91.20,-53.19,4.81
18606,0.73,-942.08,-48.23,-260.23,-83.34,4.81
18607,0.77,-946.95,-35.14,-266.46,-62.62,4.81
18608,0.66,-591.54,-17.87,-196.80,-51.45,4.49
18609,0.73,-702.56,-43.98,-248.03,-113.37,4.49
18610,1.34,-1007.32,-36.48,-295.66,-60.34,4.49
18611,0.69,-303.98,-29.72,-91.59,-42.12,4.49
18612,1.83,-428.01,-25.54,-148.92,-44.79,4.49
18613,0.75,-573.16,-29.81,-192.67,-45.96,4.49
18614,0.55,-131.82,-36.45,-70.40,-46.30,4.49
18615,0.97,-978.23,-26.66,-196.63,-55.98,4.49
18616,0.74,-136.53,-33.72,-70.35,-49.94,4.49
18617,1.27,-811.72,-33.17,-254.27,-51.60,4.49
18618,0.60,-709.37,-32.77,-241.58,-110.04,4.49
18619,0.70,-669.53,-23.93,-269.73,-58.97,4.49
18620,1.82,-887.17,-39.18,-418.30,-555.00,4.49
18621,0.74,-841.05,-31.23,-337.07,-60.77,4.49
18622,1.49,-589.64,-32.75,-119.60,-36.23,5.45
18623,0.70,-937.87,-17.82,-282.54,-110.99,5.45
18624,0.83,-795.87,-36.21,-156.79,-54.15,5.45
18625,1.71,-573.19,-32.74,-152.51,-46.15,5.45
18626,0.64,-985.12,-19.13,-171.80,-37.31,5.45
18627,1.41,-73.57,-31.31,-47.45,-43.48,5.45
18628,1.30,-850.21,-33.30,-237.37,-49.82,5.45
18629,0.86,-980.90,-27.98,-194.28,-49.30,5.45
18630,0.93,-115.56,-25.80,-53.19,-41.22,5.45
18631,1.76,-970.88,-32.83,-191.81,-64.54,6.41
18632,0.84,-681.14,-31.97,-212.70,-59.52,6.41
18633,0.74,-560.37,-51.83,-186.61,-77.85,5.13
18634,1.35,-958.61,-38.45,-189.69,-44.85,4.81
18635,0.81,-957.15,-48.06,-248.24,-63.17,4.81
18636,0.72,-690.43,-22.34,-153.07,-54.33,4.81
18637,0.61,-579.58,-32.98,-250.19,-112.63,4.81
18638,1.02,-64.66,-18.30,-39.97,-39.92,4.49
18639,0.62,-1060.18,-39.74,-210.52,-66.43,4.49
18640,0.65,-798.97,-39.69,-231.41,-53.59,4.17
18641,0.61,-753.26,-31.69,-266.80,-69.42,4.17
18642,0.72,-95.33,-27.90,-52.61,-46.30,4.17
18643,0.78,-976.19,-20.57,-353.96,-137.01,4.17
18644,1.06,-837.80,-28.04,-306.91,-96.60,4.17
18645,0.69,-676.27,-30.32,-216.43,-53.14,4.17
18646,0.91,-134.03,-24.17,-79.03,-73.37,4.17
18647,0.78,-636.55,-16.23,-134.34,-45.54,4.17
18648,0.88,-128.54,-38.51,-57.46,-43.13,4.17
18649,1.03,-1008.65,-26.38,-186.50,-44.77,4.17
18650,0.74,-844.44,-26.81,-167.59,-45.67,5.13
18651,0.47,-909.48,-34.80,-310.16,-153.45,5.13
18652,0.63,-807.44,-39.20,-248.18,-109.84,5.13
18653,0.91,-697.67,-17.21,-147.80,-55.25,4.49
18654,0.68,-131.32,-29.28,-52.93,-36.69,4.49
18655,0.67,-573.63,-37.49,-122.33,-47.80,4.49
18656,0.80,-118.81,-13.50,-57.61,-44.58,5.13
18657,0.70,-1044.49,-35.23,-326.72,-68.32,3.53
18658,0.65,-538.78,-26.22,-126.80,-60.59,3.53
18659,0.81,-613.14,-37.42,-282.80,-87.87,3.53
18660,0.79,-678.63,-52.80,-398.42,-567.44,3.53
18661,1.11,-547.42,-24.99,-123.00,-53.12,3.53
18662,0.57,-604.76,-37.85,-265.71,-133.42,3.53
18663,0.82,-982.10,-57.07,-273.86,-110.08,3.53
18664,0.67,-1039.74,-35.06,-424.67,-391.89,3.53
18665,0.88,-782.57,-44.51,-254.38,-111.71,3.53
18666,1.13,-583.74,-26.73,-149.20,-110.28,3.53
18667,0.61,-629.66,-36.65,-347.30,-512.84,4.49
18668,1.01,-73.48,-27.63,-50.77,-56.50,5.13
18669,0.72,-59.62,-33.31,-46.38,-48.61,5.13
18670,0.71,-518.71,-33.63,-132.38,-61.67,4.81
18671,0.68,-604.78,-32.29,-126.45,-49.17,4.81
18672,0.93,-1606.76,-29.75,-265.36,-43.18,4.81
18673,0.79,-598.15,-46.42,-219.12,-67.97,4.81
18674,1.05,-560.48,-43.43,-150.95,-57.80,4.81
18675,0.86,-725.29,-36.59,-191.73,-52.18,4.81
18676,0.46,-84.99,-30.95,-47.79,-38.40,5.77
18677,1.01,-672.62,-19.06,-271.46,-47.52,5.77
18678,0.71,-222.26,-30.61,-78.20,-40.15,5.77
18679,0.59,-942.69,-24.06,-185.19,-60.58,5.77
18680,0.84,-628.56,-35.48,-226.99,-59.35,5.77
18681,0.71,-868.41,-31.29,-232.81,-46.68,5.77
18682,0.98,-570.77,-25.54,-126.42,-55.69,5.77
18683,0.81,-194.11,-44.20,-76.87,-52.21,5.77
18684,0.77,-1019.94,-35.69,-225.46,-57.02,5.77
18685,0.49,-603.35,-17.83,-190.46,-44.15,5.77
18686,0.62,-994.68,-33.05,-188.96,-54.07,5.77
18687,0.82,-497.06,-17.95,-124.77,-63.63,5.77
18688,0.89,-770.89,-30.01,-150.99,-55.21,5.13
18689,0.75,-649.27,-27.92,-128.49,-43.17,5.13
18690,0.75,-605.09,-24.04,-148.28,-51.75,5.13
18691,0.95,-887.97,-22.12,-321.03,-43.51,5.13
18692,0.71,-579.57,-33.21,-133.88,-53.06,5.77
18693,1.17,-766.83,-23.20,-164.07,-62.23,5.77
18694,1.17,-1133.32,-25.76,-212.16,-56.48,5.77
18695,2.09,-1308.57,-47.16,-467.40,-578.74,4.81
18696,0.82,-278.64,-42.16,-105.71,-86.41,5.77
18697,0.99,-665.46,-29.57,-186.55,-49.71,5.77
18698,0.72,-804.46,-37.84,-164.86,-44.02,5.77
18699,0.96,-590.07,-17.35,-121.15,-51.66,5.77
18700,0.71,-147.51,-22.36,-61.79,-46.61,5.77
18701,0.67,-884.70,-21.30,-236.64,-48.44,3.85
18702,0.68,-865.33,-26.01,-239.18,-129.73,3.85
18703,0.41,-37.76,-17.52,-26.19,-25.84,3.85
18704,0.54,-990.12,-22.53,-257.32,-29.38,3.85
18705,0.83,-1057.75,-24.47,-412.67,-294.41,3.85
18706,0.43,-584.18,-21.33,-125.21,-31.07,3.85
18707,0.68,-1360.59,-21.23,-542.57,-572.93,5.77
18708,0.46,-676.80,-16.04,-119.58,-30.09,5.77
18709,1.16,-404.59,-15.47,-76.43,-21.89,5.77
18710,1.47,-36.51,-19.61,-25.31,-23.16,4.81
18711,0.66,-1341.71,-19.05,-226.16,-31.60,4.81
18712,0.40,-589.09,-14.81,-120.94,-28.07,4.81
18713,0.37,-559.32,-17.15,-100.66,-25.37,4.81
18714,0.70,-31.50,-12.40,-22.98,-25.38,4.49
18715,0.46,-862.58,-17.05,-194.59,-114.02,4.49
18716,0.45,-44.70,-18.67,-27.25,-23.76,4.17
18717,0.36,-683.64,-19.69,-217.57,-69.13,2.88
18718,0.66,-1014.35,-16.24,-443.95,-565.10,3.21
18719,0.49,-932.53,-21.96,-337.70,-134.47,4.49
18720,0.45,-588.98,-12.43,-118.50,-23.70,4.49
18721,0.47,-596.01,-24.54,-201.18,-54.10,4.81
18722,0.54,-112.78,-21.71,-49.59,-33.56,4.81
18723,0.48,-799.49,-21.96,-170.21,-76.77,4.81
18724,0.65,-791.85,-16.43,-233.83,-36.39,4.81
18725,0.62,-1076.80,-13.50,-312.41,-112.37,4.81
18726,0.62,-627.20,-12.96,-189.29,-27.56,4.81
18727,0.44,-274.20,-14.08,-90.14,-31.59,4.81
18728,0.53,-685.95,-20.09,-217.48,-36.95,4.81
18729,0.68,-684.34,-15.47,-129.45,-26.28,4.81
18730,0.66,-592.81,-16.32,-129.74,-32.73,4.49
18731,0.70,-936.07,-18.80,-212.21,-79.35,4.81
18732,0.91,-869.67,-17.37,-252.22,-74.41,4.81
18733,0.58,-889.30,-22.08,-383.87,-303.70,4.81
18734,0.66,-135.47,-18.92,-40.80,-27.23,4.81
18735,0.80,-594.67,-23.81,-112.30,-31.46,4.81
18736,0.75,-618.80,-22.71,-114.38,-29.66,4.81
18737,0.39,-532.90,-22.03,-110.99,-31.38,4.81
18738,0.48,-599.00,-18.88,-126.97,-35.13,3.53
18739,0.57,-1001.96,-24.53,-259.63,-37.15,3.85
18740,0.61,-606.08,-13.17,-300.39,-312.67,3.85
18741,0.46,-327.17,-15.73,-126.15,-44.46,3.21
18742,0.51,-824.62,-24.28,-358.02,-110.49,3.21
18743,0.59,-861.77,-20.63,-305.83,-110.70,3.21
18744,0.46,-665.65,-21.70,-239.97,-176.85,3.53
18745,0.52,-622.22,-21.34,-129.26,-25.37,3.53
18746,0.34,-716.85,-15.11,-205.84,-138.19,4.17
18747,0.48,-675.19,-20.47,-311.65,-113.08,4.17
18748,0.47,-595.96,-18.03,-191.47,-29.32,4.17
18749,0.51,-982.89,-32.44,-303.36,-107.96,3.85
18750,1.05,-597.76,-13.84,-142.01,-23.04,3.85
18751,0.89,-998.76,-17.55,-449.85,-531.53,4.49
18752,1.17,-114.49,-19.29,-39.44,-26.98,4.49
18753,0.57,-728.65,-22.58,-287.01,-36.07,4.49
18754,0.42,-797.50,-14.53,-235.08,-113.35,4.49
18755,0.63,-891.63,-12.28,-228.22,-30.63,3.53
18756,0.42,-662.00,-9.30,-146.37,-36.53,3.53
18757,0.69,-1096.84,-31.60,-483.34,-169.94,3.53
18758,0.49,-562.19,-27.08,-182.94,-38.28,3.53
18759,0.55,-1051.18,-25.05,-209.23,-50.75,3.53
18760,0.61,-627.34,-12.93,-144.98,-32.01,3.53
18761,0.69,-698.14,-23.62,-222.34,-29.67,3.53
18762,1.03,-1018.86,-24.71,-466.96,-554.45,3.53
18763,0.54,-717.69,-21.36,-170.02,-38.96,3.53
18764,0.61,-863.95,-22.40,-418.91,-366.65,3.53
18765,0.62,-964.84,-32.33,-330.95,-113.32,3.53
18766,0.64,-593.82,-17.51,-156.88,-31.30,3.85
18767,0.75,-1049.85,-21.13,-286.64,-77.79,3.85
18768,0.67,-1065.57,-18.63,-280.59,-30.94,3.53
18769,0.55,-877.67,-16.88,-255.41,-102.99,4.17
18770,0.54,-766.18,-10.99,-217.13,-23.33,4.17
18771,0.38,-564.69,-14.79,-204.25,-36.30,4.17
18772,0.92,-1022.53,-22.89,-420.83,-553.89,4.17
18773,0.57,-935.56,-24.91,-468.45,-558.31,4.17
18774,0.70,-1251.17,-16.16,-421.25,-111.39,4.17
18775,0.47,-114.75,-14.56,-33.70,-19.23,4.17
18776,0.49,-924.87,-23.86,-285.59,-144.20,4.17
18777,0.48,-26.80,-13.85,-20.19,-19.67,4.17
18778,0.49,-866.56,-16.59,-267.48,-38.53,3.53
18779,0.48,-616.42,-12.59,-308.22,-246.34,3.53
18780,0.45,-575.75,-9.64,-170.11,-27.15,4.81
18781,0.74,-584.53,-18.21,-107.45,-29.51,4.81
18782,0.34,-602.02,-23.36,-349.42,-571.80,4.81
18783,0.49,-559.13,-14.39,-99.37,-25.27,4.49
18784,0.76,-1057.59,-34.17,-509.91,-520.41,5.13
18785,0.62,-979.61,-19.78,-194.53,-33.71,5.13
18786,0.46,-825.85,-19.21,-139.40,-28.29,5.13
18787,0.58,-856.48,-26.51,-228.49,-42.04,5.13
18788,1.21,-112.36,-18.47,-43.79,-36.01,5.13
18789,0.67,-964.53,-15.68,-181.70,-26.95,5.13
18790,0.64,-777.56,-24.24,-135.90,-30.78,5.45
18791,0.87,-1117.40,-28.69,-286.27,-84.08,5.45
18792,0.64,-41.13,-14.68,-21.77,-17.76,5.45
18793,0.84,-862.42,-19.48,-207.49,-32.09,5.45
18794,0.42,-136.22,-17.77,-39.59,-25.23,5.45
18795,0.79,-301.50,-20.99,-69.25,-26.44,5.45
18796,0.59,-573.64,-24.47,-128.46,-39.22,5.45
18797,0.44,-334.54,-17.20,-70.91,-27.15,5.45
18798,0.47,-615.98,-21.22,-121.48,-26.86,5.45
18799,0.92,-617.67,-16.77,-232.32,-111.56,5.45
18800,0.50,-131.85,-21.71,-42.81,-28.77,5.45
18801,0.78,-830.22,-23.15,-225.96,-37.85,5.45
18802,0.49,-579.73,-19.88,-123.70,-36.68,5.45
18803,0.84,-94.86,-11.61,-35.34,-26.88,5.45
18804,0.69,-596.10,-20.84,-167.47,-117.07,5.45
18805,0.66,-569.96,-18.86,-117.62,-30.13,5.45
18806,0.82,-538.76,-28.96,-116.67,-35.32,5.45
18807,0.45,-92.02,-14.56,-34.14,-21.33,6.09
18808,0.47,-572.28,-20.64,-158.79,-31.57,5.45
18809,0.49,-651.47,-17.96,-275.27,-48.39,5.45
18810,0.54,-987.93,-16.19,-323.51,-280.02,5.77
18811,0.44,-651.70,-16.06,-199.98,-21.24,5.77
18812,0.70,-634.18,-22.84,-128.06,-26.56,5.77
18813,0.53,-896.45,-14.03,-226.60,-26.08,6.09
18814,1.37,-599.30,-26.66,-200.69,-44.11,6.09
18815,0.72,-985.56,-17.79,-260.32,-81.48,6.09
18816,0.64,-943.50,-19.38,-360.35,-24.91,6.09
18817,0.55,-868.87,-17.77,-180.39,-27.28,6.09
18818,0.49,-540.65,-20.64,-115.15,-31.42,6.73
18819,0.60,-864.95,-21.71,-277.34,-34.76,6.73
18820,0.51,-591.02,-21.17,-126.79,-26.64,6.73
18821,0.37,-625.46,-22.67,-131.06,-37.85,6.73
18822,0.60,-953.65,-11.20,-154.99,-23.21,6.73
18823,0.49,-588.63,-17.56,-140.20,-29.60,6.73
18824,0.73,-790.86,-16.74,-309.24,-114.53,6.73
18825,0.59,-868.24,-20.06,-190.60,-22.04,6.73
18826,0.40,-326.72,-19.60,-83.12,-34.57,6.73
18827,0.44,-600.77,-14.92,-104.34,-22.13,6.73
18828,0.56,-792.58,-20.25,-152.24,-32.63,6.73
18829,0.44,-250.54,-20.44,-56.06,-23.72,6.73
18830,0.48,-602.81,-19.29,-115.43,-26.50,6.73
18831,0.52,-812.15,-14.98,-145.72,-25.17,6.41
18832,0.59,-131.27,-15.75,-35.59,-21.47,6.41
18833,0.46,-281.53,-21.66,-86.16,-33.74,5.77
18834,0.86,-111.53,-16.80,-39.67,-29.14,4.81
18835,0.45,-804.81,-18.14,-164.45,-32.40,4.81
18836,0.43,-136.94,-17.88,-54.47,-27.34,3.53
18837,0.51,-823.01,-19.67,-231.94,-34.27,5.13
18838,0.59,-781.61,-15.51,-229.70,-30.61,5.13
18839,0.65,-1009.26,-16.89,-254.03,-26.56,5.13
18840,0.45,-99.39,-15.23,-32.34,-22.46,5.13
18841,0.45,-840.52,-18.74,-166.70,-27.06,5.13
18842,0.43,-569.80,-21.39,-120.75,-28.15,5.13
18843,0.67,-883.94,-19.74,-249.83,-112.60,5.13
18844,0.74,-601.92,-19.40,-229.63,-142.47,5.13
18845,0.50,-865.51,-18.30,-212.72,-31.85,5.13
18846,0.79,-322.10,-23.86,-80.86,-27.98,5.13
18847,0.46,-834.05,-17.14,-332.04,-28.56,5.13
18848,0.66,-273.36,-19.50,-58.96,-20.97,5.13
18849,0.80,-654.89,-17.96,-170.28,-37.49,5.13
18850,0.41,-748.85,-25.39,-357.12,-527.25,4.49
18851,0.50,-242.53,-20.93,-60.92,-31.82,4.49
18852,0.68,-117.13,-23.20,-38.15,-24.60,3.85
18853,0.39,-351.24,-18.78,-127.22,-33.73,3.85
18854,0.43,-193.74,-20.60,-52.28,-31.22,3.85
18855,0.56,-782.36,-28.32,-306.72,-111.34,3.85
18856,0.51,-952.96,-21.91,-245.17,-28.34,3.85
18857,0.67,-635.86,-19.91,-145.24,-29.80,3.85
18858,0.43,-128.51,-20.99,-59.30,-31.64,3.85
18859,1.17,-1391.02,-22.54,-319.19,-36.40,4.17
18860,0.54,-133.27,-13.20,-62.74,-30.65,4.81
18861,0.68,-828.62,-20.62,-163.64,-38.76,4.17
18862,0.66,-946.54,-22.44,-326.40,-34.87,4.17
18863,0.48,-773.58,-19.21,-321.91,-111.34,5.77
18864,0.78,-626.24,-20.98,-147.92,-101.16,5.77
18865,0.48,-569.35,-18.07,-117.20,-25.37,5.77
18866,0.59,-552.44,-19.77,-117.70,-28.96,5.77
18867,0.53,-857.12,-16.89,-141.14,-24.62,5.77
18868,0.57,-874.31,-16.57,-241.14,-28.73,5.77
18869,0.43,-289.80,-19.32,-82.87,-38.38,5.77
18870,0.46,-35.55,-20.10,-27.83,-29.03,5.77
18871,0.42,-133.31,-17.59,-51.16,-24.10,5.77
18872,0.59,-135.72,-13.20,-40.07,-25.86,5.77
18873,0.99,-677.32,-27.56,-198.80,-112.04,5.77
18874,0.52,-895.12,-24.01,-191.65,-113.84,5.77
18875,0.66,-359.78,-21.81,-109.71,-32.42,3.85
18876,0.78,-1281.46,-27.01,-325.64,-132.09,3.85
18877,0.68,-198.71,-21.60,-66.68,-26.73,3.85
18878,0.46,-600.45,-21.97,-244.07,-110.92,5.13
18879,0.47,-202.07,-13.96,-52.02,-29.33,4.49
18880,0.53,-576.62,-26.12,-184.77,-32.02,5.13
18881,0.64,-593.24,-19.37,-122.42,-29.74,4.17
18882,0.62,-851.00,-24.55,-365.38,-137.29,4.17
18883,0.60,-585.84,-19.85,-106.80,-30.96,4.17
18884,0.61,-584.07,-23.06,-123.70,-37.67,4.81
18885,0.51,-810.33,-19.79,-141.21,-32.70,4.81
18886,0.64,-807.82,-16.74,-175.33,-34.58,4.81
18887,0.50,-601.65,-18.54,-107.86,-27.52,4.81
18888,0.46,-463.14,-23.07,-99.99,-28.07,4.81
18889,0.83,-1459.80,-18.40,-330.42,-36.29,4.81
18890,0.67,-41.40,-16.29,-29.43,-27.88,4.81
18891,0.32,-611.06,-14.65,-254.40,-114.13,5.13
18892,0.36,-658.41,-16.51,-267.10,-28.46,5.13
18893,0.66,-515.47,-18.60,-112.64,-29.96,5.13
18894,0.78,-1191.99,-17.98,-427.10,-140.22,5.13
18895,0.53,-320.95,-15.48,-103.32,-33.61,5.13
18896,0.91,-1403.73,-17.94,-303.36,-29.18,5.13
18897,0.53,-845.86,-21.47,-232.57,-31.89,5.13
18898,0.53,-902.26,-13.42,-147.43,-23.96,5.13
18899,0.49,-44.85,-20.79,-29.03,-26.56,4.49
18900,0.65,-1030.59,-14.49,-273.21,-25.18,4.17
18901,0.42,-686.73,-23.30,-291.96,-44.75,3.53
18902,0.44,-268.16,-8.47,-90.02,-37.11,3.53
18903,0.52,-599.70,-22.20,-132.45,-36.60,3.53
18904,0.67,-952.97,-21.24,-284.79,-135.69,3.85
18905,0.79,-966.09,-22.57,-207.98,-35.33,3.85
18906,0.39,-697.54,-21.97,-158.17,-113.09,3.85
18907,0.42,-201.36,-14.65,-102.80,-108.42,3.85
18908,0.73,-931.90,-20.52,-449.18,-539.91,3.85
18909,0.51,-882.20,-15.95,-182.66,-27.98,3.85
18910,0.61,-827.08,-16.04,-359.15,-94.97,5.77
18911,0.35,-588.71,-18.40,-193.48,-25.81,5.77
18912,0.50,-581.30,-23.22,-106.90,-29.07,5.77
18913,0.90,-978.24,-18.08,-174.03,-29.12,5.77
18914,0.44,-642.54,-20.05,-196.86,-32.93,5.77
18915,0.46,-540.94,-18.78,-112.90,-31.33,5.77
18916,0.80,-863.59,-12.01,-241.98,-24.56,5.77
18917,0.72,-724.43,-23.93,-303.59,-38.71,5.13
18918,0.42,-527.28,-22.24,-123.56,-24.68,5.13
18919,0.55,-919.76,-17.19,-228.14,-26.06,5.13
18920,0.63,-992.15,-15.44,-229.00,-97.36,5.13
18921,0.53,-902.51,-21.55,-151.54,-28.03,5.13
18922,0.47,-135.76,-15.30,-36.68,-20.88,5.13
18923,0.68,-328.33,-15.65,-97.48,-28.14,4.81
18924,0.63,-574.11,-19.75,-122.24,-25.83,4.81
18925,0.68,-1153.06,-21.37,-197.64,-26.57,4.81
18926,0.42,-414.54,-17.42,-97.78,-31.98,4.81
18927,0.39,-101.29,-18.28,-43.38,-24.10,4.81
18928,0.79,-1080.39,-13.37,-277.95,-111.81,5.13
18929,0.42,-402.93,-23.02,-121.76,-27.19,5.13
18930,0.50,-114.12,-19.30,-47.19,-29.70,5.13
18931,0.59,-919.28,-19.20,-237.78,-115.69,5.45
18932,0.61,-1107.65,-19.86,-179.59,-26.11,3.21
18933,0.60,-1170.46,-19.29,-525.40,-584.06,3.21
18934,0.71,-1033.91,-26.03,-427.56,-535.27,3.21
18935,0.54,-769.69,-20.63,-383.65,-552.18,4.49
18936,0.66,-603.91,-21.94,-189.74,-27.67,4.49
18937,0.41,-626.77,-17.03,-122.68,-24.15,4.81
18938,0.60,-1088.14,-20.14,-266.11,-42.48,4.81
18939,0.44,-588.25,-19.28,-145.09,-31.63,4.17
18940,0.63,-375.50,-27.65,-111.98,-99.35,4.17
18941,0.78,-1331.48,-15.37,-318.59,-30.27,4.17
18942,1.25,-268.93,-15.48,-72.75,-27.31,4.17
18943,0.36,-685.09,-15.56,-189.59,-22.83,4.17
18944,0.47,-805.43,-19.30,-152.61,-29.68,4.17
18945,0.84,-1285.87,-23.97,-280.92,-43.48,4.81
18946,0.60,-980.15,-22.96,-362.20,-372.60,2.88
18947,0.58,-905.04,-43.49,-448.41,-535.55,2.88
18948,0.24,-555.44,-27.52,-193.42,-137.43,2.88
18949,0.46,-578.11,-24.75,-357.28,-435.90,2.88
18950,0.72,-865.46,-18.88,-402.61,-480.78,2.88
18951,0.61,-925.91,-18.41,-355.87,-97.07,3.53
18952,0.61,-383.92,-13.00,-133.45,-34.96,2.88
18953,0.43,-852.66,-17.87,-277.64,-112.29,3.21
18954,0.77,-1396.84,-17.54,-428.46,-131.80,3.21
18955,0.61,-933.25,-26.89,-458.23,-461.60,3.21
18956,0.36,-538.49,-28.88,-169.03,-128.16,3.21
18957,0.63,-1041.93,-17.41,-626.18,-839.55,3.21
18958,0.47,-898.19,-26.97,-398.06,-548.57,3.21
18959,1.50,-936.20,-18.27,-200.36,-46.78,3.21
18960,0.51,-905.88,-22.78,-403.09,-549.74,3.21
18961,0.78,-1105.83,-18.60,-442.80,-139.56,4.49
18962,0.75,-1083.23,-19.08,-284.14,-41.27,4.49
18963,0.40,-801.73,-17.07,-207.87,-134.53,4.49
18964,0.87,-1005.15,-19.05,-363.28,-28.57,4.49
18965,0.66,-1097.28,-19.82,-193.89,-25.90,4.17
18966,0.35,-564.54,-17.13,-125.42,-33.36,4.17
18967,0.44,-473.46,-22.34,-124.72,-44.37,4.17
18968,0.54,-578.09,-20.05,-193.55,-134.25,4.17
18969,0.49,-519.33,-14.84,-108.96,-22.50,4.17
18970,0.53,-918.15,-20.70,-296.87,-39.18,4.17
18971,0.68,-1132.00,-19.48,-351.59,-142.95,3.53
18972,0.80,-837.98,-17.18,-375.08,-481.59,3.53
18973,0.82,-594.31,-17.77,-228.89,-38.48,3.53
18974,0.66,-581.24,-11.72,-206.46,-112.82,3.53
18975,0.84,-635.77,-24.71,-223.41,-113.66,3.53
18976,1.19,-465.73,-21.23,-169.51,-38.12,4.17
18977,0.62,-842.25,-12.32,-141.85,-28.45,4.17
18978,0.39,-568.15,-19.83,-212.12,-133.58,4.17
18979,0.38,-599.74,-16.23,-163.26,-31.05,4.17
18980,0.46,-561.83,-21.05,-139.00,-25.94,4.17
18981,0.45,-576.85,-21.52,-109.32,-30.10,4.17
18982,0.49,-247.61,-18.72,-59.52,-29.72,3.85
18983,0.37,-638.34,-17.84,-147.02,-110.40,3.85
18984,0.76,-1305.41,-23.76,-504.36,-630.32,3.85
18985,0.51,-870.73,-21.00,-353.80,-171.17,3.85
18986,0.44,-41.66,-16.07,-25.95,-25.05,3.85
18987,0.39,-631.45,-16.62,-152.01,-29.26,3.85
18988,0.61,-916.70,-17.94,-382.54,-544.39,3.53
18989,0.47,-881.72,-18.72,-327.78,-132.99,3.53
18990,0.60,-110.41,-13.34,-39.22,-27.32,3.53
18991,0.58,-911.98,-21.54,-338.15,-28.18,3.53
18992,0.61,-881.18,-15.13,-332.74,-31.10,2.88
18993,0.37,-439.20,-23.30,-149.56,-114.36,2.88
18994,0.65,-999.99,-26.03,-417.72,-312.31,2.88
18995,0.51,-901.82,-22.78,-377.43,-442.06,4.49
18996,0.63,-796.48,-21.27,-137.75,-30.50,4.49
18997,0.80,-587.30,-19.09,-109.10,-29.51,4.17
18998,0.43,-142.01,-13.50,-54.31,-25.45,4.17
18999,0.50,-752.77,-19.26,-191.84,-35.12,4.49
19000,0.73,-111.02,-22.58,-39.94,-26.89,4.49
19001,0.67,-240.65,-20.14,-88.93,-35.67,4.49
19002,0.48,-27.39,-17.36,-23.30,-24.73,4.81
19003,0.90,-1173.54,-14.34,-188.65,-24.35,4.81
19004,1.29,-538.88,-9.62,-111.88,-24.74,4.17
19005,0.71,-914.91,-17.68,-177.78,-25.12,4.49
19006,0.58,-980.86,-16.59,-295.07,-28.11,4.17
19007,0.45,-508.68,-19.27,-106.48,-32.12,4.17
19008,0.41,-38.92,-16.04,-25.75,-22.07,4.17
19009,0.53,-807.47,-17.69,-155.18,-30.50,4.17
19010,0.51,-575.68,-17.44,-190.57,-70.19,4.49
19011,0.57,-934.58,-9.32,-191.91,-73.17,4.49
19012,0.53,-948.23,-13.48,-321.88,-32.52,4.49
19013,0.59,-150.62,-19.40,-70.49,-40.63,4.49
19014,0.51,-589.57,-16.17,-117.37,-24.41,4.49
19015,0.82,-765.04,-16.31,-241.35,-114.53,4.49
19016,0.75,-616.69,-23.01,-208.08,-33.55,4.17
19017,0.56,-838.69,-18.71,-206.51,-32.08,4.17
19018,0.53,-576.08,-17.71,-123.07,-30.26,4.17
19019,0.61,-857.94,-29.32,-416.63,-587.18,4.17
19020,0.53,-596.81,-21.17,-203.11,-34.05,4.17
19021,0.47,-569.09,-19.04,-180.22,-24.01,4.17
19022,0.41,-113.06,-14.68,-34.86,-24.97,4.17
19023,0.88,-852.34,-20.65,-352.41,-131.00,4.17
19024,0.73,-677.28,-14.97,-202.86,-138.50,4.17
19025,0.53,-853.11,-19.17,-333.43,-131.71,3.53
19026,0.48,-808.95,-19.11,-358.51,-437.25,4.81
19027,0.47,-112.50,-20.55,-38.78,-26.85,4.81
19028,0.50,-135.58,-18.31,-57.33,-35.57,4.81
19029,0.56,-923.09,-17.53,-324.30,-135.93,3.53
19030,0.50,-611.77,-14.27,-218.55,-113.44,3.53
19031,0.61,-602.81,-17.50,-171.86,-112.14,3.53
19032,0.64,-972.35,-21.32,-271.43,-36.25,3.53
19033,1.17,-829.01,-21.31,-186.68,-25.55,3.53
19034,0.69,-1014.39,-24.85,-382.88,-36.33,3.21
19035,0.52,-824.87,-15.61,-225.29,-112.94,3.53
19036,0.49,-902.27,-11.42,-213.99,-34.85,4.17
19037,0.61,-631.00,-18.91,-188.40,-25.16,4.81
19038,0.85,-716.24,-28.45,-176.28,-31.84,4.81
19039,0.60,-620.64,-24.19,-127.59,-26.55,4.81
19040,0.39,-582.43,-14.91,-127.85,-29.72,4.81
19041,0.43,-727.12,-18.50,-222.63,-42.27,4.81
19042,0.41,-583.24,-35.41,-218.82,-113.73,4.81
19043,0.46,-664.54,-15.67,-117.32,-31.62,4.81
19044,0.47,-553.96,-22.84,-163.21,-36.80,3.85
19045,0.56,-926.01,-12.19,-307.77,-136.49,3.85
19046,0.85,-281.96,-26.26,-134.23,-112.27,3.85
19047,0.67,-1116.27,-17.92,-376.40,-127.63,3.85
19048,0.73,-674.56,-15.26,-146.84,-29.59,3.85
19049,0.51,-575.89,-15.40,-280.60,-315.59,3.85
19050,1.07,-580.73,-25.80,-220.58,-129.70,3.85
19051,0.54,-842.65,-25.11,-405.76,-132.97,3.85
19052,0.44,-328.21,-16.39,-104.94,-38.38,3.21
19053,0.53,-793.45,-19.48,-243.36,-32.68,3.21
19054,0.33,-132.76,-19.69,-93.67,-111.19,4.49
19055,0.51,-945.96,-12.93,-157.17,-26.52,4.49
19056,0.48,-575.44,-21.76,-178.95,-25.07,4.49
19057,0.44,-712.70,-12.92,-206.63,-26.36,4.49
19058,0.51,-566.57,-16.87,-101.44,-25.85,4.49
19059,0.68,-156.17,-21.14,-63.57,-29.44,5.13
19060,0.47,-717.69,-21.76,-125.20,-27.78,3.21
19061,1.37,-1060.33,-15.12,-451.82,-567.86,3.21
19062,0.61,-577.64,-27.46,-268.73,-163.24,3.21
19063,0.41,-686.42,-22.71,-246.56,-108.27,3.21
19064,0.40,-150.22,-20.66,-55.25,-24.97,3.21
19065,0.62,-840.27,-17.31,-247.61,-109.91,3.21
19066,0.98,-356.53,-22.88,-103.07,-31.15,3.21
19067,0.50,-846.62,-21.24,-401.61,-337.80,3.21
19068,0.59,-1054.96,-20.34,-410.52,-364.57,3.21
19069,0.51,-1078.62,-18.84,-365.48,-146.65,3.53
19070,0.43,-494.97,-19.41,-174.80,-33.81,4.17
19071,0.56,-565.95,-17.93,-101.40,-23.57,4.17
19072,0.81,-946.32,-20.90,-251.87,-109.84,4.17
19073,0.40,-581.73,-20.54,-145.27,-54.91,4.17
19074,0.46,-764.18,-15.52,-135.51,-30.68,4.17
19075,0.58,-1048.95,-15.05,-290.18,-28.40,4.49
19076,0.58,-894.60,-14.29,-266.38,-31.76,4.49
19077,0.58,-1073.61,-13.72,-463.05,-554.05,4.49
19078,0.47,-634.46,-20.08,-208.57,-36.38,4.49
19079,0.71,-940.85,-22.61,-331.46,-80.37,4.17
19080,0.53,-571.04,-15.29,-139.92,-23.27,3.85
19081,0.52,-810.76,-26.54,-327.17,-284.06,4.81
19082,0.37,-575.04,-20.03,-207.36,-111.37,4.81
19083,0.50,-508.61,-16.49,-132.50,-29.48,3.53
19084,0.51,-801.90,-20.66,-276.28,-51.79,4.81
19085,0.90,-131.18,-22.24,-65.15,-43.98,4.81
19086,1.04,-934.87,-25.08,-329.94,-98.71,4.81
19087,0.69,-590.51,-17.51,-182.26,-24.02,4.81
19088,0.69,-761.66,-19.13,-158.74,-30.01,3.85
19089,0.45,-173.72,-18.84,-48.13,-26.29,3.85
19090,0.37,-53.45,-20.71,-31.18,-28.87,3.85
19091,0.72,-923.87,-13.60,-389.15,-27.65,3.85
19092,0.46,-781.54,-18.22,-143.28,-28.96,3.85
19093,0.65,-1022.73,-26.74,-603.45,-680.59,3.85
19094,0.76,-131.53,-20.91,-68.71,-40.33,3.85
19095,0.49,-796.40,-22.37,-224.34,-26.49,3.85
19096,0.67,-945.94,-15.84,-184.34,-38.06,3.85
19097,0.77,-1479.35,-18.84,-444.16,-42.46,5.13
19098,0.72,-643.84,-26.55,-225.21,-59.49,5.13
19099,0.67,-826.59,-16.83,-229.29,-24.37,5.13
19100,0.59,-637.98,-17.82,-206.08,-26.29,5.13
19101,1.09,-1217.94,-28.31,-310.81,-111.37,5.13
19102,0.45,-537.51,-16.86,-99.22,-27.66,5.77
19103,0.47,-130.60,-21.05,-38.63,-23.62,5.77
19104,0.42,-113.28,-21.24,-39.34,-28.37,5.77
19105,0.43,-619.41,-8.67,-227.08,-27.69,5.77
19106,0.54,-616.30,-15.88,-186.98,-26.33,5.77
19107,0.45,-592.79,-23.09,-212.13,-104.54,5.77
19108,0.45,-586.60,-22.07,-134.11,-45.58,5.77
19109,0.76,-599.48,-17.60,-105.23,-24.52,5.45
19110,0.34,-30.29,-15.59,-21.04,-19.02,5.45
19111,0.43,-613.57,-17.65,-161.02,-24.72,5.45
19112,0.44,-111.95,-17.83,-37.34,-27.15,5.45
19113,0.61,-34.07,-17.48,-24.93,-23.79,5.45
19114,0.45,-137.50,-13.13,-40.13,-25.12,5.45
19115,0.54,-552.63,-27.86,-132.61,-43.15,4.49
19116,0.73,-1387.71,-30.32,-263.87,-111.47,4.49
19117,0.50,-935.05,-20.17,-316.33,-32.47,4.49
19118,0.75,-714.86,-20.81,-141.19,-28.54,4.49
19119,0.77,-982.52,-14.12,-268.44,-27.62,4.49
19120,0.70,-115.64,-14.63,-44.17,-22.61,4.49
19121,0.46,-626.76,-24.51,-268.96,-62.05,4.49
19122,1.02,-558.56,-24.74,-203.70,-110.00,4.49
19123,0.54,-568.24,-18.70,-115.79,-29.19,4.49
19124,0.99,-767.26,-18.98,-401.76,-456.55,4.49
19125,0.68,-392.32,-18.14,-102.08,-38.82,4.49
19126,0.32,-599.56,-24.06,-134.52,-27.64,4.49
19127,0.38,-117.80,-18.27,-37.03,-24.14,4.49
19128,0.97,-579.97,-22.13,-121.87,-31.28,4.49
19129,0.63,-609.05,-20.44,-119.39,-27.56,4.49
19130,0.79,-612.28,-22.75,-221.51,-110.44,4.49
19131,0.45,-29.95,-22.17,-25.79,-25.64,3.21
19132,0.50,-576.70,-20.87,-169.31,-31.56,3.21
19133,0.49,-791.81,-28.70,-340.08,-207.05,3.21
19134,0.54,-531.85,-21.99,-185.34,-137.86,3.85
19135,0.67,-724.03,-23.04,-399.89,-569.53,3.85
19136,0.53,-574.44,-16.75,-182.34,-40.04,3.85
19137,0.51,-916.00,-29.07,-245.62,-44.78,3.85
19138,0.61,-651.00,-15.53,-208.91,-33.98,3.85
19139,0.46,-614.06,-18.26,-274.18,-108.50,3.85
19140,0.59,-926.56,-21.57,-268.80,-29.32,3.85
19141,0.76,-953.78,-15.98,-276.33,-113.44,3.85
19142,0.49,-649.79,-10.91,-126.86,-29.52,3.85
19143,0.64,-922.32,-18.93,-329.86,-111.64,3.85
19144,0.57,-479.10,-17.77,-141.97,-26.40,3.85
19145,0.47,-752.81,-15.24,-209.89,-30.83,3.85
19146,0.56,-566.22,-20.99,-156.10,-30.97,3.85
19147,0.35,-110.65,-24.71,-37.74,-25.52,3.85
19148,0.44,-742.77,-21.12,-301.10,-113.04,3.85
19149,0.52,-893.41,-28.51,-333.47,-162.44,4.17
19150,0.66,-891.97,-12.84,-198.23,-36.67,4.17
19151,0.51,-889.51,-21.02,-358.88,-281.34,4.17
19152,0.32,-139.97,-20.74,-72.07,-27.18,4.17
19153,1.05,-1069.40,-23.42,-346.30,-155.23,4.17
19154,0.49,-899.43,-21.05,-332.68,-25.76,4.17
19155,0.55,-924.26,-25.87,-488.75,-600.50,3.85
19156,0.50,-577.93,-19.80,-235.55,-37.04,3.85
19157,0.32,-615.59,-25.13,-349.81,-547.99,3.85
19158,0.62,-952.36,-22.72,-282.27,-23.85,3.85
19159,0.64,-950.36,-23.53,-510.73,-630.99,4.81
19160,0.38,-137.45,-12.91,-52.47,-26.28,4.81
19161,0.60,-835.05,-20.52,-143.96,-30.90,5.45
19162,0.63,-599.89,-26.79,-262.25,-115.08,6.41
19163,0.39,-114.75,-24.94,-41.75,-27.55,6.41
19164,0.33,-559.09,-24.26,-103.39,-27.28,6.41
19165,0.32,-577.00,-20.63,-128.53,-31.33,6.41
19166,0.33,-138.67,-19.89,-60.16,-34.67,6.41
19167,0.61,-960.29,-26.17,-227.48,-34.31,5.13
19168,0.50,-597.66,-20.89,-325.52,-471.29,5.13
19169,0.54,-884.74,-22.93,-241.70,-30.97,5.13
19170,0.78,-597.43,-26.35,-160.17,-36.48,5.13
19171,0.59,-647.11,-26.74,-204.01,-43.38,5.13
19172,0.36,-577.17,-27.65,-173.49,-117.52,5.13
19173,0.38,-575.98,-19.32,-211.70,-138.55,5.13
19174,0.51,-367.04,-20.09,-77.15,-30.25,5.13
19175,0.41,-451.20,-21.96,-147.62,-27.05,5.13
19176,0.38,-325.37,-22.50,-71.35,-30.52,5.45
19177,0.37,-272.18,-27.13,-147.96,-216.71,5.45
19178,0.39,-443.31,-25.03,-88.03,-28.32,5.77
19179,0.45,-819.46,-22.41,-202.61,-111.96,5.77
19180,0.63,-716.18,-29.46,-234.51,-135.31,5.77
19181,0.50,-590.27,-27.57,-190.58,-32.82,3.85
19182,0.50,-587.81,-30.88,-236.73,-176.52,3.85
19183,0.55,-902.98,-17.83,-225.40,-30.56,4.17
19184,1.53,-323.02,-30.15,-150.80,-113.58,4.17
19185,0.44,-539.06,-23.84,-158.49,-47.95,4.17
19186,0.65,-419.06,-26.12,-181.55,-75.06,4.17
19187,0.51,-518.90,-23.30,-225.97,-104.29,4.17
19188,0.41,-577.13,-27.56,-112.67,-30.28,4.17
19189,0.43,-578.70,-22.06,-194.81,-82.02,4.17
19190,0.44,-813.84,-23.38,-210.56,-28.00,4.17
19191,0.30,-132.38,-25.07,-57.56,-29.05,4.17
19192,0.48,-821.04,-21.15,-300.15,-28.85,4.49
19193,0.50,-954.44,-19.35,-379.48,-361.82,4.49
19194,0.72,-1004.38,-25.84,-418.23,-35.47,4.49
19195,0.59,-904.99,-23.19,-438.62,-668.79,4.17
19196,0.38,-693.93,-19.16,-331.53,-194.86,4.17
19197,0.52,-671.02,-20.49,-125.86,-32.61,4.17
19198,0.47,-834.34,-24.30,-263.08,-39.27,4.49
19199,0.49,-757.83,-26.13,-155.65,-29.64,4.49
19200,1.28,-965.29,-27.11,-196.91,-30.36,4.49
19201,0.47,-552.79,-23.09,-232.21,-61.77,4.49
19202,0.50,-792.51,-20.43,-227.30,-25.92,4.81
19203,0.32,-222.16,-27.95,-90.75,-41.21,4.81
19204,0.61,-355.98,-18.13,-145.77,-162.36,4.49
19205,0.62,-1119.94,-32.07,-454.09,-486.12,4.49
19206,0.45,-570.55,-25.95,-291.21,-232.00,4.49
19207,0.60,-652.81,-28.94,-196.43,-43.81,4.81
19208,0.61,-1164.04,-21.56,-269.87,-40.39,4.81
19209,0.38,-204.59,-24.08,-87.79,-35.52,5.77
19210,0.53,-168.08,-22.74,-53.33,-32.59,5.45
19211,0.32,-115.85,-22.66,-40.96,-29.82,5.45
19212,0.82,-797.27,-20.80,-287.92,-26.02,5.45
19213,0.41,-582.18,-22.41,-199.07,-44.12,5.45
19214,0.43,-433.27,-24.49,-114.85,-37.01,5.77
19215,0.50,-462.30,-23.27,-154.31,-47.92,5.77
19216,0.51,-224.28,-28.58,-57.99,-29.90,8.01
19217,0.55,-612.50,-25.45,-283.13,-286.77,7.05
19218,0.58,-930.22,-23.93,-201.59,-28.61,6.73
19219,0.50,-557.81,-22.75,-158.16,-37.71,6.73
19220,0.74,-988.68,-25.19,-184.07,-30.70,6.73
19221,0.64,-168.50,-29.45,-76.32,-32.67,7.37
19222,0.44,-36.03,-25.07,-29.12,-28.27,7.37
19223,0.32,-362.18,-23.84,-100.74,-37.14,7.37
19224,0.46,-142.90,-28.28,-62.41,-35.72,7.37
19225,0.38,-48.29,-19.63,-31.63,-29.17,7.37
19226,0.49,-150.80,-24.15,-77.58,-32.97,6.73
19227,0.54,-501.61,-26.47,-163.90,-27.41,6.73
19228,0.44,-126.13,-20.86,-41.25,-29.47,6.73
19229,0.70,-664.69,-24.65,-149.47,-29.77,6.73
19230,0.33,-574.82,-23.23,-104.02,-25.94,6.41
19231,0.55,-830.06,-21.79,-142.83,-30.10,6.41
19232,0.40,-112.01,-24.19,-43.46,-32.40,5.77
19233,0.41,-264.20,-22.99,-62.55,-25.87,5.77
19234,0.49,-158.56,-28.96,-49.40,-31.72,5.77
19235,0.52,-851.59,-25.67,-166.35,-34.95,5.77
19236,0.34,-33.81,-21.90,-28.60,-28.05,5.77
19237,0.40,-243.98,-17.94,-74.08,-30.82,5.77
19238,0.48,-862.60,-27.83,-359.15,-301.99,5.77
19239,0.33,-198.72,-23.54,-67.86,-36.82,4.49
19240,0.30,-131.04,-26.61,-58.62,-32.15,4.81
19241,1.54,-518.93,-26.01,-212.61,-232.17,4.81
19242,0.55,-1008.07,-22.81,-287.82,-197.14,4.81
19243,0.68,-861.86,-30.91,-327.32,-135.09,4.81
19244,0.44,-814.37,-25.98,-219.32,-115.09,5.77
19245,0.55,-938.98,-25.47,-385.33,-169.24,5.77
19246,0.35,-115.72,-22.70,-42.46,-29.97,5.13
19247,0.63,-631.95,-22.37,-188.34,-124.51,5.45
19248,0.47,-406.08,-25.95,-134.99,-74.15,5.45
19249,0.46,-133.83,-24.72,-58.87,-32.50,5.45
19250,0.37,-115.95,-22.75,-38.61,-27.17,5.45
19251,0.47,-792.58,-23.10,-296.57,-137.51,6.09
19252,1.07,-651.57,-23.12,-180.46,-30.81,6.09
19253,0.50,-819.82,-26.32,-329.04,-99.01,6.09
19254,0.39,-666.37,-24.46,-270.01,-33.16,6.09
19255,0.50,-683.59,-21.60,-372.89,-522.92,6.09
19256,0.51,-864.84,-19.90,-311.60,-88.76,6.09
19257,1.30,-598.95,-26.97,-164.70,-30.48,6.09
19258,0.41,-682.52,-22.02,-145.08,-44.22,6.09
19259,0.39,-222.90,-16.97,-71.89,-31.66,6.09
19260,0.69,-245.88,-24.41,-70.94,-28.81,6.09
19261,0.65,-975.95,-23.29,-354.09,-290.63,6.09
19262,0.57,-40.22,-23.23,-27.37,-25.60,6.09
19263,0.49,-578.87,-21.97,-164.74,-31.38,6.09
19264,0.35,-613.05,-22.62,-132.36,-38.44,6.09
19265,0.32,-612.59,-24.39,-152.26,-28.79,6.09
19266,0.69,-1275.64,-26.70,-350.79,-139.64,6.09
19267,0.53,-807.70,-33.56,-198.88,-55.14,6.09
19268,0.63,-135.16,-26.75,-49.34,-37.70,6.09
19269,1.25,-887.47,-23.30,-374.00,-492.52,5.77
19270,0.32,-549.18,-22.69,-114.17,-27.83,4.17
19271,0.91,-968.54,-26.54,-230.53,-32.19,4.17
19272,0.30,-599.98,-25.09,-157.42,-33.72,4.17
19273,0.28,-595.24,-24.82,-249.41,-190.86,4.17
19274,0.30,-131.15,-25.86,-56.71,-36.23,4.17
19275,0.75,-112.00,-28.02,-54.64,-29.87,4.17
19276,0.29,-296.80,-27.01,-133.50,-111.72,4.17
19277,0.33,-148.78,-26.02,-77.77,-34.19,4.81
19278,0.31,-559.33,-29.04,-134.68,-54.52,4.81
19279,0.30,-615.00,-27.98,-130.45,-35.74,4.81
19280,0.38,-689.59,-26.10,-142.16,-31.56,4.81
19281,0.31,-205.66,-26.33,-67.41,-32.09,4.49
19282,0.32,-560.76,-28.48,-124.46,-32.84,4.49
19283,0.47,-124.19,-27.20,-55.47,-32.10,4.49
19284,0.51,-841.04,-31.54,-320.05,-137.49,4.49
19285,0.48,-826.01,-25.31,-328.76,-33.47,3.85
19286,0.28,-332.46,-25.61,-87.58,-31.37,3.85
19287,0.52,-878.80,-32.67,-244.62,-51.27,5.13
19288,0.31,-334.98,-25.38,-103.21,-31.97,5.13
19289,0.41,-606.83,-39.96,-182.62,-113.61,4.49
19290,0.83,-850.37,-22.74,-341.01,-164.29,4.49
19291,0.51,-411.91,-24.97,-85.36,-30.12,4.49
19292,0.59,-763.37,-26.52,-314.41,-44.53,4.49
19293,0.60,-975.20,-22.05,-222.57,-30.24,4.49
19294,0.57,-677.45,-26.06,-136.36,-30.14,4.17
19295,0.68,-893.41,-30.80,-221.28,-104.35,3.85
19296,0.52,-616.28,-18.28,-231.79,-25.49,3.85
19297,0.53,-216.89,-29.83,-82.89,-48.58,3.85
19298,0.86,-963.49,-26.74,-341.39,-160.56,3.85
19299,1.39,-938.08,-20.88,-314.24,-222.24,4.49
19300,0.50,-954.17,-23.33,-188.98,-38.80,4.49
19301,1.66,-814.99,-29.42,-499.47,-583.67,4.49
19302,0.44,-554.61,-22.63,-184.64,-32.22,5.13
19303,0.35,-138.24,-24.62,-73.89,-35.15,5.13
19304,0.56,-137.03,-20.16,-41.72,-25.66,5.13
19305,0.57,-884.49,-16.14,-160.91,-31.70,5.13
19306,0.48,-740.66,-21.86,-295.67,-173.26,5.13
19307,0.49,-882.98,-21.82,-179.62,-44.10,5.13
19308,1.32,-586.56,-23.22,-148.87,-35.54,5.13
19309,0.42,-568.49,-25.94,-123.17,-34.54,5.13
19310,0.55,-850.89,-28.71,-234.00,-32.66,5.13
19311,0.74,-649.18,-19.30,-186.74,-176.69,5.13
19312,0.45,-113.51,-23.77,-64.80,-34.67,5.13
19313,0.42,-620.86,-20.10,-191.08,-33.31,5.13
19314,0.63,-996.78,-21.60,-281.73,-28.45,5.13
19315,0.51,-671.04,-19.12,-284.93,-39.08,5.13
19316,0.52,-767.39,-26.01,-211.08,-29.94,5.13
19317,0.47,-856.82,-20.86,-296.46,-115.02,5.13
19318,0.67,-583.54,-21.50,-122.05,-32.73,5.13
19319,0.48,-565.73,-28.42,-166.54,-35.16,4.81
19320,0.72,-953.97,-20.13,-164.25,-32.65,4.81
19321,0.46,-836.64,-25.59,-229.09,-35.94,5.77
19322,0.49,-776.26,-24.07,-260.40,-114.26,5.77
19323,0.45,-602.21,-16.14,-124.53,-29.68,5.77
19324,0.47,-558.22,-21.88,-211.51,-30.69,5.77
19325,0.49,-141.08,-23.77,-59.24,-32.12,5.77
19326,0.60,-632.65,-29.28,-262.47,-132.93,6.09
19327,0.34,-605.40,-19.13,-160.58,-37.04,6.09
19328,0.43,-730.35,-24.55,-144.31,-35.32,6.09
19329,0.35,-131.98,-20.42,-40.74,-25.70,6.09
19330,0.61,-924.22,-24.72,-158.95,-30.81,6.09
19331,0.59,-784.47,-29.26,-151.54,-31.99,6.09
19332,0.49,-606.01,-16.77,-112.67,-33.41,6.09
19333,0.99,-440.50,-24.01,-132.66,-29.91,6.09
19334,0.72,-163.79,-27.63,-51.60,-33.67,6.09
19335,0.54,-946.94,-21.82,-394.54,-318.40,6.09
19336,0.49,-388.86,-16.04,-77.77,-27.08,6.09
19337,0.57,-570.71,-27.21,-172.12,-46.37,5.77
19338,0.46,-606.83,-18.80,-128.96,-30.91,5.77
19339,0.36,-630.98,-26.65,-253.25,-131.69,5.77
19340,0.73,-849.28,-22.55,-179.41,-29.84,5.77
19341,0.55,-905.91,-24.90,-319.50,-236.04,5.77
19342,0.65,-606.72,-16.54,-146.62,-41.69,5.77
19343,0.70,-171.02,-19.72,-62.77,-31.14,5.77
19344,1.26,-361.07,-27.67,-109.35,-31.58,5.77
19345,0.46,-630.57,-18.86,-116.11,-33.33,5.77
19346,0.66,-113.15,-26.57,-56.88,-37.58,5.77
19347,0.87,-125.13,-24.62,-46.54,-31.59,5.77
19348,0.49,-559.02,-21.75,-136.16,-52.19,5.77
19349,0.43,-590.31,-18.23,-131.81,-29.21,5.77
19350,0.39,-639.82,-20.39,-127.82,-29.68,5.77
19351,1.18,-973.41,-22.49,-235.71,-35.38,5.77
19352,0.39,-645.82,-22.44,-145.67,-34.53,6.09
19353,0.42,-340.92,-18.59,-100.02,-31.79,6.09
19354,1.01,-234.38,-23.89,-88.59,-47.81,6.09
19355,0.56,-939.12,-24.55,-163.90,-29.59,6.09
19356,0.57,-416.44,-25.42,-145.42,-119.24,5.77
19357,0.47,-169.32,-22.97,-59.38,-27.58,5.77
19358,0.57,-595.35,-25.98,-262.62,-249.54,5.77
19359,0.33,-564.55,-19.70,-140.76,-37.69,5.77
19360,0.49,-890.14,-22.27,-249.18,-42.88,4.81
19361,0.47,-775.10,-21.17,-160.07,-43.24,4.81
19362,0.61,-791.85,-18.04,-276.89,-110.69,4.81
19363,0.49,-820.89,-35.17,-174.35,-47.04,4.81
19364,0.47,-773.94,-29.98,-305.81,-67.15,4.81
19365,0.54,-847.71,-20.30,-210.97,-134.58,4.81
19366,0.53,-913.79,-20.57,-182.22,-76.13,4.81
19367,0.37,-635.45,-22.83,-204.33,-29.25,4.81
19368,0.53,-971.18,-17.03,-197.92,-39.20,4.81
19369,0.65,-905.71,-20.14,-166.02,-31.92,5.13
19370,0.40,-430.38,-28.57,-113.34,-29.71,5.13
19371,1.17,-457.75,-22.20,-131.81,-40.78,4.81
19372,0.59,-1099.95,-22.59,-317.87,-58.12,4.81
19373,0.53,-883.42,-26.74,-282.81,-32.12,4.81
19374,0.67,-890.66,-25.25,-242.24,-32.75,4.81
19375,0.66,-840.01,-27.21,-187.70,-78.76,4.81
19376,0.52,-899.23,-22.29,-304.45,-166.97,4.81
19377,0.37,-614.09,-23.27,-220.24,-114.76,4.81
19378,0.68,-786.80,-28.08,-322.42,-240.16,4.81
19379,0.57,-617.10,-20.44,-121.94,-33.12,5.45
19380,0.53,-269.69,-33.95,-82.37,-41.35,5.45
19381,1.02,-867.33,-30.07,-312.88,-261.98,5.45
19382,0.88,-1202.84,-25.77,-213.78,-39.11,6.73
19383,0.63,-870.74,-29.23,-183.72,-35.52,6.73
19384,0.46,-417.84,-20.42,-81.05,-24.28,6.73
19385,0.41,-575.63,-22.69,-116.40,-36.94,6.73
19386,0.39,-580.27,-13.62,-138.32,-42.24,6.73
19387,0.82,-41.53,-26.07,-30.42,-29.38,6.73
19388,0.67,-1008.81,-24.31,-466.80,-562.60,6.09
19389,0.83,-796.42,-20.29,-153.04,-36.54,6.09
19390,0.57,-582.17,-24.00,-109.69,-26.96,5.77
19391,0.59,-869.61,-25.16,-181.46,-37.50,5.77
19392,0.64,-587.72,-33.53,-133.59,-42.80,5.77
19393,0.60,-854.31,-22.85,-245.25,-38.80,5.77
19394,0.45,-573.31,-24.94,-160.49,-115.55,5.77
19395,0.48,-39.08,-23.23,-29.78,-27.20,5.77
19396,0.69,-948.14,-24.01,-239.91,-39.35,5.45
19397,0.48,-840.09,-30.95,-368.15,-451.84,5.45
19398,0.43,-658.99,-27.30,-145.82,-32.02,5.45
19399,0.53,-115.17,-19.61,-47.81,-32.67,5.45
19400,1.12,-1221.50,-23.12,-296.87,-34.42,5.45
19401,0.69,-230.10,-27.24,-61.40,-34.36,5.45
19402,0.55,-190.43,-22.58,-59.13,-29.63,5.45
19403,0.79,-1368.29,-18.89,-240.04,-27.25,5.45
19404,0.49,-626.07,-26.49,-207.11,-37.34,5.45
19405,0.64,-966.72,-29.86,-415.45,-219.95,5.45
19406,1.46,-329.82,-24.25,-114.61,-39.24,5.13
19407,0.99,-451.75,-21.51,-94.00,-37.60,5.13
19408,0.40,-61.09,-26.67,-37.63,-33.45,5.13
19409,0.30,-562.54,-20.56,-204.45,-31.74,5.45
19410,0.44,-575.85,-25.45,-196.88,-36.77,5.13
19411,0.48,-544.96,-22.23,-190.05,-56.41,5.45
19412,0.53,-529.28,-29.48,-206.25,-121.00,5.45
19413,1.04,-411.94,-23.66,-85.62,-32.25,5.45
19414,0.65,-1157.08,-20.25,-347.60,-137.95,5.45
19415,0.60,-98.08,-20.45,-43.29,-38.79,5.77
19416,0.74,-571.94,-20.12,-165.10,-66.90,5.77
19417,0.52,-768.28,-25.30,-234.50,-27.66,5.77
19418,0.62,-558.73,-18.62,-150.50,-33.97,5.77
19419,0.40,-163.67,-16.01,-62.46,-30.06,5.77
19420,0.66,-530.82,-21.11,-130.66,-41.70,5.77
19421,0.40,-799.58,-15.00,-204.59,-133.13,5.77
19422,0.90,-777.14,-31.09,-173.64,-71.62,4.81
19423,0.38,-345.84,-39.06,-148.59,-159.16,4.81
19424,0.36,-326.43,-27.26,-113.82,-39.00,4.81
19425,0.34,-249.02,-18.56,-70.47,-35.19,4.81
19426,1.74,-625.71,-17.68,-241.84,-138.97,5.45
19427,0.59,-577.72,-18.63,-119.32,-31.09,5.45
19428,0.50,-885.55,-23.71,-268.43,-33.21,5.45
19429,0.55,-875.43,-20.59,-246.49,-35.08,5.45
19430,0.36,-618.88,-27.26,-198.39,-32.25,4.81
19431,0.34,-159.55,-21.90,-75.98,-33.78,4.81
19432,0.36,-601.88,-20.89,-230.50,-32.43,4.81
19433,1.35,-780.87,-18.23,-223.79,-102.83,4.81
19434,0.55,-178.64,-19.64,-77.52,-37.07,4.81
19435,0.35,-606.00,-26.50,-237.47,-80.63,4.81
19436,0.59,-1105.64,-23.59,-224.73,-114.79,4.81
19437,0.37,-586.49,-21.70,-118.53,-31.19,4.81
19438,0.67,-844.08,-22.35,-225.68,-34.76,4.81
19439,0.57,-1083.43,-33.65,-291.35,-114.55,4.81
19440,0.34,-297.33,-24.35,-94.74,-30.03,4.81
19441,0.35,-155.89,-22.78,-51.28,-36.89,4.81
19442,1.55,-653.98,-21.33,-214.44,-31.42,4.81
19443,0.37,-588.86,-29.22,-126.33,-41.14,4.81
19444,0.76,-628.34,-33.53,-365.76,-550.69,4.81
19445,0.68,-971.46,-22.32,-258.22,-50.25,4.81
19446,1.13,-617.45,-24.71,-193.06,-39.13,4.81
19447,0.78,-836.10,-28.11,-314.22,-163.16,4.81
19448,0.54,-598.35,-23.56,-123.47,-32.93,4.81
19449,0.31,-578.01,-30.68,-149.04,-112.83,4.81
19450,0.47,-818.96,-19.65,-355.14,-360.92,4.81
19451,0.92,-546.01,-25.63,-134.03,-38.34,4.81
19452,0.52,-937.27,-25.88,-433.04,-566.59,4.81
19453,0.53,-582.95,-30.64,-238.89,-115.01,5.13
19454,0.38,-113.82,-23.59,-45.60,-31.66,5.45
19455,0.40,-599.92,-23.26,-136.10,-57.52,4.81
19456,0.60,-1019.02,-21.60,-344.80,-162.89,4.81
19457,0.51,-323.54,-17.64,-68.60,-29.52,5.45
19458,0.32,-134.98,-19.12,-65.58,-28.64,5.45
19459,1.07,-961.04,-29.85,-353.59,-213.35,5.45
19460,1.37,-810.02,-26.16,-360.12,-310.27,5.45
19461,0.49,-587.52,-14.40,-182.70,-114.12,5.45
19462,0.78,-118.30,-24.37,-54.86,-32.10,5.45
19463,0.64,-1020.92,-22.94,-257.40,-44.76,5.45
19464,0.63,-983.10,-20.77,-277.79,-129.47,5.45
19465,0.52,-562.11,-26.55,-205.26,-113.82,5.13
19466,0.37,-185.86,-20.07,-66.13,-29.99,5.13
19467,0.39,-580.15,-14.46,-143.54,-112.54,5.45
19468,0.45,-95.30,-22.30,-47.45,-31.17,5.45
19469,0.71,-799.95,-21.56,-258.98,-38.24,5.45
19470,0.55,-593.21,-22.92,-135.61,-32.78,5.45
19471,0.99,-1185.90,-16.91,-194.82,-30.81,5.13
19472,0.39,-681.68,-25.14,-168.25,-33.57,4.49
19473,0.53,-838.86,-18.76,-246.64,-92.66,4.49
19474,0.70,-891.23,-26.63,-269.69,-134.25,4.49
19475,0.49,-877.31,-17.13,-322.07,-91.44,4.49
19476,0.40,-634.22,-14.43,-195.85,-27.05,4.49
19477,0.41,-630.60,-24.39,-211.21,-33.70,4.49
19478,1.04,-496.02,-24.73,-112.37,-37.32,4.49
19479,0.49,-164.62,-26.55,-63.54,-34.63,5.45
19480,0.51,-112.30,-24.22,-41.72,-28.62,5.45
19481,0.43,-506.04,-29.43,-197.35,-37.04,5.45
19482,0.31,-562.79,-20.72,-115.33,-25.95,5.45
19483,0.51,-505.06,-18.47,-113.38,-35.70,5.45
19484,0.40,-140.39,-21.60,-43.06,-24.81,5.45
19485,0.52,-493.59,-27.88,-209.88,-187.08,5.45
19486,0.65,-1116.16,-21.50,-356.60,-117.43,5.45
19487,0.57,-32.02,-21.41,-26.81,-25.86,6.73
19488,0.71,-1035.20,-18.25,-182.75,-30.65,6.73
19489,0.67,-60.97,-21.87,-34.42,-29.82,6.73
19490,0.54,-812.40,-21.56,-172.32,-40.77,5.45
19491,0.40,-542.64,-22.52,-113.28,-33.73,5.13
19492,0.45,-572.75,-20.45,-120.59,-29.83,4.81
19493,0.66,-610.73,-21.02,-114.37,-35.82,4.81
19494,0.61,-942.81,-28.53,-396.20,-411.11,4.81
19495,0.56,-980.42,-23.03,-177.79,-26.05,4.81
19496,0.42,-237.20,-26.63,-65.95,-33.94,4.81
19497,0.51,-533.55,-22.06,-166.91,-37.10,4.81
19498,0.78,-577.60,-25.08,-278.27,-103.53,4.81
19499,1.46,-259.71,-28.16,-101.82,-37.49,5.13
19500,0.61,-815.34,-36.16,-287.77,-153.82,5.13
19501,0.63,-906.70,-25.54,-404.54,-219.29,5.13
19502,0.49,-115.79,-21.57,-43.71,-36.96,5.13
19503,0.46,-342.40,-22.15,-85.59,-37.45,4.49
19504,0.48,-773.15,-32.29,-381.65,-506.13,4.49
19505,0.52,-539.06,-23.83,-146.42,-44.80,4.49
19506,0.67,-509.42,-25.39,-173.10,-133.91,4.49
19507,0.70,-1271.41,-23.72,-276.00,-33.12,4.49
19508,0.42,-593.89,-21.50,-257.62,-115.40,4.49
19509,0.55,-927.83,-22.34,-313.85,-259.10,4.49
19510,0.56,-259.64,-18.98,-97.67,-44.31,5.13
19511,0.43,-598.12,-21.45,-277.28,-114.27,5.13
19512,0.67,-947.17,-23.26,-172.36,-34.08,5.13
19513,0.82,-1131.00,-27.35,-281.77,-41.18,5.13
19514,0.69,-66.44,-25.75,-39.02,-31.79,5.13
19515,0.49,-602.33,-28.34,-240.22,-80.87,5.13
19516,0.90,-563.44,-20.82,-105.23,-29.15,5.13
19517,0.34,-133.39,-24.26,-45.88,-35.42,5.13
19518,0.66,-776.57,-22.56,-366.60,-515.49,5.13
19519,0.56,-550.65,-25.31,-136.30,-31.54,5.13
19520,1.43,-594.98,-23.03,-152.56,-39.27,5.13
19521,0.59,-629.42,-30.99,-199.10,-44.91,5.13
19522,0.41,-570.54,-14.30,-181.38,-37.05,4.49
19523,0.52,-774.63,-17.92,-229.13,-46.23,4.81
19524,1.05,-960.77,-16.72,-384.43,-85.80,4.81
19525,1.05,-860.60,-29.14,-211.73,-136.74,4.81
19526,1.14,-588.20,-32.98,-121.14,-39.91,5.13
19527,0.68,-593.92,-18.48,-191.12,-34.50,5.13
19528,0.64,-793.20,-19.81,-160.28,-49.32,5.13
19529,0.52,-864.13,-17.77,-204.08,-58.95,5.13
19530,0.46,-690.48,-17.76,-202.00,-31.76,5.13
19531,0.88,-1326.09,-20.12,-331.49,-42.35,5.13
19532,0.53,-827.79,-35.69,-242.60,-41.82,5.13
19533,0.72,-570.28,-27.98,-189.41,-47.52,5.13
19534,0.49,-106.76,-24.76,-54.87,-43.26,4.81
19535,1.09,-891.74,-24.29,-267.88,-131.73,4.81
19536,0.49,-829.92,-25.54,-439.00,-553.23,4.81
19537,0.59,-923.84,-25.65,-349.27,-57.64,4.81
19538,0.46,-780.16,-13.18,-193.01,-37.44,4.81
19539,0.80,-579.51,-28.76,-120.35,-41.98,4.81
19540,0.68,-823.42,-24.55,-154.07,-44.66,5.13
19541,0.61,-638.17,-16.16,-205.06,-55.09,4.49
19542,0.59,-616.58,-27.49,-198.96,-40.77,4.49
19543,1.25,-621.90,-18.65,-178.49,-47.83,4.17
19544,0.65,-519.06,-28.03,-104.84,-36.28,4.17
19545,0.74,-357.39,-25.92,-89.80,-31.94,4.17
19546,0.54,-870.93,-15.98,-239.92,-111.99,4.17
19547,0.72,-600.90,-22.16,-169.55,-80.09,4.17
19548,1.18,-964.74,-24.75,-310.00,-113.75,4.17
19549,0.79,-864.30,-20.85,-183.47,-59.12,4.17
19550,0.37,-565.01,-20.36,-169.47,-41.52,4.17
19551,1.47,-554.09,-23.92,-145.43,-45.38,5.13
19552,0.57,-199.25,-22.98,-67.84,-41.62,5.13
19553,0.61,-622.60,-31.44,-187.12,-41.11,5.13
19554,0.80,-1139.87,-12.26,-353.63,-32.89,5.13
19555,0.76,-944.57,-24.41,-277.74,-42.33,5.13
19556,0.40,-644.63,-25.67,-181.04,-110.00,5.13
19557,1.44,-462.54,-22.72,-154.56,-30.26,5.13
19558,1.04,-593.70,-19.94,-228.81,-44.59,5.13
19559,0.76,-906.70,-20.37,-214.50,-34.31,5.13
19560,0.74,-802.33,-31.34,-236.81,-39.59,5.13
19561,0.66,-573.27,-29.30,-200.11,-50.00,5.13
19562,0.50,-592.21,-31.72,-205.19,-50.09,4.81
19563,0.51,-99.39,-32.08,-50.36,-44.03,4.81
19564,0.69,-878.31,-21.68,-274.78,-49.71,4.81
19565,1.01,-136.68,-24.73,-55.63,-39.41,4.81
19566,0.54,-552.81,-25.75,-128.91,-53.39,4.81
19567,0.84,-742.99,-21.16,-213.77,-36.38,4.81
19568,0.61,-788.68,-23.37,-260.19,-30.63,5.13
19569,0.75,-545.78,-22.29,-131.02,-34.75,5.45
19570,0.68,-135.60,-16.33,-52.23,-42.81,5.45
19571,0.76,-86.27,-10.50,-34.89,-24.02,5.45
19572,0.72,-60.86,-34.81,-42.94,-40.80,5.45
19573,0.62,-921.45,-27.40,-435.12,-550.79,5.45
19574,0.61,-113.20,-15.89,-38.88,-27.81,5.45
19575,0.60,-583.56,-14.07,-158.55,-36.48,5.45
19576,0.51,-50.18,-24.51,-34.40,-34.21,5.13
19577,0.63,-113.17,-22.32,-44.43,-34.66,5.13
19578,0.66,-1116.32,-20.76,-451.20,-413.48,5.13
19579,1.15,-910.23,-21.77,-277.24,-44.01,5.13
19580,0.69,-190.76,-25.35,-74.78,-66.21,3.85
19581,0.94,-905.31,-11.83,-191.77,-26.22,3.85
19582,0.62,-619.17,-26.63,-255.36,-137.08,4.17
19583,0.37,-325.33,-15.63,-130.24,-113.63,4.17
19584,1.19,-867.07,-18.32,-195.72,-42.71,4.17
19585,0.69,-802.83,-20.29,-250.67,-135.00,3.85
19586,0.76,-881.89,-21.10,-323.26,-113.38,3.85
19587,0.68,-909.87,-18.49,-389.91,-480.54,4.49
19588,0.51,-450.51,-21.59,-151.65,-49.65,4.49
19589,0.55,-834.37,-23.18,-311.59,-63.08,4.49
19590,0.74,-593.74,-27.17,-201.44,-35.89,4.81
19591,0.56,-55.63,-18.22,-29.88,-26.26,5.13
19592,0.41,-592.53,-20.68,-228.14,-39.94,5.45
19593,0.66,-909.95,-15.06,-309.03,-47.14,5.45
19594,0.36,-458.37,-20.75,-121.85,-45.06,4.81
19595,0.70,-591.08,-20.84,-126.51,-32.82,4.81
19596,0.88,-694.94,-19.77,-265.13,-44.32,4.81
19597,0.93,-590.39,-28.79,-151.54,-73.34,4.81
19598,1.38,-970.63,-21.99,-180.75,-38.47,5.13
19599,0.67,-1037.21,-19.85,-181.17,-36.11,5.13
19600,0.67,-447.42,-19.23,-91.37,-35.38,4.49
19601,0.52,-596.24,-19.29,-194.72,-67.24,4.81
19602,0.81,-450.01,-26.23,-200.94,-49.64,3.85
19603,0.95,-864.89,-26.28,-177.74,-49.35,3.85
19604,0.84,-540.99,-23.61,-176.63,-47.80,3.85
19605,0.56,-134.45,-17.37,-55.00,-30.83,3.85
19606,0.72,-811.78,-23.49,-167.91,-41.69,3.85
19607,0.95,-112.61,-18.51,-43.33,-34.11,3.85
19608,0.56,-962.91,-24.84,-252.57,-44.25,4.49
19609,0.84,-446.74,-26.86,-161.64,-112.81,4.49
19610,0.38,-541.19,-20.95,-109.57,-29.14,4.49
19611,0.58,-209.54,-16.48,-60.70,-42.52,5.13
19612,0.51,-764.28,-18.72,-217.49,-42.31,5.13
19613,0.50,-783.09,-28.78,-296.91,-138.56,5.13
19614,0.74,-1078.51,-13.37,-240.98,-40.42,5.13
19615,0.50,-140.32,-30.15,-66.87,-57.74,5.13
19616,0.72,-587.74,-21.55,-124.89,-29.98,5.13
19617,0.59,-1095.10,-30.79,-327.16,-75.93,5.13
19618,0.67,-453.51,-16.80,-100.92,-31.31,5.13
19619,0.59,-997.07,-27.48,-368.82,-110.90,5.13
19620,0.68,-902.78,-16.94,-167.73,-33.45,5.13
19621,0.69,-347.25,-18.64,-103.24,-50.20,4.49
19622,0.71,-821.58,-23.57,-206.91,-110.80,4.81
19623,0.63,-866.64,-28.74,-244.30,-40.35,4.81
19624,0.63,-112.11,-25.18,-45.28,-33.18,4.81
19625,0.80,-834.00,-18.02,-264.51,-67.05,4.81
19626,0.57,-49.22,-27.78,-34.20,-32.93,5.45
19627,0.57,-545.99,-24.61,-153.09,-40.66,5.13
19628,1.47,-319.20,-23.21,-118.86,-40.52,5.13
19629,0.90,-569.49,-23.88,-111.53,-37.90,4.81
19630,0.82,-441.68,-16.81,-135.44,-42.02,4.81
19631,0.63,-565.09,-18.19,-104.03,-27.92,4.49
19632,0.79,-1447.51,-28.59,-479.16,-248.99,4.49
19633,0.66,-714.27,-31.13,-234.97,-113.61,4.49
19634,0.49,-760.02,-23.22,-262.61,-66.83,4.81
19635,1.14,-849.89,-30.80,-229.31,-42.17,4.81
19636,0.64,-581.12,-26.46,-179.18,-50.67,5.45
19637,0.84,-58.10,-20.80,-37.67,-34.74,5.45
19638,0.87,-624.25,-14.06,-111.19,-27.26,6.09
19639,0.66,-264.09,-26.86,-92.31,-43.38,3.85
19640,0.73,-602.68,-17.90,-177.45,-39.18,3.85
19641,0.48,-335.20,-22.25,-84.15,-43.79,4.49
19642,0.87,-368.21,-21.43,-114.09,-35.84,4.49
19643,0.70,-139.12,-21.81,-59.98,-25.18,4.49
19644,0.68,-925.73,-12.16,-177.06,-50.49,4.49
19645,0.46,-582.43,-23.74,-164.40,-49.71,4.49
19646,0.81,-630.27,-31.59,-138.98,-39.29,4.17
19647,0.53,-297.14,-18.10,-84.01,-41.94,4.17
19648,1.51,-564.75,-30.27,-166.78,-37.07,4.17
19649,0.73,-1019.13,-29.72,-335.75,-63.54,4.17
19650,0.50,-115.95,-18.56,-42.46,-38.68,4.17
19651,0.85,-627.62,-16.76,-142.90,-47.39,4.17
19652,0.43,-543.04,-33.13,-179.15,-40.85,4.17
19653,0.57,-576.38,-22.89,-201.39,-60.01,5.13
19654,0.74,-835.87,-18.23,-256.92,-34.19,5.13
19655,0.53,-557.79,-29.69,-120.72,-37.54,5.13
19656,0.71,-586.69,-18.29,-113.38,-38.05,5.13
19657,0.69,-54.63,-18.95,-37.12,-34.61,5.13
19658,0.79,-573.21,-25.23,-188.62,-40.96,6.41
19659,1.04,-134.95,-20.75,-45.84,-29.51,6.41
19660,0.70,-824.95,-20.55,-234.33,-45.84,6.41
19661,0.79,-1028.81,-16.83,-251.64,-39.61,5.45
19662,0.66,-956.41,-39.48,-408.76,-293.65,4.49
19663,0.64,-594.27,-18.57,-130.19,-34.75,4.81
19664,0.69,-1014.73,-18.51,-277.63,-73.02,4.81
19665,2.04,-109.21,-16.55,-37.09,-29.26,4.81
19666,0.51,-872.20,-34.12,-327.44,-111.11,4.81
19667,0.46,-581.33,-21.08,-114.40,-35.25,4.81
19668,0.60,-880.66,-25.01,-246.66,-42.37,5.13
19669,1.17,-607.51,-23.02,-227.32,-110.15,5.13
19670,0.68,-630.44,-22.05,-223.53,-37.67,5.13
19671,1.34,-932.72,-30.65,-416.37,-409.15,5.13
19672,0.74,-892.51,-26.77,-377.20,-122.52,5.13
19673,0.45,-571.54,-26.80,-266.27,-70.52,5.13
19674,0.57,-798.21,-22.84,-242.75,-51.86,5.13
19675,0.62,-573.63,-32.41,-206.00,-113.08,5.13
19676,0.80,-599.09,-17.53,-215.86,-113.73,4.17
19677,0.38,-609.31,-13.24,-121.28,-28.51,4.17
19678,0.67,-890.43,-27.43,-312.85,-42.25,4.17
19679,1.06,-591.15,-22.26,-112.97,-32.47,5.13
19680,0.51,-534.37,-33.08,-116.12,-37.92,5.13
19681,0.63,-321.61,-29.46,-152.14,-39.75,5.13
19682,0.48,-541.25,-17.25,-143.45,-39.14,5.77
19683,1.37,-522.97,-19.02,-97.52,-25.65,4.49
19684,0.85,-616.08,-22.28,-172.09,-50.24,5.13
19685,0.54,-113.44,-23.01,-46.58,-36.15,5.13
19686,0.74,-1317.41,-26.12,-233.44,-35.63,4.81
19687,0.55,-161.73,-28.90,-59.98,-44.12,4.81
19688,0.65,-926.65,-32.27,-218.45,-54.08,4.81
19689,0.77,-604.35,-29.21,-121.55,-37.01,4.81
19690,0.54,-756.22,-35.16,-285.99,-131.37,4.81
19691,1.01,-329.09,-30.43,-90.34,-40.23,4.81
19692,1.03,-249.97,-20.80,-69.18,-26.61,4.81
19693,0.75,-862.61,-19.86,-165.06,-33.59,4.81
19694,0.49,-591.70,-23.56,-126.84,-43.28,4.81
19695,0.82,-523.85,-23.08,-118.07,-38.77,4.81
19696,0.44,-386.43,-20.01,-114.20,-46.22,4.81
19697,0.45,-558.44,-24.64,-153.18,-59.04,4.81
19698,0.65,-711.32,-23.04,-213.81,-53.27,4.81
19699,0.61,-573.25,-18.78,-106.81,-27.07,4.81
19700,0.53,-740.87,-23.86,-219.86,-40.81,4.81
19701,0.87,-55.49,-22.80,-39.30,-40.98,6.41
19702,0.48,-618.53,-19.95,-119.61,-37.78,6.41
19703,1.03,-759.94,-20.72,-134.87,-32.13,6.41
19704,0.60,-220.58,-19.33,-62.92,-37.66,6.41
19705,0.56,-737.39,-18.08,-178.19,-50.25,6.41
19706,1.56,-317.10,-20.17,-73.38,-32.51,6.41
19707,0.89,-737.11,-26.69,-150.33,-45.86,6.41
19708,0.69,-131.47,-12.13,-44.29,-32.90,6.73
19709,0.63,-596.62,-24.06,-113.51,-37.96,6.73
19710,0.50,-113.37,-18.61,-40.18,-31.28,6.73
19711,0.70,-892.35,-22.72,-242.96,-42.15,6.09
19712,0.93,-1246.22,-22.54,-205.35,-33.05,6.09
19713,0.58,-593.73,-25.34,-212.36,-112.35,6.09
19714,0.53,-283.07,-19.77,-71.31,-32.11,7.05
19715,0.71,-827.97,-24.62,-156.66,-31.93,7.05
19716,0.71,-946.07,-27.79,-240.49,-35.81,7.05
19717,0.75,-1134.89,-18.67,-329.88,-48.16,7.05
19718,1.16,-900.64,-15.84,-346.66,-40.04,7.05
19719,0.74,-589.81,-20.48,-112.49,-36.62,7.05
19720,0.78,-1344.78,-26.14,-306.79,-35.96,7.05
19721,1.02,-331.11,-27.01,-117.61,-41.79,7.69
19722,0.61,-44.49,-19.38,-35.95,-40.64,7.69
19723,0.49,-36.57,-24.37,-31.49,-31.77,7.69
19724,0.61,-565.56,-27.46,-121.83,-37.38,7.69
19725,0.63,-759.48,-22.75,-149.74,-39.20,7.69
19726,0.59,-35.32,-20.95,-29.52,-32.51,7.69
19727,1.15,-586.65,-25.51,-154.17,-34.20,7.69
19728,0.42,-620.95,-14.52,-189.47,-28.25,7.69
19729,0.61,-56.35,-24.47,-40.30,-37.89,7.69
19730,1.08,-1216.38,-12.66,-310.61,-24.25,7.69
19731,0.57,-72.00,-25.59,-41.72,-39.32,5.13
19732,0.67,-843.08,-18.23,-207.86,-47.90,5.13
19733,0.61,-418.78,-25.88,-156.73,-44.87,5.13
19734,0.49,-109.89,-21.20,-44.07,-35.40,5.13
19735,0.61,-979.99,-16.10,-286.31,-35.09,5.77
19736,0.55,-49.96,-22.60,-37.38,-33.66,6.09
19737,0.68,-792.16,-21.81,-230.78,-41.12,6.09
19738,1.07,-623.88,-32.57,-170.29,-49.06,6.09
19739,0.56,-621.56,-21.35,-147.42,-64.81,6.09
19740,0.67,-981.97,-23.35,-301.86,-98.83,6.09
19741,1.32,-42.42,-21.79,-30.53,-28.52,5.45
19742,1.26,-51.74,-18.69,-35.21,-36.98,5.45
19743,0.72,-183.12,-26.33,-61.66,-34.22,5.45
19744,0.54,-851.64,-13.79,-146.96,-29.81,5.77
19745,0.45,-569.35,-24.90,-157.81,-40.96,5.45
19746,0.83,-399.94,-20.25,-138.00,-47.16,5.45
19747,0.63,-911.84,-25.68,-260.69,-40.15,5.45
19748,0.70,-50.37,-24.59,-37.55,-36.53,5.45
19749,0.88,-602.10,-35.85,-196.84,-53.12,6.09
19750,0.80,-658.23,-29.93,-238.16,-43.04,6.09
19751,1.02,-572.17,-23.78,-109.01,-29.11,6.09
19752,0.65,-849.58,-29.41,-178.74,-40.27,6.09
19753,1.22,-590.38,-24.01,-249.45,-54.77,6.09
19754,0.61,-823.52,-23.43,-162.97,-42.44,6.09
19755,0.51,-606.04,-25.71,-199.60,-35.19,6.41
19756,0.74,-372.79,-16.48,-85.90,-39.40,6.41
19757,0.49,-780.96,-35.44,-266.13,-113.03,6.41
19758,0.62,-603.25,-21.01,-199.36,-47.48,5.77
19759,1.16,-494.93,-26.62,-156.23,-115.36,5.77
19760,0.68,-504.09,-26.69,-119.47,-34.82,5.77
19761,0.69,-702.49,-15.92,-200.31,-31.83,6.09
19762,0.88,-600.91,-26.69,-195.86,-50.96,6.09
19763,0.77,-966.15,-24.22,-171.55,-34.22,6.09
19764,0.48,-615.58,-24.85,-207.81,-44.91,6.09
19765,0.81,-52.31,-17.46,-35.60,-40.92,6.09
19766,0.40,-569.99,-20.42,-156.09,-33.69,6.09
19767,1.07,-609.16,-20.07,-116.76,-43.12,6.09
19768,0.90,-856.70,-34.76,-347.78,-108.77,6.09
19769,0.54,-49.70,-21.22,-37.01,-35.64,6.09
19770,0.68,-138.53,-27.89,-52.20,-35.65,6.09
19771,0.45,-588.03,-34.78,-199.11,-41.09,6.09
19772,0.98,-271.65,-17.72,-76.95,-52.47,6.09
19773,0.60,-579.56,-24.38,-129.10,-41.57,6.09
19774,0.52,-887.47,-24.68,-273.07,-60.21,6.09
19775,0.69,-138.68,-24.89,-48.88,-30.73,5.45
19776,0.61,-298.27,-25.91,-72.31,-38.46,5.45
19777,0.44,-131.18,-23.45,-43.35,-27.79,5.45
19778,0.65,-823.02,-18.33,-150.28,-43.63,5.13
19779,0.94,-49.38,-17.86,-34.56,-35.10,4.81
19780,0.92,-580.92,-18.98,-108.96,-31.55,4.81
19781,0.81,-317.06,-23.69,-94.05,-37.06,4.81
19782,0.52,-579.46,-13.11,-122.93,-32.56,4.81
19783,0.48,-869.02,-18.82,-224.55,-35.54,4.81
19784,0.81,-585.65,-24.18,-110.59,-29.78,5.13
19785,0.54,-819.19,-18.50,-324.02,-40.04,5.13
19786,0.67,-881.65,-41.26,-462.48,-556.22,4.81
19787,1.10,-1262.05,-20.56,-253.65,-40.04,4.81
19788,0.64,-960.90,-31.20,-308.49,-48.15,4.81
19789,0.42,-266.68,-24.35,-76.12,-32.43,4.81
19790,0.42,-618.14,-17.85,-153.37,-30.12,4.81
19791,0.34,-619.07,-27.35,-279.67,-110.45,4.81
19792,0.68,-943.25,-22.52,-244.59,-41.48,4.81
19793,0.62,-719.80,-24.12,-153.32,-40.73,4.81
19794,0.69,-1116.66,-24.50,-344.07,-56.75,4.81
19795,0.53,-582.40,-28.76,-338.69,-558.92,4.81
19796,0.73,-39.87,-19.27,-29.44,-30.48,4.17
19797,1.39,-531.02,-29.14,-189.70,-134.25,4.17
19798,0.66,-548.70,-30.18,-161.85,-33.12,4.17
19799,0.49,-571.13,-21.71,-105.36,-30.49,4.17
19800,0.51,-913.80,-17.92,-182.39,-45.61,4.17
19801,0.61,-567.69,-22.41,-106.78,-28.63,4.17
19802,1.00,-301.77,-21.42,-84.26,-46.55,4.17
19803,0.43,-604.94,-20.01,-165.76,-28.34,4.17
19804,0.64,-1055.98,-28.63,-451.16,-537.15,6.09
19805,1.42,-268.48,-24.39,-62.81,-30.95,5.77
19806,0.48,-130.29,-22.35,-43.98,-32.62,5.77
19807,0.48,-542.53,-21.96,-127.23,-44.12,5.77
19808,0.81,-115.49,-22.91,-49.64,-32.64,5.77
19809,1.00,-864.84,-22.76,-237.54,-52.75,5.77
19810,0.54,-559.13,-22.46,-110.39,-36.20,5.77
19811,0.65,-570.62,-17.68,-142.22,-38.35,5.77
19812,0.82,-40.65,-26.12,-33.11,-31.33,5.77
19813,0.56,-136.07,-16.35,-56.44,-32.49,6.09
19814,1.04,-548.78,-21.02,-117.47,-30.40,6.73
19815,0.50,-855.47,-18.59,-209.68,-42.80,6.73
19816,0.56,-40.78,-16.88,-28.15,-30.14,6.73
19817,0.72,-1002.07,-25.42,-309.84,-139.84,6.73
19818,0.67,-44.85,-23.90,-31.62,-31.80,7.37
19819,0.77,-772.22,-25.37,-221.42,-46.87,7.37
19820,0.96,-611.13,-42.48,-151.10,-52.96,7.37
19821,0.65,-117.43,-26.45,-47.89,-37.28,7.37
19822,0.87,-45.64,-25.24,-36.10,-38.19,7.37
19823,0.50,-824.54,-19.29,-287.38,-321.79,7.37
19824,0.65,-638.21,-16.69,-119.14,-28.43,7.37
19825,1.09,-568.20,-23.63,-125.45,-39.73,7.37
19826,1.05,-569.99,-25.40,-192.05,-51.49,7.37
19827,0.57,-866.83,-14.08,-342.42,-53.21,6.73
19828,0.45,-637.36,-25.45,-134.72,-37.72,6.73
19829,0.62,-981.63,-18.15,-286.95,-38.00,7.37
19830,1.04,-314.55,-23.96,-102.58,-47.47,7.37
19831,0.76,-50.60,-22.65,-36.03,-36.47,7.37
19832,1.08,-38.59,-13.70,-29.07,-30.60,7.05
19833,0.57,-621.95,-21.25,-193.67,-35.51,7.05
19834,0.72,-164.54,-23.72,-65.21,-40.61,7.05
19835,1.35,-85.77,-16.60,-41.11,-36.69,7.05
19836,0.70,-136.72,-28.45,-68.74,-48.43,6.09
19837,0.63,-47.71,-25.19,-37.05,-35.39,5.77
19838,0.40,-617.85,-25.03,-131.76,-37.02,5.77
19839,0.62,-844.27,-14.36,-256.55,-123.00,5.77
19840,0.67,-752.74,-26.03,-219.29,-33.40,5.77
19841,0.75,-110.99,-19.33,-45.51,-36.47,5.77
19842,1.01,-1487.77,-23.44,-381.50,-48.34,5.77
19843,0.87,-797.01,-16.32,-188.39,-50.10,5.77
19844,0.72,-1139.34,-15.39,-273.20,-61.39,5.77
19845,0.55,-730.57,-22.36,-157.01,-46.02,5.77
19846,0.66,-936.31,-18.94,-247.83,-38.42,5.77
19847,0.62,-269.20,-19.72,-64.35,-25.87,5.77
19848,0.58,-57.45,-23.82,-33.11,-30.94,5.77
19849,0.54,-259.02,-28.26,-67.53,-34.03,5.13
19850,0.72,-887.28,-26.84,-220.77,-31.39,5.13
19851,1.00,-440.17,-21.18,-145.57,-54.03,5.13
19852,0.49,-640.50,-16.99,-207.52,-48.11,5.13
19853,0.87,-562.63,-21.70,-193.40,-126.60,5.13
19854,0.99,-816.39,-29.92,-253.33,-131.29,5.13
19855,0.61,-370.03,-19.84,-93.51,-35.78,5.13
19856,0.77,-1283.49,-29.28,-415.28,-45.72,5.13
19857,0.58,-1018.76,-22.39,-194.87,-37.68,5.13
19858,0.58,-136.68,-17.30,-53.40,-30.60,4.49
19859,1.03,-950.02,-19.51,-209.70,-40.03,4.17
19860,0.59,-1171.74,-29.25,-295.93,-183.66,4.17
19861,0.54,-848.61,-22.78,-337.01,-37.86,4.17
19862,0.32,-559.74,-17.99,-193.54,-35.05,4.17
19863,0.58,-271.34,-17.14,-61.61,-29.01,5.13
19864,0.36,-42.12,-17.90,-24.61,-22.44,5.13
19865,0.32,-612.48,-19.91,-107.83,-22.17,5.13
19866,0.48,-204.30,-20.12,-57.27,-28.89,5.13
19867,0.35,-111.01,-23.33,-62.80,-74.55,5.13
19868,0.69,-1091.07,-21.93,-334.01,-71.73,4.49
19869,0.38,-63.34,-19.23,-29.83,-22.99,3.53
19870,0.50,-356.89,-20.01,-73.29,-28.58,3.53
19871,0.48,-796.94,-17.74,-170.01,-37.90,3.53
19872,0.70,-1002.68,-20.63,-339.41,-135.46,3.53
19873,0.84,-585.36,-20.80,-198.21,-97.81,3.53
19874,0.33,-656.64,-21.50,-115.61,-26.30,3.53
19875,0.47,-334.55,-20.65,-145.24,-137.06,3.53
19876,0.50,-841.37,-21.66,-334.89,-35.95,3.53
19877,0.32,-336.10,-28.68,-151.93,-130.16,4.17
19878,1.71,-1761.26,-23.45,-477.17,-248.18,4.17
19879,0.73,-850.49,-13.91,-274.27,-130.88,4.17
19880,0.64,-937.03,-19.65,-263.63,-29.13,4.17
19881,0.83,-1004.20,-23.26,-179.40,-39.41,4.17
19882,0.57,-810.06,-27.58,-160.68,-71.21,4.17
19883,0.43,-811.79,-23.16,-173.85,-73.88,4.17
19884,0.56,-891.95,-22.15,-157.25,-30.44,4.49
19885,0.45,-828.26,-14.10,-176.75,-21.34,4.49
19886,0.61,-1082.57,-18.63,-370.13,-295.25,4.49
19887,0.40,-608.89,-22.33,-163.61,-29.20,4.81
19888,1.66,-255.76,-20.46,-57.92,-24.48,4.81
19889,0.69,-978.78,-19.41,-216.04,-113.38,5.13
19890,0.43,-744.21,-25.12,-253.73,-112.93,4.81
19891,1.18,-609.46,-28.29,-210.43,-42.08,5.13
19892,0.52,-975.49,-26.76,-372.24,-60.33,4.17
19893,0.37,-246.50,-21.04,-71.03,-28.92,4.17
19894,0.43,-785.59,-21.22,-227.29,-28.87,3.85
19895,0.64,-551.52,-20.46,-106.29,-35.02,3.85
19896,0.47,-107.60,-19.07,-37.44,-23.87,3.85
19897,0.88,-546.01,-22.81,-108.42,-36.31,3.85
19898,0.61,-974.70,-26.82,-321.65,-49.64,5.45
19899,0.63,-111.77,-28.95,-45.63,-32.83,4.81
19900,0.91,-1070.68,-19.10,-318.63,-42.44,4.49
19901,0.58,-926.45,-17.21,-204.75,-32.61,4.49
19902,0.86,-535.08,-27.45,-113.52,-49.45,4.81
19903,0.44,-340.46,-23.59,-74.32,-33.33,4.81
19904,0.56,-793.54,-24.91,-159.59,-39.76,4.81
19905,0.62,-599.52,-17.53,-139.90,-33.88,3.85
19906,0.55,-600.04,-16.68,-244.89,-144.82,3.85
19907,0.72,-631.94,-30.28,-168.96,-44.92,3.85
19908,1.05,-575.14,-14.97,-226.40,-110.30,3.85
19909,0.49,-937.91,-16.76,-250.07,-45.31,3.85
19910,0.98,-1112.79,-40.04,-312.40,-138.45,4.49
19911,1.67,-814.97,-23.07,-173.77,-37.52,4.81
19912,0.69,-738.41,-22.64,-159.94,-47.15,4.81
19913,0.67,-824.44,-30.22,-251.69,-62.56,4.81
19914,0.92,-577.12,-19.05,-151.73,-47.94,4.81
19915,0.63,-973.03,-24.52,-182.26,-36.84,4.81
19916,0.74,-632.57,-21.05,-188.58,-42.68,4.49
19917,0.90,-144.38,-26.14,-71.41,-63.97,4.49
19918,0.67,-573.71,-23.18,-111.84,-34.14,4.49
19919,0.63,-964.64,-22.81,-270.08,-32.88,4.49
19920,0.58,-300.24,-25.20,-101.03,-65.79,4.49
19921,0.57,-811.21,-22.49,-332.25,-41.70,4.49
19922,0.49,-836.18,-30.69,-188.57,-116.03,4.49
19923,1.05,-637.67,-34.21,-282.42,-244.12,4.49
19924,0.52,-594.46,-30.99,-198.45,-45.16,4.49
19925,0.71,-569.31,-22.89,-109.27,-34.15,4.49
19926,0.66,-452.05,-30.05,-131.12,-54.21,4.49
19927,0.82,-970.88,-17.19,-198.29,-60.73,4.49
19928,0.46,-562.57,-53.49,-196.61,-128.29,4.49
19929,0.81,-139.63,-20.88,-46.08,-32.82,4.49
19930,0.58,-570.01,-24.95,-165.18,-43.11,4.49
19931,1.07,-51.72,-22.60,-37.43,-36.65,4.49
19932,1.09,-137.70,-20.59,-47.75,-32.53,5.45
19933,1.12,-343.75,-22.61,-114.95,-40.54,5.45
19934,0.85,-584.66,-23.39,-149.30,-27.74,5.13
19935,0.66,-903.77,-29.05,-462.43,-574.02,5.13
19936,0.54,-61.12,-17.03,-37.61,-34.89,5.13
19937,1.34,-1238.69,-19.65,-396.39,-108.01,5.13
19938,0.79,-825.79,-25.12,-347.80,-295.26,5.13
19939,0.91,-633.55,-25.25,-280.86,-57.03,5.13
19940,0.53,-835.99,-16.60,-142.07,-25.80,5.77
19941,0.46,-139.71,-21.04,-51.98,-31.82,5.77
19942,0.40,-552.37,-18.55,-203.99,-38.34,5.77
19943,0.51,-815.22,-37.43,-235.51,-135.40,4.81
19944,0.49,-577.00,-30.92,-113.60,-36.83,4.49
19945,0.61,-913.41,-21.42,-232.07,-109.83,4.49
19946,1.03,-354.73,-20.62,-81.08,-29.82,4.49
19947,1.04,-562.29,-14.96,-177.71,-25.80,4.49
19948,0.76,-1484.54,-29.52,-317.92,-40.16,4.49
19949,0.43,-593.97,-28.79,-124.53,-34.81,4.49
19950,0.65,-1032.60,-22.33,-369.98,-58.74,4.49
19951,0.82,-964.58,-17.64,-391.70,-310.41,4.49
19952,0.49,-564.20,-25.55,-124.03,-43.31,4.49
19953,0.65,-316.68,-22.47,-116.78,-43.25,4.49
19954,1.64,-584.08,-20.34,-144.85,-42.57,3.85
19955,0.51,-571.23,-26.53,-118.16,-37.92,3.85
19956,0.52,-568.73,-13.28,-107.10,-31.37,3.85
19957,0.76,-1450.35,-25.28,-415.01,-287.06,3.85
19958,0.62,-540.60,-19.18,-164.83,-35.20,3.85
19959,0.45,-599.68,-32.49,-218.65,-124.71,3.85
19960,0.54,-610.80,-25.49,-215.56,-174.70,3.85
19961,0.41,-561.60,-29.28,-133.85,-43.91,3.85
19962,0.60,-1104.66,-31.24,-379.33,-273.33,3.85
19963,0.62,-848.65,-26.77,-181.81,-39.23,4.17
19964,0.52,-545.31,-34.59,-205.85,-112.51,5.13
19965,0.68,-1234.86,-22.42,-347.75,-127.83,5.13
19966,0.46,-110.27,-15.29,-41.85,-35.26,5.13
19967,1.18,-327.89,-29.04,-114.29,-43.74,5.13
19968,0.61,-97.71,-26.44,-51.83,-42.77,5.77
19969,0.54,-839.06,-32.93,-176.53,-41.27,5.77
19970,0.62,-1066.26,-30.64,-292.58,-114.17,5.77
19971,0.69,-456.17,-27.68,-104.62,-42.00,5.77
19972,0.49,-379.96,-16.36,-117.47,-30.30,5.77
19973,0.47,-597.65,-19.07,-112.59,-35.79,5.77
19974,0.75,-45.51,-19.86,-32.65,-33.17,5.77
19975,0.84,-1287.76,-18.50,-290.43,-38.39,5.77
19976,0.49,-868.70,-24.81,-154.43,-34.81,5.77
19977,0.73,-862.70,-25.41,-231.50,-47.13,5.77
19978,0.67,-133.57,-20.36,-68.15,-39.51,4.81
19979,1.19,-577.66,-22.40,-120.98,-36.48,4.81
19980,0.49,-575.28,-15.66,-187.65,-43.51,4.81
19981,0.40,-610.09,-12.04,-155.90,-49.33,4.81
19982,0.70,-129.73,-24.05,-71.44,-55.60,4.81
19983,0.40,-587.21,-18.74,-155.00,-26.75,4.81
19984,0.70,-294.57,-16.80,-82.28,-33.55,5.13
19985,0.70,-307.09,-20.41,-75.00,-35.90,5.77
19986,0.67,-866.32,-22.91,-413.77,-553.96,6.09
19987,0.72,-563.51,-36.11,-128.66,-49.50,5.77
19988,0.69,-835.60,-27.76,-270.75,-127.62,5.77
19989,1.01,-562.92,-23.90,-113.37,-43.00,5.77
19990,1.02,-594.43,-22.65,-210.98,-99.22,5.13
19991,0.77,-957.51,-25.05,-189.73,-48.73,5.45
19992,0.45,-586.14,-18.52,-169.51,-46.27,6.09
19993,0.72,-733.63,-33.15,-177.47,-56.46,5.13
19994,0.70,-39.59,-27.12,-34.56,-36.00,5.13
19995,0.39,-583.97,-30.33,-146.47,-108.96,5.13
19996,0.69,-59.74,-26.92,-40.51,-37.70,5.13
19997,0.74,-874.49,-22.00,-156.24,-34.25,5.13
19998,0.85,-745.31,-25.47,-236.43,-41.15,5.13
19999,1.07,-600.97,-18.05,-171.10,-40.19,5.13
